4, 10001, 592, 639, 132, 97, 0.6084391474723816, -1, 1.0
5, 10001, 591, 639, 133, 97, 0.6028748750686646, -1, 1.0
6, 10001, 591, 639, 133, 97, 0.6070461273193359, -1, 1.0
7, 10001, 591, 639, 133, 97, 0.6092219948768616, -1, 1.0
8, 10001, 591, 639, 133, 97, 0.6106314659118652, -1, 1.0
9, 10001, 592, 639, 132, 97, 0.6122394800186157, -1, 1.0
10, 10001, 592, 639, 132, 97, 0.6200619339942932, -1, 1.0
11, 10001, 592, 639, 132, 97, 0.6217522025108337, -1, 1.0
12, 10001, 592, 639, 132, 97, 0.6224834322929382, -1, 1.0
13, 10001, 592, 639, 132, 97, 0.6101126670837402, -1, 1.0
14, 10001, 593, 639, 131, 97, 0.6031098365783691, -1, 1.0
15, 10001, 593, 640, 131, 96, 0.6089521646499634, -1, 1.0
16, 10001, 593, 640, 131, 96, 0.6185719966888428, -1, 1.0
17, 10001, 593, 640, 131, 96, 0.6158783435821533, -1, 1.0
18, 10001, 593, 640, 131, 96, 0.619417667388916, -1, 1.0
19, 10001, 593, 640, 131, 96, 0.6194746494293213, -1, 1.0
20, 10001, 593, 640, 131, 96, 0.619715690612793, -1, 1.0
21, 10001, 593, 640, 131, 96, 0.627355694770813, -1, 1.0
22, 10001, 593, 640, 131, 96, 0.6287161111831665, -1, 1.0
23, 10001, 593, 640, 131, 96, 0.6330845952033997, -1, 1.0
24, 10001, 593, 640, 131, 96, 0.633028507232666, -1, 1.0
25, 10001, 593, 639, 130, 96, 0.6097116470336914, -1, 1.0
26, 10001, 593, 640, 130, 96, 0.6079046726226807, -1, 1.0
27, 10001, 593, 640, 130, 96, 0.6095011234283447, -1, 1.0
28, 10001, 593, 640, 130, 96, 0.6094577312469482, -1, 1.0
29, 10001, 593, 639, 130, 96, 0.6058059930801392, -1, 1.0
30, 10001, 593, 640, 130, 96, 0.6011590957641602, -1, 1.0
31, 10001, 593, 640, 130, 96, 0.5993925333023071, -1, 1.0
32, 10001, 593, 639, 130, 96, 0.5957055687904358, -1, 1.0
33, 10001, 592, 640, 131, 96, 0.5768271684646606, -1, 1.0
34, 10001, 591, 640, 131, 96, 0.5681173801422119, -1, 1.0
35, 10001, 591, 640, 132, 96, 0.5718802809715271, -1, 1.0
36, 10001, 591, 640, 132, 96, 0.5662012696266174, -1, 1.0
37, 10001, 592, 640, 131, 96, 0.5927110314369202, -1, 1.0
38, 10001, 592, 640, 131, 96, 0.5920779705047607, -1, 1.0
39, 10001, 592, 640, 131, 96, 0.5875608921051025, -1, 1.0
40, 10001, 593, 640, 131, 96, 0.5949714183807373, -1, 1.0
41, 10001, 593, 640, 131, 96, 0.6025695204734802, -1, 1.0
42, 10001, 592, 640, 132, 96, 0.600841760635376, -1, 1.0
43, 10001, 591, 640, 132, 96, 0.5931265354156494, -1, 1.0
44, 10001, 591, 640, 132, 96, 0.5931695699691772, -1, 1.0
45, 10001, 591, 640, 132, 96, 0.5912281274795532, -1, 1.0
46, 10001, 591, 640, 133, 96, 0.5935958027839661, -1, 1.0
47, 10001, 591, 640, 133, 96, 0.6067952513694763, -1, 1.0
48, 10001, 591, 640, 133, 96, 0.6028680801391602, -1, 1.0
49, 10001, 590, 640, 134, 97, 0.5868071913719177, -1, 1.0
50, 10001, 590, 639, 134, 97, 0.5837061405181885, -1, 1.0
51, 10001, 590, 639, 134, 97, 0.5754907131195068, -1, 1.0
52, 10001, 590, 639, 134, 97, 0.57880038022995, -1, 1.0
53, 10001, 590, 639, 134, 97, 0.576161801815033, -1, 1.0
54, 10001, 590, 639, 134, 97, 0.5797752737998962, -1, 1.0
55, 10001, 590, 639, 134, 97, 0.5761204957962036, -1, 1.0
56, 10001, 589, 639, 134, 97, 0.5782808661460876, -1, 1.0
57, 10001, 589, 639, 135, 97, 0.5761839747428894, -1, 1.0
58, 10001, 589, 639, 135, 97, 0.5747544765472412, -1, 1.0
59, 10001, 589, 639, 135, 97, 0.5709956288337708, -1, 1.0
60, 10001, 589, 639, 135, 97, 0.5804750323295593, -1, 1.0
61, 10001, 589, 639, 134, 97, 0.5784627199172974, -1, 1.0
62, 10001, 590, 639, 134, 97, 0.5829946994781494, -1, 1.0
63, 10001, 592, 640, 132, 96, 0.51601243019104, -1, 1.0
64, 10001, 592, 640, 132, 96, 0.515626847743988, -1, 1.0
65, 10001, 592, 640, 131, 96, 0.5070239901542664, -1, 1.0
66, 10001, 592, 640, 131, 96, 0.5042206048965454, -1, 1.0
67, 10001, 592, 640, 131, 96, 0.5130367279052734, -1, 1.0
68, 10001, 592, 640, 131, 96, 0.5106976628303528, -1, 1.0
69, 10001, 592, 640, 131, 96, 0.5233058929443359, -1, 1.0
70, 10001, 592, 640, 131, 96, 0.5157051682472229, -1, 1.0
71, 10001, 593, 640, 131, 96, 0.5204951167106628, -1, 1.0
72, 10001, 592, 640, 132, 96, 0.5146166086196899, -1, 1.0
73, 10001, 592, 640, 132, 96, 0.5147184729576111, -1, 1.0
74, 10001, 592, 640, 132, 96, 0.5216805934906006, -1, 1.0
75, 10001, 592, 640, 132, 96, 0.5250403881072998, -1, 1.0
76, 10001, 592, 640, 132, 96, 0.5127048492431641, -1, 1.0
77, 10001, 592, 640, 132, 96, 0.5272315144538879, -1, 1.0
78, 10001, 591, 640, 132, 96, 0.5234260559082031, -1, 1.0
79, 10001, 592, 640, 132, 96, 0.5240545272827148, -1, 1.0
80, 10001, 592, 640, 132, 96, 0.5277729034423828, -1, 1.0
81, 10001, 591, 640, 132, 96, 0.5203981399536133, -1, 1.0
82, 10001, 591, 640, 132, 96, 0.5097083449363708, -1, 1.0
83, 10001, 591, 639, 132, 97, 0.5185954570770264, -1, 1.0
84, 10001, 591, 639, 132, 97, 0.5113313794136047, -1, 1.0
85, 10001, 591, 639, 132, 97, 0.5148641467094421, -1, 1.0
86, 10001, 590, 639, 133, 97, 0.5028813481330872, -1, 1.0
87, 10001, 590, 639, 133, 97, 0.5023998022079468, -1, 1.0
88, 10001, 590, 639, 133, 97, 0.5082590579986572, -1, 1.0
89, 10001, 590, 639, 133, 97, 0.5213935971260071, -1, 1.0
90, 10001, 591, 639, 132, 97, 0.5434671640396118, -1, 1.0
91, 10001, 591, 639, 132, 97, 0.5463913083076477, -1, 1.0
92, 10001, 591, 639, 132, 97, 0.548195481300354, -1, 1.0
93, 10001, 591, 639, 132, 97, 0.5366843938827515, -1, 1.0
94, 10001, 591, 639, 132, 97, 0.5321632623672485, -1, 1.0
95, 10001, 591, 639, 132, 97, 0.5231824517250061, -1, 1.0
96, 10001, 591, 639, 132, 97, 0.5230385065078735, -1, 1.0
97, 10001, 591, 640, 132, 97, 0.515114963054657, -1, 1.0
100, 10011, 513, 1129, 756, 441, 0.922612190246582, -1, 1.0
101, 10011, 731, 1127, 661, 388, 0.9439061284065248, -1, 1.0
102, 10011, 913, 1126, 566, 338, 0.9298372864723206, -1, 1.0
103, 10011, 1065, 1127, 478, 293, 0.8809991478919983, -1, 1.0
104, 10011, 1192, 1128, 400, 251, 0.789592444896698, -1, 1.0
105, 10011, 1296, 1132, 333, 214, 0.8792951107025146, -1, 1.0
106, 10011, 1387, 1134, 270, 178, 0.909238874912262, -1, 1.0
107, 10011, 1467, 1138, 213, 144, 0.8957800269126892, -1, 1.0
108, 10013, 1535, 1108, 206, 152, 0.9125137329101562, -1, 1.0
109, 10013, 1567, 1101, 192, 143, 0.923340141773224, -1, 1.0
110, 10013, 1600, 1098, 177, 133, 0.8742773532867432, -1, 1.0
111, 10013, 1625, 1095, 165, 125, 0.8753676414489746, -1, 1.0
112, 10014, 588, 639, 136, 97, 0.8230198621749878, -1, 1.0
112, 10013, 1647, 1090, 155, 118, 0.5058490037918091, -1, 1.0
113, 10013, 1667, 1082, 143, 111, 0.7866391539573669, -1, 1.0
114, 10013, 1684, 1078, 131, 103, 0.679153323173523, -1, 1.0
115, 10014, 588, 640, 136, 96, 0.591586709022522, -1, 1.0
115, 10013, 1699, 1075, 121, 98, 0.5045541524887085, -1, 1.0
116, 10014, 590, 641, 134, 95, 0.5131502747535706, -1, 1.0
117, 10014, 591, 641, 134, 95, 0.5160230398178101, -1, 1.0
118, 10014, 591, 641, 133, 95, 0.5124195218086243, -1, 1.0
119, 10014, 590, 640, 134, 96, 0.6128875017166138, -1, 1.0
120, 10014, 590, 640, 134, 96, 0.5229892730712891, -1, 1.0
121, 10014, 590, 640, 134, 96, 0.5222486853599548, -1, 1.0
122, 10014, 590, 640, 134, 96, 0.5204468965530396, -1, 1.0
123, 10014, 590, 640, 134, 96, 0.5225548148155212, -1, 1.0
124, 10014, 590, 640, 134, 96, 0.521978497505188, -1, 1.0
125, 10014, 590, 640, 134, 96, 0.5150451064109802, -1, 1.0
126, 10014, 590, 640, 134, 96, 0.5380331873893738, -1, 1.0
127, 10014, 590, 640, 134, 96, 0.505073606967926, -1, 1.0
128, 10014, 590, 640, 134, 96, 0.5054810047149658, -1, 1.0
140, 10016, 585, 637, 139, 99, 0.5073136687278748, -1, 1.0
141, 10016, 585, 637, 140, 99, 0.50499427318573, -1, 1.0
142, 10016, 586, 637, 139, 99, 0.5188575983047485, -1, 1.0
143, 10016, 587, 638, 139, 99, 0.5350093245506287, -1, 1.0
144, 10016, 587, 638, 139, 98, 0.5246156454086304, -1, 1.0
145, 10016, 587, 638, 139, 99, 0.5077109336853027, -1, 1.0
146, 10016, 587, 637, 139, 99, 0.5177615880966187, -1, 1.0
147, 10016, 586, 637, 139, 99, 0.5222664475440979, -1, 1.0
148, 10016, 586, 637, 139, 99, 0.5231013298034668, -1, 1.0
151, 10017, 585, 637, 141, 99, 0.5061474442481995, -1, 1.0
152, 10017, 584, 637, 141, 99, 0.5150874257087708, -1, 1.0
153, 10017, 585, 638, 140, 98, 0.5659855008125305, -1, 1.0
154, 10017, 585, 638, 139, 98, 0.5615538954734802, -1, 1.0
155, 10017, 586, 639, 138, 97, 0.554732620716095, -1, 1.0
156, 10017, 586, 639, 138, 97, 0.5413156747817993, -1, 1.0
157, 10017, 586, 639, 138, 97, 0.5627005696296692, -1, 1.0
158, 10017, 586, 639, 138, 97, 0.5603052377700806, -1, 1.0
159, 10017, 588, 639, 137, 97, 0.5849850177764893, -1, 1.0
160, 10017, 588, 639, 136, 96, 0.5749617218971252, -1, 1.0
161, 10017, 588, 639, 136, 96, 0.5708779692649841, -1, 1.0
162, 10017, 589, 639, 135, 96, 0.561333179473877, -1, 1.0
163, 10017, 589, 640, 135, 95, 0.5521532893180847, -1, 1.0
164, 10017, 590, 640, 135, 96, 0.5735337734222412, -1, 1.0
165, 10017, 590, 640, 134, 96, 0.5810786485671997, -1, 1.0
166, 10017, 590, 640, 134, 96, 0.5694305300712585, -1, 1.0
167, 10017, 589, 639, 134, 96, 0.5574983954429626, -1, 1.0
168, 10017, 590, 639, 134, 96, 0.5779834389686584, -1, 1.0
169, 10017, 590, 639, 134, 97, 0.5971629023551941, -1, 1.0
170, 10017, 590, 639, 134, 96, 0.6180391311645508, -1, 1.0
171, 10017, 590, 639, 134, 96, 0.6129764914512634, -1, 1.0
172, 10017, 590, 640, 134, 96, 0.5864105820655823, -1, 1.0
173, 10017, 589, 639, 134, 96, 0.6232609152793884, -1, 1.0
174, 10017, 589, 639, 134, 96, 0.6280508041381836, -1, 1.0
175, 10017, 589, 639, 135, 96, 0.6449485421180725, -1, 1.0
176, 10017, 588, 639, 136, 96, 0.607262134552002, -1, 1.0
177, 10017, 588, 639, 135, 96, 0.5809718370437622, -1, 1.0
178, 10017, 587, 639, 136, 97, 0.5380929112434387, -1, 1.0
179, 10017, 587, 639, 136, 97, 0.5461198091506958, -1, 1.0
180, 10017, 589, 639, 135, 96, 0.6252054572105408, -1, 1.0
181, 10017, 590, 639, 135, 96, 0.6160982251167297, -1, 1.0
186, 10019, 585, 639, 139, 97, 0.5371398329734802, -1, 1.0
187, 10019, 585, 639, 139, 97, 0.545483410358429, -1, 1.0
188, 10019, 586, 640, 138, 96, 0.5445771813392639, -1, 1.0
189, 10019, 586, 639, 138, 97, 0.5394949913024902, -1, 1.0
190, 10019, 584, 639, 140, 97, 0.5475689768791199, -1, 1.0
191, 10019, 582, 639, 141, 97, 0.5372341275215149, -1, 1.0
192, 10019, 582, 639, 142, 98, 0.525155782699585, -1, 1.0
193, 10019, 581, 638, 143, 98, 0.5350667238235474, -1, 1.0
194, 10019, 581, 638, 143, 98, 0.5326684713363647, -1, 1.0
195, 10019, 581, 638, 144, 98, 0.5411606431007385, -1, 1.0
196, 10019, 582, 638, 143, 98, 0.5665850043296814, -1, 1.0
197, 10019, 582, 638, 143, 98, 0.5671368837356567, -1, 1.0
198, 10019, 583, 638, 143, 98, 0.5699421763420105, -1, 1.0
199, 10019, 582, 638, 143, 98, 0.5605360269546509, -1, 1.0
200, 10019, 583, 638, 142, 98, 0.5575321912765503, -1, 1.0
201, 10019, 584, 638, 142, 98, 0.5625072121620178, -1, 1.0
202, 10019, 584, 638, 142, 98, 0.6001860499382019, -1, 1.0
203, 10019, 585, 638, 141, 98, 0.5981448888778687, -1, 1.0
204, 10019, 584, 638, 141, 98, 0.5989441871643066, -1, 1.0
205, 10019, 585, 639, 140, 98, 0.5906874537467957, -1, 1.0
206, 10019, 584, 639, 140, 98, 0.5883415937423706, -1, 1.0
207, 10019, 583, 638, 141, 98, 0.5900921821594238, -1, 1.0
208, 10019, 584, 638, 141, 98, 0.5795361399650574, -1, 1.0
209, 10019, 583, 638, 142, 98, 0.5880627632141113, -1, 1.0
210, 10019, 583, 638, 142, 98, 0.5945071578025818, -1, 1.0
211, 10019, 583, 638, 142, 98, 0.5703670978546143, -1, 1.0
212, 10019, 583, 638, 142, 98, 0.5477547645568848, -1, 1.0
213, 10019, 582, 638, 142, 98, 0.5170319676399231, -1, 1.0
214, 10019, 584, 638, 141, 98, 0.5288589596748352, -1, 1.0
215, 10019, 584, 638, 140, 98, 0.526942789554596, -1, 1.0
216, 10019, 587, 637, 138, 98, 0.5168005228042603, -1, 1.0
217, 10019, 587, 637, 138, 98, 0.5000050067901611, -1, 1.0
218, 10019, 589, 637, 136, 98, 0.5230221152305603, -1, 1.0
224, 10021, 577, 636, 145, 101, 0.5209909081459045, -1, 1.0
225, 10021, 584, 636, 142, 101, 0.5667650103569031, -1, 1.0
226, 10021, 585, 635, 142, 101, 0.6358305811882019, -1, 1.0
227, 10021, 584, 635, 142, 101, 0.5473291277885437, -1, 1.0
228, 10021, 582, 635, 143, 101, 0.5360254645347595, -1, 1.0
229, 10022, 1674, 942, 59, 55, 0.6447772979736328, -1, 1.0
230, 10022, 1673, 944, 60, 55, 0.7161864638328552, -1, 1.0
231, 10022, 1673, 945, 61, 55, 0.7010147571563721, -1, 1.0
232, 10022, 1672, 945, 61, 57, 0.7332245111465454, -1, 1.0
233, 10022, 1671, 945, 63, 58, 0.7623677253723145, -1, 1.0
234, 10022, 1670, 946, 63, 59, 0.7910779714584351, -1, 1.0
235, 10022, 1669, 947, 63, 59, 0.7737805843353271, -1, 1.0
236, 10022, 1667, 948, 64, 59, 0.7866551280021667, -1, 1.0
237, 10022, 1664, 949, 66, 60, 0.8138136267662048, -1, 1.0
238, 10022, 1661, 949, 68, 60, 0.8198918104171753, -1, 1.0
239, 10022, 1659, 950, 70, 61, 0.8293765187263489, -1, 1.0
240, 10022, 1657, 953, 71, 61, 0.8146185874938965, -1, 1.0
241, 10022, 1655, 957, 73, 61, 0.7958831191062927, -1, 1.0
242, 10022, 1653, 957, 74, 63, 0.8162336349487305, -1, 1.0
243, 10022, 1649, 957, 77, 65, 0.8001523613929749, -1, 1.0
244, 10022, 1645, 956, 79, 66, 0.8035296201705933, -1, 1.0
245, 10022, 1640, 957, 82, 67, 0.7907525897026062, -1, 1.0
246, 10022, 1632, 960, 85, 69, 0.7745360732078552, -1, 1.0
247, 10022, 1626, 963, 87, 69, 0.7818992137908936, -1, 1.0
248, 10022, 1621, 966, 87, 70, 0.7678979635238647, -1, 1.0
249, 10022, 1616, 972, 87, 69, 0.8262394666671753, -1, 1.0
250, 10022, 1612, 973, 87, 68, 0.8039876818656921, -1, 1.0
251, 10022, 1607, 976, 87, 67, 0.8263907432556152, -1, 1.0
252, 10022, 1601, 977, 89, 68, 0.835890531539917, -1, 1.0
253, 10022, 1594, 980, 91, 69, 0.8524686694145203, -1, 1.0
254, 10022, 1588, 981, 92, 70, 0.8395794630050659, -1, 1.0
255, 10022, 1582, 981, 94, 71, 0.8352463841438293, -1, 1.0
256, 10022, 1574, 984, 95, 73, 0.8315281271934509, -1, 1.0
257, 10022, 1563, 983, 99, 75, 0.8351180553436279, -1, 1.0
258, 10022, 1552, 983, 103, 78, 0.8194357752799988, -1, 1.0
259, 10022, 1542, 984, 106, 81, 0.8825546503067017, -1, 1.0
260, 10022, 1530, 985, 112, 85, 0.8691005706787109, -1, 1.0
261, 10022, 1514, 987, 117, 86, 0.8578243851661682, -1, 1.0
262, 10022, 1500, 988, 122, 88, 0.9023773074150084, -1, 1.0
263, 10022, 1485, 987, 127, 92, 0.8840718865394592, -1, 1.0
264, 10022, 1468, 983, 132, 97, 0.8434004783630371, -1, 1.0
265, 10022, 1453, 983, 136, 100, 0.7972082495689392, -1, 1.0
266, 10022, 1434, 987, 141, 103, 0.7251136898994446, -1, 1.0
267, 10022, 1413, 987, 146, 106, 0.9067395925521852, -1, 1.0
268, 10022, 1391, 987, 151, 110, 0.894748866558075, -1, 1.0
269, 10022, 1367, 985, 157, 113, 0.9041628837585448, -1, 1.0
270, 10022, 1338, 983, 165, 119, 0.6521574854850769, -1, 1.0
271, 10022, 1310, 983, 173, 124, 0.7002959251403809, -1, 1.0
272, 10022, 1273, 979, 184, 130, 0.756841242313385, -1, 1.0
273, 10022, 1237, 981, 194, 134, 0.766819953918457, -1, 1.0
274, 10022, 1196, 981, 204, 139, 0.786673367023468, -1, 1.0
275, 10022, 1150, 979, 217, 145, 0.7759213447570801, -1, 1.0
276, 10022, 1098, 978, 230, 151, 0.7738151550292969, -1, 1.0
277, 10022, 1042, 976, 247, 158, 0.7955838441848755, -1, 1.0
278, 10022, 981, 972, 265, 166, 0.8116016983985901, -1, 1.0
279, 10022, 908, 966, 287, 175, 0.8259850740432739, -1, 1.0
280, 10022, 828, 962, 310, 184, 0.8390420079231262, -1, 1.0
281, 10022, 738, 955, 336, 194, 0.8290765285491943, -1, 1.0
282, 10022, 635, 947, 367, 207, 0.8317148685455322, -1, 1.0
283, 10022, 516, 939, 402, 220, 0.8331934213638306, -1, 1.0
284, 10022, 376, 926, 445, 235, 0.832417368888855, -1, 1.0
285, 10022, 215, 915, 494, 253, 0.7834115028381348, -1, 1.0
286, 10022, 143, 905, 481, 262, 0.8045296669006348, -1, 1.0
294, 10025, 1569, 980, 99, 75, 0.8153917193412781, -1, 1.0
295, 10025, 1560, 981, 102, 76, 0.8286740183830261, -1, 1.0
296, 10025, 1549, 983, 105, 77, 0.5524181723594666, -1, 1.0
297, 10026, 589, 640, 134, 95, 0.8909358978271484, -1, 1.0
297, 10025, 1538, 986, 109, 79, 0.5414025187492371, -1, 1.0
298, 10026, 589, 640, 134, 95, 0.8527041673660278, -1, 1.0
298, 10025, 1525, 987, 115, 81, 0.5293954610824585, -1, 1.0
299, 10026, 591, 640, 133, 95, 0.9028325080871582, -1, 1.0
299, 10025, 1511, 988, 119, 84, 0.5299043655395508, -1, 1.0
300, 10026, 590, 640, 133, 95, 0.8909966945648193, -1, 1.0
300, 10025, 1496, 988, 125, 87, 0.5261002779006958, -1, 1.0
301, 10026, 590, 640, 133, 95, 0.809147834777832, -1, 1.0
301, 10025, 1482, 988, 129, 91, 0.5481524467468262, -1, 1.0
302, 10026, 590, 640, 133, 95, 0.8768724203109741, -1, 1.0
302, 10025, 1464, 986, 134, 94, 0.5342347621917725, -1, 1.0
303, 10026, 589, 639, 134, 96, 0.8902763724327087, -1, 1.0
303, 10025, 1448, 986, 139, 98, 0.5781294107437134, -1, 1.0
304, 10025, 1428, 988, 144, 100, 0.6286174058914185, -1, 1.0
305, 10025, 1408, 990, 149, 104, 0.6316400170326233, -1, 1.0
306, 10025, 1381, 988, 155, 107, 0.6225738525390625, -1, 1.0
307, 10025, 1355, 985, 164, 113, 0.7043778300285339, -1, 1.0
308, 10025, 1323, 981, 174, 120, 0.6954881548881531, -1, 1.0
309, 10025, 1291, 979, 185, 127, 0.6312145590782166, -1, 1.0
310, 10025, 1252, 978, 196, 133, 0.6657667756080627, -1, 1.0
311, 10025, 1210, 977, 208, 139, 0.729077160358429, -1, 1.0
312, 10025, 1162, 978, 223, 145, 0.7813889384269714, -1, 1.0
313, 10025, 1108, 976, 242, 152, 0.7685540914535522, -1, 1.0
314, 10025, 1046, 974, 262, 159, 0.8012700080871582, -1, 1.0
315, 10025, 978, 970, 284, 167, 0.8038149476051331, -1, 1.0
316, 10025, 902, 966, 310, 176, 0.8265822529792786, -1, 1.0
317, 10025, 819, 959, 338, 185, 0.814222514629364, -1, 1.0
318, 10025, 722, 951, 370, 197, 0.8088477253913879, -1, 1.0
319, 10025, 611, 942, 405, 207, 0.843071699142456, -1, 1.0
320, 10025, 482, 932, 450, 221, 0.8353275060653687, -1, 1.0
321, 10025, 331, 919, 503, 238, 0.8023554086685181, -1, 1.0
322, 10025, 160, 904, 564, 254, 0.7979021072387695, -1, 1.0
323, 10025, 43, 890, 583, 269, 0.80336594581604, -1, 1.0
324, 10025, 0, 894, 524, 270, 0.7773692011833191, -1, 1.0
325, 10025, 0, 893, 401, 273, 0.7806453704833984, -1, 1.0
348, 10028, 1268, 971, 194, 130, 0.546723484992981, -1, 1.0
349, 10028, 1231, 971, 202, 134, 0.9068374037742616, -1, 1.0
350, 10028, 1189, 971, 213, 139, 0.9178593754768372, -1, 1.0
351, 10028, 1144, 968, 228, 145, 0.9240579009056092, -1, 1.0
352, 10028, 1093, 967, 247, 152, 0.934643030166626, -1, 1.0
353, 10028, 1035, 966, 266, 159, 0.9433783292770386, -1, 1.0
354, 10028, 970, 964, 287, 166, 0.95300954580307, -1, 1.0
355, 10028, 901, 960, 310, 174, 0.9380922913551332, -1, 1.0
356, 10028, 823, 952, 335, 185, 0.9381831288337708, -1, 1.0
357, 10028, 732, 945, 366, 196, 0.933039665222168, -1, 1.0
358, 10028, 632, 935, 398, 209, 0.927007257938385, -1, 1.0
359, 10028, 514, 925, 441, 224, 0.9341530203819276, -1, 1.0
360, 10028, 380, 913, 487, 241, 0.9362713098526, -1, 1.0
361, 10028, 229, 903, 539, 256, 0.9416424632072448, -1, 1.0
362, 10028, 164, 897, 533, 262, 0.9389787316322328, -1, 1.0
363, 10031, 0, 903, 424, 255, 0.9416991472244264, -1, 1.0
364, 10031, 0, 913, 261, 216, 0.8443566560745239, -1, 1.0
369, 10032, 702, 1027, 698, 391, 0.6972792744636536, -1, 1.0
370, 10032, 808, 1026, 652, 372, 0.581786036491394, -1, 1.0
371, 10032, 890, 1030, 614, 357, 0.6373165249824524, -1, 1.0
372, 10032, 970, 1034, 574, 336, 0.6731545329093933, -1, 1.0
373, 10032, 1042, 1034, 530, 315, 0.7036864757537842, -1, 1.0
374, 10032, 1111, 1038, 490, 297, 0.6739354729652405, -1, 1.0
375, 10032, 1174, 1042, 451, 281, 0.8728053569793701, -1, 1.0
376, 10032, 1233, 1046, 414, 263, 0.9366174340248108, -1, 1.0
377, 10032, 1286, 1049, 379, 246, 0.8757718801498413, -1, 1.0
378, 10032, 1332, 1054, 350, 230, 0.8213390707969666, -1, 1.0
379, 10032, 1375, 1057, 321, 214, 0.9178413152694702, -1, 1.0
380, 10032, 1413, 1061, 295, 199, 0.8722773194313049, -1, 1.0
381, 10032, 1450, 1063, 271, 184, 0.906177282333374, -1, 1.0
382, 10032, 1479, 1065, 248, 171, 0.8440489172935486, -1, 1.0
383, 10032, 1509, 1068, 228, 160, 0.8804545402526855, -1, 1.0
384, 10032, 1533, 1070, 210, 149, 0.9151224493980408, -1, 1.0
385, 10032, 1559, 1071, 195, 139, 0.9016469717025756, -1, 1.0
386, 10032, 1581, 1073, 178, 128, 0.892601490020752, -1, 1.0
387, 10032, 1601, 1073, 163, 119, 0.895767092704773, -1, 1.0
388, 10032, 1620, 1072, 149, 111, 0.8821094036102295, -1, 1.0
389, 10032, 1636, 1072, 138, 103, 0.9132094979286194, -1, 1.0
390, 10032, 1651, 1073, 126, 95, 0.9220155477523804, -1, 1.0
391, 10033, 1636, 1035, 177, 143, 0.8903847932815552, -1, 1.0
392, 10033, 1646, 1034, 168, 137, 0.8638747930526733, -1, 1.0
393, 10033, 1657, 1032, 159, 132, 0.8787602186203003, -1, 1.0
394, 10033, 1665, 1030, 153, 129, 0.8612772822380066, -1, 1.0
395, 10033, 1674, 1029, 147, 125, 0.8453263640403748, -1, 1.0
396, 10033, 1680, 1028, 143, 122, 0.7895062565803528, -1, 1.0
397, 10033, 1686, 1026, 136, 118, 0.7867686152458191, -1, 1.0
398, 10033, 1690, 1025, 132, 114, 0.8457586169242859, -1, 1.0
399, 10033, 1695, 1024, 129, 110, 0.8237749934196472, -1, 1.0
400, 10033, 1702, 1022, 123, 105, 0.7360836863517761, -1, 1.0
401, 10033, 1707, 1023, 120, 101, 0.6740569472312927, -1, 1.0
402, 10033, 1713, 1020, 115, 98, 0.764069139957428, -1, 1.0
403, 10033, 1717, 1022, 112, 95, 0.7802453637123108, -1, 1.0
404, 10033, 1723, 1022, 108, 92, 0.5809744000434875, -1, 1.0
405, 10033, 1727, 1021, 105, 90, 0.6139327883720398, -1, 1.0
406, 10033, 1729, 1019, 102, 89, 0.5335163474082947, -1, 1.0
407, 10033, 1731, 1015, 100, 88, 0.5503766536712646, -1, 1.0
408, 10033, 1733, 1016, 96, 85, 0.6341574192047119, -1, 1.0
409, 10033, 1736, 1016, 92, 82, 0.563374400138855, -1, 1.0
410, 10033, 1740, 1014, 91, 80, 0.6261745095252991, -1, 1.0
411, 10033, 1742, 1011, 90, 78, 0.6951625943183899, -1, 1.0
412, 10033, 1744, 1010, 89, 76, 0.7704801559448242, -1, 1.0
413, 10033, 1746, 1011, 87, 73, 0.8286721110343933, -1, 1.0
414, 10033, 1746, 1011, 87, 71, 0.817544162273407, -1, 1.0
415, 10033, 1748, 1010, 86, 70, 0.8427460193634033, -1, 1.0
416, 10033, 1748, 1008, 85, 69, 0.8011261820793152, -1, 1.0
417, 10033, 1747, 1006, 83, 68, 0.7638816833496094, -1, 1.0
418, 10033, 1748, 1008, 79, 64, 0.6663564443588257, -1, 1.0
419, 10033, 1751, 1006, 75, 62, 0.5572823286056519, -1, 1.0
420, 10033, 1752, 1001, 73, 62, 0.6135027408599854, -1, 1.0
421, 10033, 1754, 998, 72, 61, 0.6139727830886841, -1, 1.0
422, 10033, 1755, 997, 70, 60, 0.5384781956672668, -1, 1.0
423, 10033, 1757, 992, 71, 60, 0.6908056139945984, -1, 1.0
424, 10033, 1756, 991, 72, 60, 0.5865744352340698, -1, 1.0
425, 10033, 1755, 989, 72, 61, 0.6013869047164917, -1, 1.0
426, 10033, 1755, 988, 72, 61, 0.7285835146903992, -1, 1.0
427, 10033, 1754, 985, 72, 60, 0.7184141874313354, -1, 1.0
428, 10036, 1743, 953, 85, 66, 0.5425321459770203, -1, 1.0
429, 10036, 1742, 952, 84, 65, 0.5339539051055908, -1, 1.0
430, 10036, 1742, 950, 84, 65, 0.5011749267578125, -1, 1.0
445, 10037, 765, 1452, 795, 368, 0.7696529626846313, -1, 1.0
446, 10037, 921, 1469, 747, 345, 0.6747103929519653, -1, 1.0
447, 10037, 1088, 1481, 682, 328, 0.6817565560340881, -1, 1.0
448, 10037, 1146, 1484, 683, 322, 0.7244695425033569, -1, 1.0
449, 10037, 1313, 1506, 621, 308, 0.7583163380622864, -1, 1.0
450, 10037, 1312, 1508, 662, 311, 0.80208820104599, -1, 1.0
451, 10037, 1333, 1470, 716, 342, 0.7499744892120361, -1, 1.0
452, 10037, 1469, 1508, 687, 328, 0.7554557919502258, -1, 1.0
453, 10037, 1521, 1511, 702, 334, 0.7663738131523132, -1, 1.0
454, 10037, 1575, 1499, 731, 354, 0.7956624031066895, -1, 1.0
455, 10037, 1644, 1500, 750, 372, 0.8314144611358643, -1, 1.0
456, 10037, 1730, 1507, 764, 382, 0.8218154311180115, -1, 1.0
457, 10037, 1796, 1527, 763, 381, 0.8241628408432007, -1, 1.0
458, 10037, 1864, 1535, 695, 380, 0.8804013729095459, -1, 1.0
459, 10037, 1926, 1549, 633, 370, 0.8043389916419983, -1, 1.0
460, 10037, 1996, 1567, 563, 352, 0.7834206819534302, -1, 1.0
461, 10037, 2065, 1586, 494, 333, 0.7625752091407776, -1, 1.0
462, 10037, 2138, 1605, 421, 314, 0.806106448173523, -1, 1.0
463, 10040, 1683, 937, 70, 56, 0.6521680355072021, -1, 1.0
464, 10040, 1684, 938, 70, 56, 0.5754752159118652, -1, 1.0
465, 10040, 1685, 938, 70, 57, 0.5956127047538757, -1, 1.0
466, 10040, 1681, 937, 72, 60, 0.5433575510978699, -1, 1.0
467, 10040, 1682, 938, 72, 61, 0.5260151028633118, -1, 1.0
468, 10040, 1674, 938, 85, 73, 0.7099579572677612, -1, 1.0
469, 10040, 1678, 941, 83, 72, 0.7881631255149841, -1, 1.0
470, 10040, 1681, 944, 81, 70, 0.8186221718788147, -1, 1.0
471, 10040, 1683, 946, 80, 69, 0.8117513656616211, -1, 1.0
472, 10040, 1684, 948, 78, 67, 0.8074256181716919, -1, 1.0
473, 10040, 1685, 950, 77, 65, 0.8088578581809998, -1, 1.0
474, 10040, 1685, 951, 76, 64, 0.8064841032028198, -1, 1.0
475, 10040, 1684, 953, 75, 62, 0.7908579111099243, -1, 1.0
476, 10040, 1684, 954, 74, 61, 0.7812762260437012, -1, 1.0
477, 10040, 1683, 956, 73, 60, 0.7839283347129822, -1, 1.0
478, 10040, 1684, 957, 73, 61, 0.783168375492096, -1, 1.0
479, 10040, 1683, 956, 73, 61, 0.7888266444206238, -1, 1.0
480, 10040, 1682, 955, 73, 62, 0.800636887550354, -1, 1.0
481, 10040, 1681, 955, 75, 64, 0.7776924967765808, -1, 1.0
482, 10040, 1680, 955, 76, 65, 0.7617542147636414, -1, 1.0
483, 10040, 1677, 955, 77, 67, 0.7633576989173889, -1, 1.0
484, 10040, 1675, 954, 79, 68, 0.7367345690727234, -1, 1.0
485, 10040, 1673, 952, 82, 70, 0.7695668339729309, -1, 1.0
486, 10040, 1670, 950, 85, 73, 0.786993682384491, -1, 1.0
487, 10040, 1667, 946, 89, 77, 0.788533091545105, -1, 1.0
488, 10040, 1665, 944, 92, 79, 0.8339422941207886, -1, 1.0
489, 10040, 1661, 945, 93, 80, 0.8453702330589294, -1, 1.0
490, 10040, 1657, 947, 93, 80, 0.8557101488113403, -1, 1.0
491, 10040, 1653, 948, 93, 82, 0.8530040383338928, -1, 1.0
492, 10040, 1649, 951, 94, 81, 0.8552807569503784, -1, 1.0
493, 10040, 1646, 954, 94, 80, 0.8590465784072876, -1, 1.0
494, 10040, 1644, 956, 93, 80, 0.855776846408844, -1, 1.0
495, 10040, 1641, 957, 94, 80, 0.8746470808982849, -1, 1.0
496, 10040, 1639, 958, 95, 80, 0.8797814846038818, -1, 1.0
497, 10040, 1636, 957, 96, 81, 0.9045135378837584, -1, 1.0
498, 10040, 1634, 956, 97, 83, 0.9131034016609192, -1, 1.0
499, 10040, 1630, 957, 100, 84, 0.8895445466041565, -1, 1.0
500, 10040, 1626, 956, 102, 87, 0.8671180009841919, -1, 1.0
501, 10040, 1622, 955, 104, 90, 0.8663044571876526, -1, 1.0
502, 10040, 1617, 953, 106, 93, 0.8803443908691406, -1, 1.0
503, 10040, 1613, 955, 108, 93, 0.8066405653953552, -1, 1.0
504, 10040, 1609, 956, 109, 93, 0.869322657585144, -1, 1.0
505, 10040, 1604, 957, 110, 94, 0.8835317492485046, -1, 1.0
506, 10040, 1599, 957, 111, 95, 0.8946822881698608, -1, 1.0
507, 10040, 1595, 960, 113, 95, 0.8826769590377808, -1, 1.0
508, 10040, 1591, 960, 115, 96, 0.8900404572486877, -1, 1.0
509, 10040, 1586, 960, 116, 97, 0.8382056355476379, -1, 1.0
510, 10040, 1577, 959, 119, 98, 0.7553812265396118, -1, 1.0
511, 10040, 1571, 958, 122, 101, 0.8502504229545593, -1, 1.0
512, 10040, 1563, 958, 126, 103, 0.8436858654022217, -1, 1.0
513, 10040, 1557, 957, 129, 106, 0.8547362685203552, -1, 1.0
514, 10040, 1550, 955, 133, 109, 0.8490149974822998, -1, 1.0
515, 10040, 1542, 949, 138, 115, 0.9081772565841676, -1, 1.0
516, 10040, 1533, 952, 141, 117, 0.8889150023460388, -1, 1.0
517, 10040, 1526, 951, 144, 120, 0.9210723042488098, -1, 1.0
518, 10040, 1516, 948, 148, 124, 0.8715352416038513, -1, 1.0
519, 10040, 1507, 951, 151, 125, 0.8995054364204407, -1, 1.0
520, 10040, 1498, 954, 153, 126, 0.8624554872512817, -1, 1.0
521, 10040, 1491, 956, 156, 127, 0.8792033195495605, -1, 1.0
522, 10040, 1482, 956, 159, 128, 0.8188377022743225, -1, 1.0
523, 10040, 1470, 958, 163, 129, 0.8811758160591125, -1, 1.0
524, 10040, 1457, 958, 167, 130, 0.8874717354774475, -1, 1.0
525, 10040, 1445, 958, 172, 134, 0.6210235953330994, -1, 1.0
526, 10040, 1434, 959, 177, 136, 0.8840457797050476, -1, 1.0
527, 10040, 1421, 961, 182, 138, 0.8717675805091858, -1, 1.0
528, 10040, 1406, 960, 188, 141, 0.8650681376457214, -1, 1.0
529, 10040, 1390, 959, 193, 145, 0.883608341217041, -1, 1.0
530, 10040, 1375, 957, 199, 149, 0.9068037867546082, -1, 1.0
531, 10040, 1357, 956, 206, 153, 0.8774154782295227, -1, 1.0
532, 10040, 1338, 953, 214, 158, 0.8993947505950928, -1, 1.0
533, 10040, 1318, 954, 221, 161, 0.5239487886428833, -1, 1.0
534, 10040, 1294, 956, 228, 165, 0.5693112015724182, -1, 1.0
535, 10040, 1273, 957, 238, 169, 0.6098666191101074, -1, 1.0
536, 10040, 1248, 955, 247, 175, 0.6383521556854248, -1, 1.0
537, 10040, 1222, 951, 260, 182, 0.5256375074386597, -1, 1.0
538, 10040, 1195, 951, 272, 187, 0.5438413619995117, -1, 1.0
539, 10040, 1164, 948, 285, 191, 0.6096083521842957, -1, 1.0
540, 10040, 1130, 946, 297, 195, 0.7126953601837158, -1, 1.0
541, 10043, 808, 678, 243, 145, 0.8925046920776367, -1, 1.0
541, 10040, 1094, 947, 312, 199, 0.7695366144180298, -1, 1.0
542, 10043, 813, 680, 243, 146, 0.9335284233093262, -1, 1.0
542, 10040, 1056, 945, 327, 206, 0.6790211200714111, -1, 1.0
543, 10043, 818, 680, 242, 148, 0.930184543132782, -1, 1.0
543, 10040, 1013, 939, 345, 215, 0.627737283706665, -1, 1.0
544, 10043, 821, 680, 241, 149, 0.903984785079956, -1, 1.0
544, 10040, 967, 938, 365, 221, 0.669637143611908, -1, 1.0
545, 10043, 827, 678, 239, 151, 0.9028438925743104, -1, 1.0
545, 10040, 914, 933, 386, 229, 0.7629740238189697, -1, 1.0
546, 10043, 826, 675, 242, 153, 0.920165717601776, -1, 1.0
546, 10040, 858, 925, 409, 241, 0.6760761737823486, -1, 1.0
547, 10043, 823, 676, 246, 155, 0.92791348695755, -1, 1.0
547, 10040, 797, 917, 434, 252, 0.7564821839332581, -1, 1.0
548, 10043, 824, 677, 248, 156, 0.8899612426757812, -1, 1.0
548, 10040, 728, 910, 461, 263, 0.753407895565033, -1, 1.0
549, 10040, 655, 903, 491, 273, 0.904216468334198, -1, 1.0
550, 10040, 571, 898, 523, 287, 0.8714375495910645, -1, 1.0
551, 10040, 491, 888, 558, 300, 0.8806601762771606, -1, 1.0
552, 10040, 395, 874, 598, 314, 0.9115381836891174, -1, 1.0
553, 10040, 290, 863, 643, 328, 0.8749874830245972, -1, 1.0
554, 10040, 92, 835, 664, 353, 0.9003269076347351, -1, 1.0
555, 10040, 5, 821, 663, 371, 0.8300896286964417, -1, 1.0
580, 10044, 659, 1052, 641, 273, 0.9223983883857728, -1, 1.0
581, 10044, 570, 1041, 657, 279, 0.9347937107086182, -1, 1.0
582, 10044, 467, 1025, 678, 286, 0.9435755014419556, -1, 1.0
583, 10044, 354, 1011, 704, 289, 0.9168921709060668, -1, 1.0
584, 10045, 734, 682, 206, 138, 0.9358615279197692, -1, 1.0
584, 10046, 412, 1004, 562, 297, 0.8552140593528748, -1, 1.0
584, 10044, 236, 998, 733, 297, 0.6195501685142517, -1, 1.0
585, 10044, 120, 984, 762, 307, 0.9341804385185242, -1, 1.0
586, 10044, 26, 967, 770, 316, 0.9172649383544922, -1, 1.0
587, 10044, 0, 953, 702, 324, 0.906259298324585, -1, 1.0
588, 10046, 0, 948, 467, 326, 0.9085023999214172, -1, 1.0
589, 10045, 659, 682, 213, 138, 0.9444384574890136, -1, 1.0
589, 10046, 0, 957, 347, 311, 0.6741105914115906, -1, 1.0
590, 10045, 645, 680, 216, 140, 0.8309018611907959, -1, 1.0
590, 10046, 0, 968, 210, 278, 0.7979652881622314, -1, 1.0
591, 10045, 627, 678, 222, 142, 0.8385021686553955, -1, 1.0
592, 10045, 612, 671, 227, 145, 0.6439942717552185, -1, 1.0
593, 10045, 570, 665, 238, 150, 0.758941113948822, -1, 1.0
594, 10045, 557, 663, 240, 151, 0.7309241890907288, -1, 1.0
595, 10045, 543, 669, 243, 148, 0.824222207069397, -1, 1.0
596, 10045, 530, 668, 244, 148, 0.8019105195999146, -1, 1.0
597, 10045, 520, 667, 245, 149, 0.8076433539390564, -1, 1.0
598, 10045, 509, 664, 247, 150, 0.8470427393913269, -1, 1.0
599, 10045, 499, 655, 249, 155, 0.8966583013534546, -1, 1.0
600, 10045, 490, 657, 248, 156, 0.907914698123932, -1, 1.0
601, 10045, 483, 657, 247, 157, 0.9062170386314392, -1, 1.0
602, 10045, 475, 658, 247, 159, 0.9063032865524292, -1, 1.0
603, 10045, 470, 657, 247, 161, 0.9140014052391052, -1, 1.0
604, 10045, 465, 653, 249, 165, 0.9013106226921082, -1, 1.0
605, 10045, 461, 651, 250, 169, 0.8723999261856079, -1, 1.0
606, 10045, 459, 651, 252, 172, 0.8691813945770264, -1, 1.0
607, 10045, 455, 650, 254, 176, 0.8585739731788635, -1, 1.0
608, 10045, 450, 651, 255, 179, 0.8564632534980774, -1, 1.0
609, 10045, 446, 652, 254, 182, 0.8551467061042786, -1, 1.0
610, 10045, 442, 654, 254, 185, 0.8530608415603638, -1, 1.0
611, 10045, 436, 660, 247, 184, 0.847061812877655, -1, 1.0
612, 10045, 431, 668, 241, 183, 0.8453977704048157, -1, 1.0
613, 10045, 430, 669, 236, 185, 0.8104650974273682, -1, 1.0
614, 10045, 431, 669, 233, 187, 0.7788136601448059, -1, 1.0
615, 10045, 433, 667, 234, 193, 0.7778605222702026, -1, 1.0
616, 10045, 431, 675, 230, 195, 0.8172416687011719, -1, 1.0
617, 10045, 430, 686, 226, 195, 0.8667628765106201, -1, 1.0
618, 10045, 430, 686, 223, 198, 0.7774089574813843, -1, 1.0
619, 10045, 432, 689, 219, 199, 0.5500988960266113, -1, 1.0
620, 10045, 435, 693, 214, 200, 0.5227782130241394, -1, 1.0
621, 10045, 437, 698, 213, 201, 0.5778257846832275, -1, 1.0
622, 10045, 441, 699, 211, 203, 0.5742917060852051, -1, 1.0
623, 10045, 445, 701, 209, 206, 0.7682166695594788, -1, 1.0
624, 10045, 447, 704, 210, 210, 0.7933104038238525, -1, 1.0
625, 10045, 449, 707, 212, 213, 0.7814642786979675, -1, 1.0
626, 10045, 451, 711, 213, 215, 0.847538948059082, -1, 1.0
627, 10045, 453, 714, 215, 217, 0.8622424006462097, -1, 1.0
628, 10045, 454, 714, 217, 221, 0.8544443845748901, -1, 1.0
629, 10045, 455, 717, 220, 226, 0.8551294803619385, -1, 1.0
630, 10045, 458, 724, 222, 229, 0.8148934841156006, -1, 1.0
631, 10045, 458, 731, 226, 233, 0.8251219987869263, -1, 1.0
632, 10045, 457, 736, 228, 237, 0.7751032710075378, -1, 1.0
633, 10045, 456, 740, 234, 244, 0.8540793061256409, -1, 1.0
634, 10045, 451, 745, 239, 252, 0.8170579075813293, -1, 1.0
635, 10045, 446, 750, 242, 258, 0.5769635438919067, -1, 1.0
636, 10045, 436, 752, 247, 264, 0.7616255283355713, -1, 1.0
637, 10045, 425, 757, 253, 269, 0.6347793340682983, -1, 1.0
638, 10045, 415, 763, 261, 274, 0.7785148620605469, -1, 1.0
639, 10045, 401, 768, 269, 279, 0.8628761768341064, -1, 1.0
640, 10045, 384, 776, 280, 281, 0.9073492288589478, -1, 1.0
641, 10045, 362, 783, 292, 286, 0.8691645860671997, -1, 1.0
642, 10045, 341, 793, 306, 288, 0.8998487591743469, -1, 1.0
643, 10045, 312, 799, 324, 291, 0.8710417151451111, -1, 1.0
644, 10045, 282, 803, 341, 296, 0.8980410099029541, -1, 1.0
645, 10045, 245, 807, 362, 302, 0.927811861038208, -1, 1.0
646, 10045, 201, 811, 389, 309, 0.9012515544891356, -1, 1.0
647, 10045, 148, 813, 421, 319, 0.8431223630905151, -1, 1.0
648, 10045, 85, 814, 458, 329, 0.896616518497467, -1, 1.0
649, 10045, 39, 812, 484, 338, 0.8998895287513733, -1, 1.0
650, 10045, 11, 812, 495, 350, 0.9289520382881165, -1, 1.0
651, 10045, 0, 806, 485, 358, 0.9550848007202148, -1, 1.0
652, 10045, 0, 800, 456, 365, 0.9374666213989258, -1, 1.0
653, 10045, 0, 792, 415, 364, 0.934005320072174, -1, 1.0
654, 10045, 0, 811, 365, 355, 0.9440245628356934, -1, 1.0
655, 10045, 0, 821, 304, 350, 0.852034330368042, -1, 1.0
656, 10045, 0, 816, 230, 351, 0.8191062211990356, -1, 1.0
660, 10051, 768, 1072, 690, 450, 0.9371271133422852, -1, 1.0
661, 10051, 881, 1070, 636, 417, 0.9334033727645874, -1, 1.0
662, 10051, 987, 1071, 580, 385, 0.914513885974884, -1, 1.0
663, 10051, 1079, 1072, 524, 353, 0.8999252319335938, -1, 1.0
664, 10051, 1161, 1075, 472, 322, 0.9244186878204346, -1, 1.0
665, 10051, 1235, 1080, 424, 295, 0.9202492833137512, -1, 1.0
666, 10051, 1299, 1083, 378, 269, 0.9064854383468628, -1, 1.0
667, 10051, 1354, 1088, 342, 244, 0.9108979105949402, -1, 1.0
668, 10051, 1403, 1089, 306, 221, 0.9365777969360352, -1, 1.0
669, 10051, 1448, 1091, 274, 201, 0.9354252219200134, -1, 1.0
670, 10051, 1486, 1092, 246, 183, 0.9366570711135864, -1, 1.0
671, 10051, 1521, 1092, 221, 165, 0.9332743883132936, -1, 1.0
672, 10051, 1551, 1093, 197, 149, 0.926324427127838, -1, 1.0
673, 10051, 1580, 1095, 174, 134, 0.9388799667358398, -1, 1.0
674, 10051, 1607, 1095, 152, 118, 0.9255566596984864, -1, 1.0
675, 10051, 1630, 1097, 134, 106, 0.9250781536102296, -1, 1.0
714, 10055, 1278, 981, 199, 135, 0.8641687631607056, -1, 1.0
715, 10055, 1236, 983, 212, 141, 0.8604362607002258, -1, 1.0
716, 10055, 1193, 982, 223, 147, 0.8785929083824158, -1, 1.0
717, 10055, 1141, 981, 239, 154, 0.9136745929718018, -1, 1.0
718, 10055, 1084, 980, 257, 161, 0.9095737934112548, -1, 1.0
719, 10055, 1020, 978, 275, 168, 0.944143772125244, -1, 1.0
720, 10055, 950, 974, 297, 177, 0.93770569562912, -1, 1.0
721, 10055, 872, 970, 322, 187, 0.9396010637283324, -1, 1.0
722, 10055, 782, 966, 352, 197, 0.9378452301025392, -1, 1.0
723, 10055, 680, 960, 386, 208, 0.931170642375946, -1, 1.0
724, 10055, 563, 951, 428, 223, 0.9277838468551636, -1, 1.0
725, 10055, 432, 944, 474, 237, 0.9386988282203674, -1, 1.0
726, 10055, 286, 931, 525, 255, 0.942702293395996, -1, 1.0
727, 10055, 116, 918, 587, 273, 0.92412930727005, -1, 1.0
728, 10055, 19, 906, 600, 286, 0.9357205033302308, -1, 1.0
729, 10055, 0, 888, 529, 300, 0.9547510743141174, -1, 1.0
730, 10055, 0, 893, 419, 304, 0.867335319519043, -1, 1.0
731, 10055, 0, 905, 284, 304, 0.8044668436050415, -1, 1.0
735, 10058, 628, 1090, 698, 364, 0.8937242031097412, -1, 1.0
736, 10058, 798, 1084, 621, 337, 0.9129048585891724, -1, 1.0
737, 10058, 946, 1081, 544, 307, 0.8784773945808411, -1, 1.0
738, 10058, 1069, 1081, 473, 277, 0.889809250831604, -1, 1.0
739, 10058, 1173, 1083, 411, 249, 0.8510463237762451, -1, 1.0
740, 10058, 1265, 1087, 351, 221, 0.8797845244407654, -1, 1.0
741, 10058, 1343, 1091, 298, 192, 0.9373719096183776, -1, 1.0
742, 10058, 1409, 1094, 252, 167, 0.9480392932891846, -1, 1.0
743, 10058, 1468, 1096, 209, 143, 0.9303749203681946, -1, 1.0
744, 10058, 1516, 1097, 174, 122, 0.9336820244789124, -1, 1.0
745, 10059, 1547, 1068, 196, 149, 0.8934165835380554, -1, 1.0
746, 10059, 1572, 1065, 184, 141, 0.8570348024368286, -1, 1.0
747, 10059, 1595, 1061, 170, 130, 0.8823460936546326, -1, 1.0
748, 10059, 1616, 1061, 158, 123, 0.8901923298835754, -1, 1.0
749, 10059, 1631, 1059, 148, 116, 0.8725240230560303, -1, 1.0
750, 10059, 1648, 1056, 139, 109, 0.6741893887519836, -1, 1.0
751, 10059, 1664, 1054, 130, 103, 0.7610273957252502, -1, 1.0
752, 10059, 1678, 1051, 122, 97, 0.7560402750968933, -1, 1.0
753, 10059, 1687, 1048, 116, 92, 0.6912571787834167, -1, 1.0
754, 10059, 1694, 1043, 110, 88, 0.6625552177429199, -1, 1.0
755, 10059, 1701, 1039, 104, 83, 0.6023462414741516, -1, 1.0
756, 10059, 1709, 1037, 98, 79, 0.7954490184783936, -1, 1.0
757, 10059, 1717, 1035, 93, 76, 0.8480690717697144, -1, 1.0
758, 10059, 1722, 1034, 89, 72, 0.7730250358581543, -1, 1.0
759, 10059, 1729, 1031, 85, 69, 0.5942529439926147, -1, 1.0
760, 10059, 1741, 1027, 74, 57, 0.516140341758728, -1, 1.0
761, 10059, 1746, 1024, 72, 56, 0.6519498229026794, -1, 1.0
762, 10059, 1750, 1020, 69, 55, 0.6867125630378723, -1, 1.0
763, 10059, 1753, 1019, 66, 53, 0.6041219830513, -1, 1.0
764, 10059, 1753, 1017, 64, 52, 0.5880895853042603, -1, 1.0
765, 10059, 1754, 1015, 63, 52, 0.5262042880058289, -1, 1.0
769, 10060, 1002, 1078, 542, 358, 0.7364416718482971, -1, 1.0
770, 10060, 1124, 1081, 471, 323, 0.7737952470779419, -1, 1.0
771, 10060, 1228, 1083, 407, 289, 0.8895869851112366, -1, 1.0
772, 10060, 1316, 1084, 350, 253, 0.9129756093025208, -1, 1.0
773, 10060, 1388, 1089, 299, 221, 0.90821635723114, -1, 1.0
774, 10060, 1455, 1093, 253, 191, 0.9209182858467102, -1, 1.0
775, 10060, 1508, 1096, 212, 163, 0.928837239742279, -1, 1.0
776, 10060, 1555, 1100, 175, 136, 0.9018097519874572, -1, 1.0
777, 10062, 1581, 1066, 199, 164, 0.8689990639686584, -1, 1.0
778, 10062, 1598, 1063, 185, 152, 0.8332439661026001, -1, 1.0
779, 10062, 1619, 1060, 172, 144, 0.9292967915534972, -1, 1.0
780, 10062, 1636, 1060, 164, 137, 0.8484408259391785, -1, 1.0
781, 10062, 1651, 1056, 155, 129, 0.7407662272453308, -1, 1.0
782, 10062, 1665, 1051, 144, 121, 0.7683044672012329, -1, 1.0
783, 10062, 1676, 1047, 136, 116, 0.8010323643684387, -1, 1.0
784, 10062, 1687, 1043, 129, 112, 0.7580749988555908, -1, 1.0
785, 10062, 1698, 1040, 120, 106, 0.6749758124351501, -1, 1.0
786, 10062, 1707, 1037, 112, 99, 0.816498875617981, -1, 1.0
787, 10062, 1712, 1034, 107, 94, 0.7662581205368042, -1, 1.0
788, 10062, 1719, 1032, 102, 89, 0.8510169982910156, -1, 1.0
789, 10062, 1725, 1030, 96, 86, 0.7582841515541077, -1, 1.0
790, 10062, 1746, 1025, 76, 68, 0.630976140499115, -1, 1.0
791, 10062, 1754, 1019, 67, 60, 0.6565130949020386, -1, 1.0
792, 10062, 1757, 1016, 66, 58, 0.5398840308189392, -1, 1.0
793, 10064, 7, 493, 182, 257, 0.8280024528503418, -1, 1.0
794, 10064, 7, 490, 204, 269, 0.8730926513671875, -1, 1.0
795, 10064, 9, 492, 223, 274, 0.880969762802124, -1, 1.0
796, 10064, 11, 531, 236, 248, 0.7933133244514465, -1, 1.0
797, 10064, 12, 524, 257, 253, 0.8937812447547913, -1, 1.0
798, 10064, 11, 511, 280, 268, 0.894799530506134, -1, 1.0
799, 10064, 11, 513, 300, 273, 0.8422374725341797, -1, 1.0
800, 10064, 11, 517, 320, 280, 0.9142836928367616, -1, 1.0
801, 10064, 11, 521, 339, 282, 0.882302463054657, -1, 1.0
802, 10064, 10, 521, 357, 287, 0.8457866311073303, -1, 1.0
803, 10064, 9, 520, 375, 295, 0.9120334386825562, -1, 1.0
804, 10064, 11, 522, 396, 303, 0.9172337651252748, -1, 1.0
805, 10064, 13, 520, 420, 311, 0.9148982763290404, -1, 1.0
806, 10064, 12, 520, 441, 318, 0.9124693274497986, -1, 1.0
807, 10064, 16, 520, 458, 324, 0.9256521463394164, -1, 1.0
808, 10064, 19, 523, 473, 331, 0.936803102493286, -1, 1.0
809, 10064, 24, 524, 482, 336, 0.9351771473884584, -1, 1.0
810, 10064, 34, 524, 487, 340, 0.9297510385513306, -1, 1.0
811, 10064, 49, 526, 493, 344, 0.9054713249206544, -1, 1.0
812, 10064, 72, 527, 491, 347, 0.885002076625824, -1, 1.0
813, 10064, 91, 529, 488, 352, 0.8687148690223694, -1, 1.0
814, 10064, 105, 534, 490, 355, 0.8730659484863281, -1, 1.0
815, 10064, 115, 540, 490, 357, 0.8935397267341614, -1, 1.0
816, 10064, 126, 554, 489, 354, 0.8850966691970825, -1, 1.0
817, 10064, 139, 566, 485, 348, 0.8454306125640869, -1, 1.0
818, 10064, 152, 570, 484, 349, 0.750654935836792, -1, 1.0
819, 10064, 169, 581, 481, 345, 0.8304945826530457, -1, 1.0
820, 10064, 179, 587, 480, 344, 0.7863255739212036, -1, 1.0
821, 10064, 189, 596, 478, 340, 0.8287468552589417, -1, 1.0
822, 10064, 197, 599, 477, 340, 0.8978354930877686, -1, 1.0
823, 10064, 200, 601, 478, 340, 0.9038233757019044, -1, 1.0
824, 10064, 209, 602, 480, 341, 0.8727046251296997, -1, 1.0
825, 10064, 216, 606, 480, 341, 0.8649036288261414, -1, 1.0
826, 10064, 224, 609, 483, 342, 0.8739441633224487, -1, 1.0
827, 10064, 225, 613, 487, 343, 0.8566170930862427, -1, 1.0
828, 10064, 231, 614, 488, 344, 0.8047699928283691, -1, 1.0
829, 10064, 231, 614, 488, 346, 0.7885147929191589, -1, 1.0
830, 10064, 237, 614, 487, 349, 0.6839235424995422, -1, 1.0
831, 10064, 244, 615, 482, 351, 0.7998631596565247, -1, 1.0
832, 10064, 248, 615, 481, 352, 0.6852915287017822, -1, 1.0
833, 10064, 257, 615, 475, 354, 0.7857062816619873, -1, 1.0
834, 10064, 263, 618, 470, 354, 0.8502077460289001, -1, 1.0
835, 10064, 269, 622, 468, 355, 0.8709642887115479, -1, 1.0
836, 10064, 278, 627, 464, 357, 0.8560628890991211, -1, 1.0
837, 10064, 287, 631, 462, 362, 0.8449528217315674, -1, 1.0
838, 10064, 292, 632, 460, 367, 0.8845207095146179, -1, 1.0
839, 10064, 304, 635, 456, 373, 0.7629084587097168, -1, 1.0
840, 10064, 321, 640, 452, 378, 0.6377702951431274, -1, 1.0
841, 10064, 336, 647, 451, 380, 0.636207103729248, -1, 1.0
842, 10064, 385, 694, 454, 372, 0.6947861909866333, -1, 1.0
843, 10064, 402, 708, 458, 366, 0.8788754940032959, -1, 1.0
844, 10064, 422, 718, 464, 363, 0.8658382296562195, -1, 1.0
845, 10064, 446, 729, 466, 361, 0.6680927276611328, -1, 1.0
846, 10064, 464, 740, 472, 361, 0.8035141229629517, -1, 1.0
847, 10064, 490, 751, 477, 362, 0.879220187664032, -1, 1.0
848, 10064, 515, 763, 484, 362, 0.885042667388916, -1, 1.0
849, 10064, 539, 779, 492, 363, 0.9012085795402528, -1, 1.0
850, 10064, 570, 794, 500, 362, 0.9057002067565918, -1, 1.0
851, 10064, 601, 807, 505, 362, 0.9068343043327332, -1, 1.0
852, 10064, 631, 815, 507, 365, 0.9167256355285645, -1, 1.0
853, 10064, 674, 829, 511, 366, 0.84666508436203, -1, 1.0
854, 10064, 712, 849, 513, 365, 0.9016048312187196, -1, 1.0
855, 10064, 749, 856, 515, 366, 0.9102889895439148, -1, 1.0
856, 10064, 791, 870, 512, 367, 0.9022300839424132, -1, 1.0
857, 10064, 837, 882, 508, 364, 0.8630517721176147, -1, 1.0
858, 10064, 885, 892, 508, 366, 0.873251736164093, -1, 1.0
859, 10064, 932, 903, 503, 365, 0.8898342251777649, -1, 1.0
860, 10064, 976, 920, 502, 361, 0.9082883596420288, -1, 1.0
861, 10064, 1020, 930, 500, 357, 0.924599587917328, -1, 1.0
862, 10064, 1064, 945, 495, 351, 0.9177987575531006, -1, 1.0
863, 10064, 1108, 961, 489, 345, 0.9034695029258728, -1, 1.0
864, 10064, 1144, 968, 484, 340, 0.9306207299232484, -1, 1.0
865, 10064, 1180, 979, 479, 333, 0.9190657138824464, -1, 1.0
866, 10064, 1214, 985, 475, 329, 0.934544324874878, -1, 1.0
867, 10064, 1254, 993, 465, 322, 0.9294041991233826, -1, 1.0
868, 10064, 1291, 1001, 457, 316, 0.936835527420044, -1, 1.0
869, 10064, 1327, 1010, 447, 308, 0.9339531064033508, -1, 1.0
870, 10064, 1361, 1017, 434, 302, 0.928962230682373, -1, 1.0
871, 10064, 1390, 1023, 423, 295, 0.9342366456985474, -1, 1.0
872, 10064, 1421, 1028, 413, 290, 0.9373632669448853, -1, 1.0
873, 10064, 1451, 1034, 398, 283, 0.9318057298660278, -1, 1.0
874, 10064, 1479, 1041, 384, 276, 0.9351216554641724, -1, 1.0
875, 10064, 1503, 1046, 371, 269, 0.9114303588867188, -1, 1.0
876, 10064, 1528, 1051, 359, 262, 0.8955410122871399, -1, 1.0
877, 10064, 1554, 1053, 344, 257, 0.8265095949172974, -1, 1.0
878, 10064, 1580, 1057, 327, 250, 0.7976349592208862, -1, 1.0
879, 10064, 1601, 1061, 312, 244, 0.6636433005332947, -1, 1.0
880, 10064, 1621, 1063, 300, 238, 0.7816683053970337, -1, 1.0
881, 10064, 1642, 1065, 289, 232, 0.70714271068573, -1, 1.0
882, 10064, 1666, 1067, 285, 226, 0.7685322761535645, -1, 1.0
883, 10064, 1680, 1069, 279, 221, 0.6455748081207275, -1, 1.0
884, 10064, 1691, 1068, 275, 217, 0.7180359363555908, -1, 1.0
885, 10064, 1698, 1066, 268, 213, 0.6791950464248657, -1, 1.0
890, 10067, 1612, 975, 101, 89, 0.6073686480522156, -1, 1.0
891, 10067, 1606, 976, 103, 91, 0.6681032180786133, -1, 1.0
892, 10067, 1603, 978, 103, 93, 0.6525653600692749, -1, 1.0
893, 10067, 1600, 979, 103, 94, 0.731452226638794, -1, 1.0
894, 10067, 1597, 981, 104, 97, 0.6615132093429565, -1, 1.0
895, 10067, 1592, 982, 106, 98, 0.7704243063926697, -1, 1.0
896, 10067, 1584, 982, 110, 101, 0.6930698156356812, -1, 1.0
897, 10067, 1578, 984, 113, 103, 0.7623994946479797, -1, 1.0
898, 10067, 1570, 985, 117, 105, 0.7332778573036194, -1, 1.0
899, 10067, 1563, 985, 122, 106, 0.8285278677940369, -1, 1.0
900, 10067, 1555, 986, 125, 108, 0.756217360496521, -1, 1.0
901, 10067, 1455, 989, 157, 129, 0.8803059458732605, -1, 1.0
902, 10067, 1405, 988, 179, 141, 0.8886538743972778, -1, 1.0
903, 10067, 1373, 984, 194, 151, 0.8861989974975586, -1, 1.0
904, 10067, 1345, 979, 208, 160, 0.9005195498466492, -1, 1.0
905, 10067, 1319, 979, 220, 165, 0.8945348858833313, -1, 1.0
906, 10067, 1291, 979, 231, 170, 0.9145493507385254, -1, 1.0
907, 10067, 1261, 976, 243, 176, 0.9230373501777648, -1, 1.0
908, 10067, 1232, 972, 254, 183, 0.9053819179534912, -1, 1.0
909, 10067, 1199, 972, 266, 188, 0.9058558940887452, -1, 1.0
910, 10067, 1166, 972, 278, 192, 0.9103618264198304, -1, 1.0
911, 10067, 1127, 969, 293, 198, 0.9448627829551696, -1, 1.0
912, 10067, 1087, 967, 306, 203, 0.9284273982048036, -1, 1.0
913, 10067, 1043, 966, 323, 207, 0.9314452409744264, -1, 1.0
914, 10067, 993, 963, 340, 212, 0.9428319931030272, -1, 1.0
915, 10067, 938, 959, 359, 217, 0.9368298649787904, -1, 1.0
916, 10067, 879, 952, 380, 226, 0.9422577619552612, -1, 1.0
917, 10067, 817, 949, 403, 232, 0.9175382256507874, -1, 1.0
918, 10067, 747, 940, 428, 242, 0.9375560283660888, -1, 1.0
919, 10067, 671, 933, 455, 251, 0.8948614001274109, -1, 1.0
920, 10067, 588, 923, 485, 263, 0.9153565764427184, -1, 1.0
921, 10067, 493, 912, 519, 277, 0.9304468035697936, -1, 1.0
922, 10067, 398, 901, 550, 288, 0.9307340979576112, -1, 1.0
923, 10067, 288, 889, 588, 302, 0.9369216561317444, -1, 1.0
924, 10067, 280, 879, 563, 309, 0.9450751543045044, -1, 1.0
925, 10067, 205, 871, 556, 319, 0.942736804485321, -1, 1.0
930, 10069, 1040, 1166, 430, 292, 0.825606107711792, -1, 1.0
931, 10069, 1158, 1162, 374, 259, 0.8517380356788635, -1, 1.0
932, 10069, 1250, 1158, 327, 229, 0.8071219325065613, -1, 1.0
933, 10069, 1330, 1156, 286, 202, 0.9432727694511414, -1, 1.0
934, 10069, 1398, 1154, 251, 179, 0.883674681186676, -1, 1.0
935, 10069, 1459, 1152, 217, 158, 0.8946404457092285, -1, 1.0
936, 10070, 1607, 974, 89, 68, 0.8815343976020813, -1, 1.0
936, 10069, 1513, 1147, 187, 139, 0.816524863243103, -1, 1.0
937, 10070, 1600, 976, 93, 72, 0.8756306171417236, -1, 1.0
937, 10069, 1557, 1145, 165, 123, 0.8314284682273865, -1, 1.0
938, 10070, 1595, 976, 94, 74, 0.8916115760803223, -1, 1.0
939, 10070, 1589, 977, 95, 76, 0.8697792887687683, -1, 1.0
940, 10070, 1580, 978, 96, 77, 0.806756854057312, -1, 1.0
941, 10070, 1569, 978, 100, 80, 0.7983126044273376, -1, 1.0
942, 10070, 1554, 979, 105, 82, 0.7990269660949707, -1, 1.0
943, 10070, 1541, 980, 112, 86, 0.8038858771324158, -1, 1.0
944, 10070, 1526, 981, 118, 89, 0.797831654548645, -1, 1.0
945, 10070, 1508, 985, 124, 91, 0.835006058216095, -1, 1.0
946, 10070, 1495, 986, 128, 93, 0.8585897088050842, -1, 1.0
947, 10070, 1479, 986, 132, 96, 0.792695164680481, -1, 1.0
948, 10070, 1458, 985, 139, 101, 0.8369267582893372, -1, 1.0
949, 10070, 1436, 986, 145, 105, 0.7739586234092712, -1, 1.0
950, 10070, 1414, 986, 150, 107, 0.770433247089386, -1, 1.0
951, 10070, 1386, 986, 156, 111, 0.7847439646720886, -1, 1.0
952, 10070, 1354, 983, 167, 118, 0.8941224217414856, -1, 1.0
953, 10070, 1318, 978, 180, 126, 0.9004629850387573, -1, 1.0
954, 10070, 1278, 971, 196, 137, 0.8736357092857361, -1, 1.0
955, 10070, 1237, 973, 207, 143, 0.8816836476325989, -1, 1.0
956, 10070, 1188, 975, 221, 148, 0.892432451248169, -1, 1.0
957, 10070, 1133, 972, 239, 155, 0.877191960811615, -1, 1.0
958, 10070, 1070, 969, 257, 161, 0.91493558883667, -1, 1.0
959, 10070, 1000, 967, 279, 169, 0.9216341376304626, -1, 1.0
960, 10070, 917, 963, 307, 178, 0.9090621471405028, -1, 1.0
961, 10070, 827, 955, 336, 189, 0.9061927199363708, -1, 1.0
962, 10070, 720, 946, 370, 201, 0.9289793968200684, -1, 1.0
963, 10070, 597, 932, 412, 216, 0.9260095953941344, -1, 1.0
964, 10070, 455, 919, 459, 232, 0.9368802309036256, -1, 1.0
965, 10070, 289, 904, 514, 249, 0.9403907656669616, -1, 1.0
966, 10070, 196, 901, 517, 254, 0.9345277547836304, -1, 1.0
967, 10072, 0, 894, 391, 248, 0.935391128063202, -1, 1.0
968, 10072, 0, 922, 194, 179, 0.5847325325012207, -1, 1.0
