1, 10016, 591, 961, 108, 75, 0.9012919664382936, -1, 1.0
1, 10012, 580, 963, 95, 74, 0.8744997978210449, -1, 1.0
1, 10017, 1025, 897, 209, 136, 0.6150596141815186, -1, 1.0
1, 10015, 1169, 1215, 508, 401, 0.5018277168273926, -1, 1.0
2, 10012, 579, 963, 93, 72, 0.9061625599861144, -1, 1.0
2, 10017, 1025, 897, 209, 136, 0.8829891681671143, -1, 1.0
2, 10015, 1263, 1230, 573, 452, 0.5952087044715881, -1, 1.0
3, 10012, 579, 964, 93, 71, 0.8885540962219238, -1, 1.0
3, 10017, 1025, 896, 208, 136, 0.8651567101478577, -1, 1.0
3, 10015, 1376, 1252, 649, 505, 0.5369594097137451, -1, 1.0
4, 10012, 579, 964, 94, 72, 0.8913852572441101, -1, 1.0
4, 10017, 1025, 896, 209, 136, 0.6869657039642334, -1, 1.0
4, 10015, 1522, 1279, 739, 570, 0.5659731030464172, -1, 1.0
5, 10012, 579, 964, 93, 71, 0.8890187740325928, -1, 1.0
5, 10017, 1026, 895, 209, 136, 0.5949245691299438, -1, 1.0
5, 10015, 1821, 1316, 736, 595, 0.5440484881401062, -1, 1.0
6, 10012, 578, 964, 92, 71, 0.8913944363594055, -1, 1.0
6, 10017, 1025, 896, 208, 136, 0.6077491044998169, -1, 1.0
7, 10012, 578, 965, 92, 70, 0.8872668743133545, -1, 1.0
7, 10017, 1024, 896, 208, 136, 0.6772018074989319, -1, 1.0
8, 10012, 578, 965, 92, 70, 0.8873676061630249, -1, 1.0
8, 10017, 1024, 896, 208, 136, 0.6283208727836609, -1, 1.0
9, 10012, 578, 963, 94, 72, 0.8927184343338013, -1, 1.0
9, 10017, 1025, 896, 208, 136, 0.5248575210571289, -1, 1.0
10, 10012, 578, 963, 95, 72, 0.8937912583351135, -1, 1.0
10, 10017, 1025, 896, 208, 136, 0.61236172914505, -1, 1.0
11, 10012, 579, 962, 98, 74, 0.8925985097885132, -1, 1.0
11, 10017, 1026, 896, 208, 136, 0.673904299736023, -1, 1.0
12, 10012, 578, 961, 99, 75, 0.8912387490272522, -1, 1.0
12, 10017, 1025, 896, 208, 136, 0.6565755009651184, -1, 1.0
13, 10012, 577, 961, 99, 75, 0.8882030844688416, -1, 1.0
13, 10017, 1025, 896, 208, 136, 0.6341632604598999, -1, 1.0
14, 10012, 576, 961, 98, 76, 0.8836122155189514, -1, 1.0
14, 10017, 1025, 896, 208, 136, 0.6354914307594299, -1, 1.0
15, 10012, 576, 961, 97, 76, 0.8844736218452454, -1, 1.0
15, 10017, 1025, 896, 208, 136, 0.6240763068199158, -1, 1.0
16, 10012, 577, 960, 100, 77, 0.8905592560768127, -1, 1.0
16, 10017, 1025, 896, 208, 136, 0.6710206270217896, -1, 1.0
17, 10012, 577, 960, 102, 77, 0.8951904773712158, -1, 1.0
17, 10017, 1025, 896, 208, 136, 0.6562020778656006, -1, 1.0
18, 10012, 577, 959, 103, 77, 0.8944318294525146, -1, 1.0
18, 10017, 1026, 896, 208, 136, 0.6503243446350098, -1, 1.0
19, 10012, 576, 960, 102, 77, 0.8889949321746826, -1, 1.0
19, 10017, 1025, 896, 208, 136, 0.6584606170654297, -1, 1.0
20, 10012, 576, 960, 100, 77, 0.8837505578994751, -1, 1.0
20, 10017, 1025, 896, 208, 136, 0.624201774597168, -1, 1.0
21, 10012, 575, 962, 96, 75, 0.8701146245002747, -1, 1.0
21, 10017, 1025, 897, 208, 136, 0.5774854421615601, -1, 1.0
22, 10012, 574, 963, 94, 74, 0.8747826814651489, -1, 1.0
22, 10017, 1026, 896, 207, 136, 0.6276405453681946, -1, 1.0
23, 10012, 576, 963, 94, 74, 0.8797301650047302, -1, 1.0
23, 10017, 1027, 896, 207, 136, 0.6320383548736572, -1, 1.0
24, 10012, 576, 963, 94, 73, 0.883110761642456, -1, 1.0
24, 10017, 1027, 896, 206, 136, 0.6495579481124878, -1, 1.0
25, 10012, 578, 962, 96, 74, 0.8804973363876343, -1, 1.0
25, 10017, 1027, 896, 206, 136, 0.6472479701042175, -1, 1.0
26, 10012, 578, 962, 96, 74, 0.8754111528396606, -1, 1.0
26, 10017, 1026, 896, 207, 136, 0.6451950073242188, -1, 1.0
27, 10012, 576, 962, 94, 73, 0.8723123073577881, -1, 1.0
27, 10017, 1026, 896, 207, 137, 0.61918044090271, -1, 1.0
28, 10079, 590, 960, 108, 75, 0.872238039970398, -1, 1.0
28, 10012, 576, 963, 93, 73, 0.6018202900886536, -1, 1.0
28, 10017, 1026, 896, 207, 137, 0.5046069622039795, -1, 1.0
29, 10012, 577, 963, 93, 73, 0.8764113187789917, -1, 1.0
29, 10017, 1026, 896, 207, 137, 0.5901322960853577, -1, 1.0
30, 10012, 578, 963, 95, 73, 0.8820560574531555, -1, 1.0
30, 10017, 1026, 896, 207, 137, 0.5926863551139832, -1, 1.0
31, 10012, 578, 963, 95, 73, 0.8821557760238647, -1, 1.0
31, 10017, 1026, 895, 207, 137, 0.5896751880645752, -1, 1.0
32, 10012, 577, 964, 93, 72, 0.8776445984840393, -1, 1.0
32, 10017, 1026, 895, 207, 137, 0.6187055110931396, -1, 1.0
33, 10079, 591, 960, 106, 75, 0.8689340949058533, -1, 1.0
33, 10012, 577, 964, 92, 72, 0.6171021461486816, -1, 1.0
33, 10017, 1025, 896, 207, 137, 0.5213382244110107, -1, 1.0
34, 10012, 577, 965, 91, 71, 0.8645506501197815, -1, 1.0
34, 10017, 1025, 896, 207, 137, 0.6075474619865417, -1, 1.0
35, 10012, 577, 965, 90, 70, 0.8669601678848267, -1, 1.0
35, 10017, 1025, 896, 208, 137, 0.6210907101631165, -1, 1.0
36, 10012, 578, 966, 90, 70, 0.8745541572570801, -1, 1.0
36, 10017, 1025, 896, 208, 137, 0.6343494653701782, -1, 1.0
37, 10012, 579, 965, 90, 70, 0.880861222743988, -1, 1.0
37, 10017, 1026, 896, 208, 137, 0.6095439791679382, -1, 1.0
38, 10012, 579, 966, 90, 70, 0.8780690431594849, -1, 1.0
38, 10017, 1026, 895, 207, 137, 0.6376365423202515, -1, 1.0
39, 10012, 578, 967, 89, 69, 0.8720008134841919, -1, 1.0
39, 10017, 1026, 895, 207, 137, 0.6188293695449829, -1, 1.0
40, 10012, 578, 967, 89, 69, 0.864018976688385, -1, 1.0
40, 10017, 1025, 896, 207, 137, 0.6462537050247192, -1, 1.0
41, 10012, 579, 967, 88, 68, 0.864533543586731, -1, 1.0
41, 10017, 1025, 896, 207, 137, 0.653788685798645, -1, 1.0
42, 10012, 580, 967, 89, 68, 0.8602870106697083, -1, 1.0
42, 10017, 1025, 896, 207, 137, 0.634564220905304, -1, 1.0
43, 10012, 581, 966, 91, 69, 0.8663865923881531, -1, 1.0
43, 10017, 1026, 896, 207, 137, 0.6394279599189758, -1, 1.0
44, 10012, 580, 965, 92, 70, 0.8719201683998108, -1, 1.0
44, 10017, 1026, 896, 207, 137, 0.5960728526115417, -1, 1.0
45, 10012, 579, 965, 93, 70, 0.8718687295913696, -1, 1.0
45, 10017, 1026, 896, 207, 137, 0.589034914970398, -1, 1.0
46, 10012, 579, 965, 94, 71, 0.8619645237922668, -1, 1.0
46, 10017, 1026, 896, 207, 137, 0.5174692273139954, -1, 1.0
47, 10017, 1026, 896, 207, 137, 0.850898265838623, -1, 1.0
48, 10017, 1025, 896, 207, 137, 0.8555459976196289, -1, 1.0
49, 10017, 1025, 896, 207, 137, 0.8756009936332703, -1, 1.0
50, 10017, 1026, 896, 207, 137, 0.8825027942657471, -1, 1.0
51, 10017, 1026, 895, 207, 137, 0.8831303715705872, -1, 1.0
52, 10017, 1026, 895, 207, 137, 0.883539617061615, -1, 1.0
53, 10017, 1025, 895, 207, 137, 0.8792892694473267, -1, 1.0
54, 10017, 1025, 896, 207, 137, 0.8793344497680664, -1, 1.0
55, 10017, 1025, 895, 207, 137, 0.8785961866378784, -1, 1.0
56, 10105, 464, 1092, 130, 104, 0.8779874444007874, -1, 1.0
56, 10017, 1026, 896, 206, 137, 0.7347708344459534, -1, 1.0
57, 10105, 472, 1096, 135, 106, 0.8878226280212402, -1, 1.0
57, 10017, 1026, 895, 207, 137, 0.7870870232582092, -1, 1.0
58, 10105, 477, 1097, 140, 111, 0.8888811469078064, -1, 1.0
58, 10017, 1026, 895, 207, 137, 0.7976253032684326, -1, 1.0
59, 10105, 488, 1099, 141, 112, 0.8867548704147339, -1, 1.0
59, 10017, 1026, 896, 206, 137, 0.8105968832969666, -1, 1.0
60, 10105, 499, 1101, 148, 118, 0.8851049542427063, -1, 1.0
60, 10017, 1026, 896, 206, 137, 0.8684101104736328, -1, 1.0
61, 10105, 509, 1104, 153, 122, 0.8896009922027588, -1, 1.0
61, 10017, 1025, 896, 206, 136, 0.7875953316688538, -1, 1.0
62, 10105, 522, 1106, 160, 128, 0.8899015188217163, -1, 1.0
62, 10017, 1025, 896, 206, 136, 0.7500109076499939, -1, 1.0
63, 10105, 536, 1110, 167, 131, 0.8919246792793274, -1, 1.0
63, 10017, 1026, 896, 206, 136, 0.7253462672233582, -1, 1.0
64, 10105, 550, 1112, 174, 137, 0.8907846212387085, -1, 1.0
64, 10017, 1026, 895, 207, 137, 0.8163565397262573, -1, 1.0
65, 10105, 563, 1116, 180, 142, 0.8935547471046448, -1, 1.0
65, 10017, 1026, 895, 207, 137, 0.8068321347236633, -1, 1.0
66, 10105, 581, 1120, 190, 150, 0.8878681063652039, -1, 1.0
66, 10017, 1026, 895, 207, 137, 0.7360512018203735, -1, 1.0
67, 10105, 599, 1124, 199, 158, 0.8818774819374084, -1, 1.0
67, 10012, 581, 958, 120, 77, 0.8170506954193115, -1, 1.0
67, 10017, 1025, 895, 207, 137, 0.5097874999046326, -1, 1.0
68, 10105, 618, 1128, 210, 166, 0.8808149099349976, -1, 1.0
68, 10012, 580, 959, 119, 77, 0.8622433543205261, -1, 1.0
68, 10017, 1025, 896, 207, 137, 0.5081123113632202, -1, 1.0
69, 10105, 639, 1130, 220, 175, 0.9217411875724792, -1, 1.0
69, 10012, 580, 959, 120, 77, 0.8807889819145203, -1, 1.0
69, 10017, 1025, 896, 207, 137, 0.5269374847412109, -1, 1.0
70, 10105, 664, 1136, 232, 183, 0.890338122844696, -1, 1.0
70, 10012, 581, 958, 122, 78, 0.8860395550727844, -1, 1.0
70, 10017, 1026, 896, 207, 137, 0.554651141166687, -1, 1.0
71, 10105, 689, 1142, 246, 194, 0.9127821922302246, -1, 1.0
71, 10012, 581, 958, 123, 79, 0.8913451433181763, -1, 1.0
71, 10017, 1026, 896, 207, 137, 0.5226737856864929, -1, 1.0
72, 10105, 719, 1150, 262, 205, 0.910429060459137, -1, 1.0
72, 10012, 581, 957, 124, 79, 0.8885887265205383, -1, 1.0
72, 10017, 1026, 896, 207, 137, 0.5647256970405579, -1, 1.0
73, 10105, 751, 1157, 280, 215, 0.9048572778701782, -1, 1.0
73, 10017, 1026, 896, 207, 137, 0.8819350600242615, -1, 1.0
74, 10105, 789, 1166, 301, 231, 0.8756060600280762, -1, 1.0
74, 10017, 1026, 896, 207, 137, 0.8439856767654419, -1, 1.0
75, 10105, 829, 1175, 325, 249, 0.8975088000297546, -1, 1.0
75, 10017, 1026, 896, 207, 137, 0.8686447143554688, -1, 1.0
76, 10105, 875, 1185, 354, 267, 0.927463710308075, -1, 1.0
76, 10017, 1025, 896, 207, 137, 0.8780743479728699, -1, 1.0
77, 10105, 928, 1198, 389, 289, 0.8866743445396423, -1, 1.0
77, 10017, 1026, 895, 207, 138, 0.8307286500930786, -1, 1.0
78, 10105, 990, 1211, 431, 317, 0.8867979049682617, -1, 1.0
78, 10017, 1026, 895, 207, 138, 0.8387199640274048, -1, 1.0
79, 10105, 1063, 1228, 480, 348, 0.8869686722755432, -1, 1.0
79, 10017, 1026, 895, 207, 137, 0.7474337220191956, -1, 1.0
80, 10105, 1151, 1249, 540, 386, 0.877814531326294, -1, 1.0
80, 10017, 1026, 896, 207, 137, 0.7432941198348999, -1, 1.0
81, 10105, 1218, 1247, 547, 377, 0.8800494074821472, -1, 1.0
81, 10017, 1025, 896, 207, 136, 0.7992287874221802, -1, 1.0
82, 10105, 1342, 1265, 580, 370, 0.879347562789917, -1, 1.0
82, 10012, 577, 960, 113, 76, 0.7794381380081177, -1, 1.0
82, 10017, 1025, 896, 207, 136, 0.5648145079612732, -1, 1.0
83, 10012, 580, 960, 116, 77, 0.8788094520568848, -1, 1.0
83, 10017, 1026, 896, 207, 136, 0.5412165522575378, -1, 1.0
84, 10012, 581, 959, 119, 77, 0.8847120404243469, -1, 1.0
84, 10017, 1027, 896, 207, 136, 0.5257341265678406, -1, 1.0
85, 10012, 581, 959, 121, 78, 0.8869563341140747, -1, 1.0
85, 10017, 1026, 896, 207, 136, 0.5105755925178528, -1, 1.0
86, 10012, 581, 959, 122, 78, 0.8839811682701111, -1, 1.0
86, 10017, 1026, 896, 208, 136, 0.5457184314727783, -1, 1.0
87, 10012, 578, 959, 121, 78, 0.8768050670623779, -1, 1.0
87, 10017, 1025, 896, 208, 136, 0.5886752009391785, -1, 1.0
88, 10012, 578, 959, 120, 78, 0.8779484033584595, -1, 1.0
88, 10017, 1025, 896, 208, 136, 0.5629683136940002, -1, 1.0
89, 10017, 1025, 896, 208, 136, 0.8671053051948547, -1, 1.0
90, 10017, 1025, 896, 208, 136, 0.8754017949104309, -1, 1.0
91, 10017, 1025, 896, 208, 136, 0.8772614002227783, -1, 1.0
92, 10017, 1025, 896, 208, 136, 0.8754080533981323, -1, 1.0
93, 10017, 1025, 896, 208, 136, 0.8735911250114441, -1, 1.0
94, 10017, 1025, 896, 208, 136, 0.8690011501312256, -1, 1.0
95, 10017, 1025, 896, 208, 136, 0.8750086426734924, -1, 1.0
96, 10017, 1025, 896, 208, 136, 0.8760775327682495, -1, 1.0
97, 10017, 1025, 896, 208, 136, 0.8747144937515259, -1, 1.0
98, 10017, 1025, 896, 209, 136, 0.8714138865470886, -1, 1.0
99, 10017, 1026, 896, 208, 136, 0.8780330419540405, -1, 1.0
100, 10017, 1026, 896, 208, 137, 0.8705502152442932, -1, 1.0
101, 10017, 1026, 896, 208, 137, 0.86793452501297, -1, 1.0
102, 10017, 1026, 895, 208, 137, 0.8653295040130615, -1, 1.0
103, 10017, 1027, 896, 208, 137, 0.8589038252830505, -1, 1.0
104, 10017, 1027, 895, 208, 137, 0.8692474365234375, -1, 1.0
105, 10017, 1027, 895, 208, 137, 0.8705912232398987, -1, 1.0
106, 10017, 1026, 895, 208, 137, 0.8687773942947388, -1, 1.0
107, 10017, 1026, 896, 208, 137, 0.8642287850379944, -1, 1.0
108, 10017, 1026, 895, 208, 137, 0.8638995289802551, -1, 1.0
109, 10017, 1026, 895, 207, 137, 0.8663985729217529, -1, 1.0
110, 10017, 1026, 895, 207, 137, 0.8707982897758484, -1, 1.0
111, 10017, 1026, 895, 207, 137, 0.871304452419281, -1, 1.0
112, 10017, 1027, 895, 207, 137, 0.868467390537262, -1, 1.0
113, 10017, 1026, 895, 207, 137, 0.8712360262870789, -1, 1.0
114, 10155, 508, 1084, 158, 116, 0.8714078068733215, -1, 1.0
114, 10017, 1026, 896, 207, 137, 0.6407899260520935, -1, 1.0
115, 10155, 524, 1085, 159, 120, 0.871830940246582, -1, 1.0
115, 10017, 1026, 896, 207, 137, 0.6174536347389221, -1, 1.0
116, 10155, 537, 1085, 166, 127, 0.8728660941123962, -1, 1.0
116, 10017, 1026, 896, 207, 137, 0.7866377234458923, -1, 1.0
117, 10155, 551, 1085, 173, 131, 0.8771637082099915, -1, 1.0
117, 10017, 1026, 895, 207, 137, 0.8093400597572327, -1, 1.0
118, 10155, 565, 1088, 179, 135, 0.8767116069793701, -1, 1.0
118, 10017, 1027, 895, 207, 137, 0.7961900234222412, -1, 1.0
119, 10155, 581, 1090, 189, 141, 0.8802032470703125, -1, 1.0
119, 10017, 1027, 896, 207, 137, 0.7853245735168457, -1, 1.0
120, 10159, 579, 959, 119, 78, 0.8754327893257141, -1, 1.0
120, 10155, 598, 1091, 201, 148, 0.8181518316268921, -1, 1.0
120, 10017, 1027, 896, 207, 137, 0.6272719502449036, -1, 1.0
121, 10159, 578, 959, 118, 78, 0.8684654235839844, -1, 1.0
121, 10155, 619, 1093, 212, 154, 0.8598020672798157, -1, 1.0
121, 10017, 1026, 896, 208, 137, 0.5621923208236694, -1, 1.0
122, 10155, 639, 1096, 221, 163, 0.9012047052383424, -1, 1.0
122, 10017, 1027, 896, 208, 137, 0.8669077157974243, -1, 1.0
123, 10155, 663, 1100, 233, 172, 0.8681467771530151, -1, 1.0
123, 10017, 1027, 896, 208, 137, 0.7930889129638672, -1, 1.0
124, 10155, 684, 1104, 246, 182, 0.8944516181945801, -1, 1.0
124, 10017, 1027, 896, 208, 137, 0.8521602749824524, -1, 1.0
125, 10155, 715, 1106, 261, 194, 0.9117624163627625, -1, 1.0
125, 10017, 1027, 896, 208, 137, 0.8661431074142456, -1, 1.0
126, 10155, 745, 1112, 280, 207, 0.8928741216659546, -1, 1.0
126, 10017, 1028, 896, 208, 137, 0.8687132596969604, -1, 1.0
127, 10155, 781, 1116, 301, 219, 0.88221675157547, -1, 1.0
127, 10017, 1028, 896, 208, 137, 0.8707555532455444, -1, 1.0
128, 10155, 820, 1123, 325, 234, 0.8768437504768372, -1, 1.0
128, 10017, 1027, 896, 208, 137, 0.8608024716377258, -1, 1.0
129, 10155, 864, 1129, 353, 251, 0.8743988871574402, -1, 1.0
129, 10017, 1027, 895, 208, 137, 0.8641480803489685, -1, 1.0
130, 10155, 914, 1138, 385, 273, 0.884292483329773, -1, 1.0
130, 10017, 1027, 895, 207, 137, 0.8741977214813232, -1, 1.0
131, 10155, 971, 1148, 426, 293, 0.8904581069946289, -1, 1.0
131, 10017, 1027, 896, 207, 137, 0.7182703614234924, -1, 1.0
132, 10159, 578, 964, 104, 72, 0.8753437399864197, -1, 1.0
132, 10155, 1038, 1163, 479, 321, 0.730236828327179, -1, 1.0
132, 10017, 1027, 896, 207, 137, 0.561485230922699, -1, 1.0
133, 10159, 578, 964, 102, 72, 0.8704890012741089, -1, 1.0
133, 10155, 1121, 1178, 541, 354, 0.852785050868988, -1, 1.0
133, 10017, 1027, 895, 208, 137, 0.6301544308662415, -1, 1.0
134, 10159, 578, 964, 100, 71, 0.8689088821411133, -1, 1.0
134, 10017, 1027, 895, 208, 137, 0.6824356913566589, -1, 1.0
135, 10159, 578, 964, 99, 71, 0.8693764209747314, -1, 1.0
135, 10017, 1027, 895, 208, 137, 0.6790122389793396, -1, 1.0
136, 10159, 578, 964, 99, 71, 0.8682198524475098, -1, 1.0
136, 10017, 1027, 895, 208, 137, 0.669320285320282, -1, 1.0
137, 10159, 579, 964, 99, 71, 0.8727067112922668, -1, 1.0
137, 10017, 1027, 895, 208, 137, 0.6301484704017639, -1, 1.0
138, 10159, 581, 964, 101, 72, 0.8702765703201294, -1, 1.0
138, 10017, 1027, 895, 208, 137, 0.6573492288589478, -1, 1.0
139, 10159, 580, 963, 101, 72, 0.88303142786026, -1, 1.0
139, 10017, 1027, 895, 208, 137, 0.6307070255279541, -1, 1.0
140, 10159, 579, 963, 101, 72, 0.8780169486999512, -1, 1.0
140, 10017, 1026, 895, 207, 137, 0.6475597620010376, -1, 1.0
141, 10159, 579, 964, 99, 72, 0.874096691608429, -1, 1.0
141, 10017, 1026, 895, 207, 137, 0.646556556224823, -1, 1.0
142, 10159, 579, 964, 98, 72, 0.8723435997962952, -1, 1.0
142, 10017, 1026, 895, 207, 137, 0.643071711063385, -1, 1.0
143, 10159, 578, 964, 96, 71, 0.8761633038520813, -1, 1.0
143, 10017, 1026, 895, 207, 137, 0.6146448850631714, -1, 1.0
144, 10159, 579, 965, 95, 71, 0.8747232556343079, -1, 1.0
144, 10017, 1027, 895, 207, 137, 0.5978906154632568, -1, 1.0
145, 10159, 579, 964, 97, 72, 0.880835771560669, -1, 1.0
145, 10017, 1027, 895, 207, 137, 0.5306388735771179, -1, 1.0
146, 10159, 579, 963, 98, 72, 0.8827654123306274, -1, 1.0
146, 10017, 1027, 895, 207, 137, 0.5086356401443481, -1, 1.0
147, 10159, 579, 963, 99, 73, 0.8801158666610718, -1, 1.0
147, 10017, 1027, 896, 207, 136, 0.5367565751075745, -1, 1.0
148, 10159, 578, 962, 99, 73, 0.8787274360656738, -1, 1.0
148, 10017, 1027, 896, 207, 136, 0.5382300615310669, -1, 1.0
149, 10159, 578, 963, 98, 72, 0.8737850189208984, -1, 1.0
149, 10017, 1026, 896, 208, 136, 0.5581777691841125, -1, 1.0
150, 10159, 579, 964, 98, 72, 0.8677502870559692, -1, 1.0
150, 10017, 1027, 896, 208, 136, 0.5700426697731018, -1, 1.0
151, 10159, 580, 963, 101, 72, 0.8682262897491455, -1, 1.0
151, 10017, 1027, 896, 208, 136, 0.5403000116348267, -1, 1.0
152, 10159, 580, 963, 102, 73, 0.8707704544067383, -1, 1.0
152, 10017, 1026, 896, 209, 136, 0.5403923988342285, -1, 1.0
153, 10159, 579, 963, 102, 72, 0.865443229675293, -1, 1.0
153, 10017, 1026, 896, 209, 136, 0.5633012652397156, -1, 1.0
154, 10159, 579, 962, 102, 73, 0.8670106530189514, -1, 1.0
154, 10017, 1026, 896, 209, 136, 0.6104875802993774, -1, 1.0
155, 10159, 580, 962, 103, 73, 0.8666183352470398, -1, 1.0
155, 10017, 1027, 896, 209, 136, 0.595477283000946, -1, 1.0
156, 10159, 580, 962, 104, 73, 0.868369460105896, -1, 1.0
156, 10017, 1026, 896, 209, 136, 0.600652813911438, -1, 1.0
157, 10017, 1026, 896, 209, 136, 0.8672018051147461, -1, 1.0
158, 10017, 1026, 896, 209, 136, 0.8645605444908142, -1, 1.0
159, 10159, 579, 962, 106, 73, 0.8688192367553711, -1, 1.0
159, 10017, 1026, 896, 209, 137, 0.587984561920166, -1, 1.0
160, 10159, 578, 962, 104, 74, 0.8661929965019226, -1, 1.0
160, 10017, 1026, 896, 209, 137, 0.5496455430984497, -1, 1.0
161, 10159, 577, 962, 101, 73, 0.8585757613182068, -1, 1.0
161, 10017, 1026, 896, 209, 137, 0.5702515840530396, -1, 1.0
162, 10159, 578, 962, 101, 74, 0.8659334182739258, -1, 1.0
162, 10017, 1026, 896, 209, 137, 0.565673291683197, -1, 1.0
163, 10159, 578, 962, 101, 73, 0.8666681051254272, -1, 1.0
163, 10017, 1026, 896, 209, 137, 0.5667141079902649, -1, 1.0
164, 10159, 580, 962, 102, 74, 0.8690453767776489, -1, 1.0
164, 10017, 1026, 895, 209, 137, 0.537031888961792, -1, 1.0
165, 10159, 579, 962, 101, 74, 0.8682218194007874, -1, 1.0
165, 10017, 1026, 895, 209, 137, 0.5346028804779053, -1, 1.0
166, 10159, 578, 963, 99, 73, 0.867072582244873, -1, 1.0
166, 10017, 1026, 896, 208, 137, 0.5920600295066833, -1, 1.0
167, 10159, 579, 963, 99, 73, 0.8661633729934692, -1, 1.0
167, 10017, 1026, 896, 208, 137, 0.5906773209571838, -1, 1.0
168, 10159, 579, 963, 98, 73, 0.8685049414634705, -1, 1.0
168, 10017, 1026, 896, 208, 137, 0.6120763421058655, -1, 1.0
169, 10159, 579, 962, 99, 73, 0.8761523962020874, -1, 1.0
169, 10017, 1026, 896, 208, 137, 0.5546372532844543, -1, 1.0
170, 10159, 580, 962, 99, 74, 0.8762544393539429, -1, 1.0
170, 10017, 1027, 896, 208, 137, 0.5246990919113159, -1, 1.0
171, 10159, 580, 962, 99, 74, 0.8771782517433167, -1, 1.0
171, 10017, 1027, 896, 208, 137, 0.5186735391616821, -1, 1.0
172, 10159, 579, 962, 98, 74, 0.8780816197395325, -1, 1.0
172, 10017, 1027, 896, 208, 137, 0.5123361349105835, -1, 1.0
173, 10159, 580, 962, 98, 74, 0.8743706345558167, -1, 1.0
173, 10017, 1027, 896, 208, 137, 0.5192088484764099, -1, 1.0
174, 10159, 580, 962, 98, 74, 0.8739667534828186, -1, 1.0
174, 10017, 1027, 896, 208, 137, 0.5633746385574341, -1, 1.0
175, 10159, 580, 962, 98, 74, 0.8745436668395996, -1, 1.0
175, 10017, 1026, 896, 208, 137, 0.5324614644050598, -1, 1.0
176, 10159, 580, 962, 98, 74, 0.876546323299408, -1, 1.0
176, 10017, 1027, 896, 208, 137, 0.5087058544158936, -1, 1.0
177, 10159, 580, 962, 99, 74, 0.8761301636695862, -1, 1.0
177, 10017, 1027, 896, 208, 137, 0.5131729245185852, -1, 1.0
178, 10159, 580, 962, 99, 74, 0.8761767148971558, -1, 1.0
178, 10017, 1027, 895, 208, 137, 0.5133267045021057, -1, 1.0
179, 10017, 1027, 895, 208, 137, 0.8851315975189209, -1, 1.0
180, 10017, 1027, 895, 208, 137, 0.882523775100708, -1, 1.0
181, 10017, 1027, 895, 208, 137, 0.8710815906524658, -1, 1.0
182, 10159, 578, 962, 97, 73, 0.8712447881698608, -1, 1.0
182, 10017, 1028, 895, 208, 137, 0.5860975384712219, -1, 1.0
183, 10159, 579, 962, 97, 73, 0.8757463693618774, -1, 1.0
183, 10017, 1028, 895, 208, 137, 0.5534496903419495, -1, 1.0
184, 10159, 579, 962, 98, 73, 0.8798078298568726, -1, 1.0
184, 10017, 1028, 895, 208, 136, 0.5699642896652222, -1, 1.0
185, 10159, 578, 962, 98, 73, 0.8772072196006775, -1, 1.0
185, 10017, 1028, 895, 208, 136, 0.57916659116745, -1, 1.0
186, 10159, 577, 962, 98, 73, 0.8776035904884338, -1, 1.0
186, 10017, 1028, 895, 208, 136, 0.6045201420783997, -1, 1.0
187, 10159, 577, 961, 97, 73, 0.8729571104049683, -1, 1.0
187, 10017, 1028, 896, 208, 136, 0.6418768763542175, -1, 1.0
188, 10159, 577, 961, 97, 74, 0.8743982911109924, -1, 1.0
188, 10017, 1028, 896, 208, 136, 0.6551576256752014, -1, 1.0
189, 10159, 578, 962, 97, 73, 0.8773896098136902, -1, 1.0
189, 10017, 1027, 896, 207, 136, 0.5985381603240967, -1, 1.0
190, 10159, 578, 963, 98, 73, 0.8733479380607605, -1, 1.0
190, 10017, 1027, 896, 207, 136, 0.561343252658844, -1, 1.0
191, 10159, 578, 962, 99, 74, 0.8707032203674316, -1, 1.0
191, 10017, 1028, 896, 207, 136, 0.5882911086082458, -1, 1.0
192, 10159, 578, 962, 99, 74, 0.871549665927887, -1, 1.0
192, 10017, 1028, 896, 207, 136, 0.5836265683174133, -1, 1.0
193, 10159, 578, 962, 99, 74, 0.8755326867103577, -1, 1.0
193, 10017, 1027, 896, 208, 136, 0.6159430146217346, -1, 1.0
194, 10159, 578, 962, 99, 74, 0.8755027055740356, -1, 1.0
194, 10017, 1027, 896, 208, 136, 0.6182529926300049, -1, 1.0
195, 10159, 578, 963, 99, 73, 0.874151885509491, -1, 1.0
195, 10017, 1027, 896, 208, 136, 0.6370859146118164, -1, 1.0
196, 10159, 579, 963, 99, 73, 0.8724817037582397, -1, 1.0
196, 10017, 1027, 896, 208, 136, 0.593527615070343, -1, 1.0
197, 10159, 578, 963, 99, 73, 0.8729562759399414, -1, 1.0
197, 10017, 1027, 896, 208, 136, 0.5593939423561096, -1, 1.0
198, 10159, 578, 962, 99, 74, 0.8722124695777893, -1, 1.0
198, 10017, 1027, 895, 208, 136, 0.5185903310775757, -1, 1.0
199, 10159, 580, 961, 102, 74, 0.8723267316818237, -1, 1.0
199, 10017, 1028, 895, 208, 137, 0.5856255292892456, -1, 1.0
200, 10159, 579, 961, 102, 74, 0.8679524064064026, -1, 1.0
200, 10017, 1028, 895, 208, 137, 0.6183063387870789, -1, 1.0
201, 10159, 578, 962, 102, 74, 0.8678995966911316, -1, 1.0
201, 10017, 1028, 895, 209, 137, 0.6323761940002441, -1, 1.0
202, 10159, 577, 962, 101, 74, 0.8693415522575378, -1, 1.0
202, 10017, 1028, 895, 209, 137, 0.5896779894828796, -1, 1.0
203, 10159, 577, 962, 100, 74, 0.8743114471435547, -1, 1.0
203, 10017, 1028, 895, 209, 137, 0.5667755007743835, -1, 1.0
204, 10159, 579, 961, 102, 74, 0.875288188457489, -1, 1.0
204, 10017, 1028, 895, 209, 137, 0.5733420252799988, -1, 1.0
205, 10159, 581, 961, 105, 75, 0.8752696514129639, -1, 1.0
205, 10017, 1028, 895, 210, 137, 0.5259188413619995, -1, 1.0
206, 10159, 581, 961, 106, 75, 0.8728213906288147, -1, 1.0
206, 10017, 1028, 895, 210, 137, 0.541128933429718, -1, 1.0
207, 10159, 580, 961, 106, 75, 0.8678776025772095, -1, 1.0
207, 10017, 1028, 895, 210, 137, 0.5960553884506226, -1, 1.0
208, 10159, 580, 961, 106, 75, 0.8670112490653992, -1, 1.0
208, 10017, 1028, 895, 210, 137, 0.6564770936965942, -1, 1.0
209, 10159, 580, 961, 107, 75, 0.8659515976905823, -1, 1.0
209, 10017, 1028, 896, 210, 137, 0.6745088696479797, -1, 1.0
210, 10159, 582, 960, 110, 75, 0.88581782579422, -1, 1.0
210, 10017, 1028, 895, 210, 137, 0.660784125328064, -1, 1.0
211, 10159, 582, 960, 112, 76, 0.886394202709198, -1, 1.0
211, 10017, 1028, 895, 210, 137, 0.670172929763794, -1, 1.0
212, 10159, 582, 960, 115, 76, 0.888181209564209, -1, 1.0
212, 10017, 1028, 895, 211, 137, 0.678396463394165, -1, 1.0
213, 10159, 582, 959, 116, 77, 0.888620913028717, -1, 1.0
213, 10017, 1028, 895, 211, 137, 0.6320151090621948, -1, 1.0
214, 10159, 582, 959, 118, 77, 0.8879052996635437, -1, 1.0
214, 10017, 1027, 895, 212, 137, 0.6245312690734863, -1, 1.0
215, 10159, 582, 959, 119, 78, 0.8883323669433594, -1, 1.0
215, 10017, 1027, 895, 212, 138, 0.6021655201911926, -1, 1.0
216, 10159, 582, 959, 120, 78, 0.8873952031135559, -1, 1.0
216, 10017, 1027, 895, 212, 138, 0.6455974578857422, -1, 1.0
217, 10159, 581, 959, 120, 78, 0.8871784210205078, -1, 1.0
217, 10017, 1028, 895, 212, 137, 0.6691873073577881, -1, 1.0
218, 10159, 581, 959, 120, 78, 0.8893981575965881, -1, 1.0
218, 10017, 1028, 895, 212, 137, 0.6551815867424011, -1, 1.0
219, 10159, 581, 959, 121, 78, 0.7168088555335999, -1, 1.0
219, 10017, 1027, 895, 212, 137, 0.6351124048233032, -1, 1.0
220, 10259, 510, 1089, 143, 113, 0.8861880302429199, -1, 1.0
220, 10159, 581, 959, 120, 78, 0.8146162033081055, -1, 1.0
220, 10017, 1027, 895, 212, 137, 0.6536880731582642, -1, 1.0
221, 10259, 519, 1094, 145, 115, 0.8857561945915222, -1, 1.0
221, 10159, 579, 959, 118, 77, 0.7658732533454895, -1, 1.0
221, 10017, 1027, 895, 212, 137, 0.6375970840454102, -1, 1.0
222, 10259, 533, 1096, 150, 121, 0.8857566714286804, -1, 1.0
222, 10159, 579, 959, 117, 77, 0.703565776348114, -1, 1.0
222, 10017, 1027, 895, 212, 137, 0.6245793700218201, -1, 1.0
223, 10259, 541, 1096, 157, 127, 0.8857179284095764, -1, 1.0
223, 10159, 581, 959, 119, 78, 0.7133142352104187, -1, 1.0
223, 10017, 1027, 895, 212, 137, 0.5217121243476868, -1, 1.0
224, 10259, 554, 1098, 163, 133, 0.8862079381942749, -1, 1.0
224, 10159, 581, 959, 119, 77, 0.7742257714271545, -1, 1.0
224, 10017, 1027, 895, 212, 137, 0.5529310703277588, -1, 1.0
225, 10259, 565, 1099, 169, 139, 0.8892326354980469, -1, 1.0
225, 10159, 582, 959, 120, 77, 0.8412894606590271, -1, 1.0
225, 10017, 1027, 895, 212, 137, 0.5814973711967468, -1, 1.0
226, 10259, 580, 1102, 175, 142, 0.8845683932304382, -1, 1.0
226, 10159, 580, 959, 120, 77, 0.825698733329773, -1, 1.0
226, 10017, 1027, 895, 212, 137, 0.6509137749671936, -1, 1.0
227, 10259, 595, 1105, 181, 148, 0.8825334906578064, -1, 1.0
227, 10159, 579, 960, 120, 77, 0.771442174911499, -1, 1.0
227, 10017, 1027, 895, 212, 137, 0.6567419171333313, -1, 1.0
228, 10259, 613, 1110, 191, 155, 0.8842049241065979, -1, 1.0
228, 10159, 577, 960, 116, 76, 0.6759098172187805, -1, 1.0
228, 10017, 1027, 895, 212, 137, 0.6257014870643616, -1, 1.0
229, 10259, 632, 1117, 200, 161, 0.8880893588066101, -1, 1.0
229, 10159, 577, 960, 113, 76, 0.8670688271522522, -1, 1.0
229, 10017, 1027, 895, 212, 136, 0.6711503863334656, -1, 1.0
230, 10259, 650, 1121, 208, 169, 0.888805627822876, -1, 1.0
230, 10159, 578, 960, 112, 76, 0.8183149695396423, -1, 1.0
230, 10017, 1027, 895, 211, 136, 0.6559691429138184, -1, 1.0
231, 10259, 672, 1126, 217, 175, 0.8880640864372253, -1, 1.0
231, 10159, 578, 961, 111, 76, 0.8754988312721252, -1, 1.0
231, 10017, 1027, 896, 211, 136, 0.6361105442047119, -1, 1.0
232, 10259, 697, 1130, 228, 184, 0.9302284717559814, -1, 1.0
232, 10159, 578, 960, 111, 76, 0.8877435922622681, -1, 1.0
232, 10017, 1027, 896, 210, 136, 0.610773503780365, -1, 1.0
233, 10259, 725, 1137, 241, 193, 0.8964119553565979, -1, 1.0
233, 10159, 578, 960, 110, 76, 0.8844702839851379, -1, 1.0
233, 10017, 1028, 896, 210, 136, 0.6209185123443604, -1, 1.0
234, 10259, 755, 1145, 256, 204, 0.8826869130134583, -1, 1.0
234, 10159, 577, 960, 110, 76, 0.8817257285118103, -1, 1.0
234, 10017, 1028, 896, 210, 136, 0.5944609045982361, -1, 1.0
235, 10259, 788, 1153, 271, 214, 0.923802375793457, -1, 1.0
235, 10159, 577, 960, 109, 76, 0.8770983219146729, -1, 1.0
235, 10017, 1028, 896, 209, 136, 0.5700114965438843, -1, 1.0
236, 10259, 828, 1161, 292, 228, 0.8833996653556824, -1, 1.0
236, 10159, 578, 960, 110, 77, 0.8737339973449707, -1, 1.0
236, 10017, 1028, 896, 209, 136, 0.6336965560913086, -1, 1.0
237, 10259, 870, 1170, 318, 246, 0.9019061326980592, -1, 1.0
237, 10159, 578, 960, 109, 77, 0.889075517654419, -1, 1.0
237, 10017, 1028, 896, 209, 137, 0.6310195326805115, -1, 1.0
238, 10259, 920, 1181, 347, 265, 0.9233567118644714, -1, 1.0
238, 10159, 577, 960, 109, 77, 0.8938931822776794, -1, 1.0
238, 10017, 1028, 896, 209, 137, 0.6050129532814026, -1, 1.0
239, 10259, 977, 1197, 381, 288, 0.9228642582893372, -1, 1.0
239, 10159, 577, 960, 109, 77, 0.8940746188163757, -1, 1.0
239, 10017, 1028, 895, 209, 137, 0.611807107925415, -1, 1.0
240, 10259, 1042, 1211, 421, 314, 0.876700758934021, -1, 1.0
240, 10159, 577, 960, 107, 76, 0.8721784353256226, -1, 1.0
240, 10017, 1026, 895, 209, 137, 0.508775532245636, -1, 1.0
241, 10259, 1124, 1228, 473, 346, 0.8822695016860962, -1, 1.0
241, 10159, 577, 960, 106, 76, 0.8769057989120483, -1, 1.0
241, 10017, 1026, 895, 208, 136, 0.515912652015686, -1, 1.0
242, 10259, 1224, 1252, 535, 386, 0.8848065137863159, -1, 1.0
242, 10159, 577, 960, 105, 76, 0.8791115283966064, -1, 1.0
242, 10017, 1026, 895, 207, 136, 0.5187163949012756, -1, 1.0
243, 10259, 1346, 1280, 606, 430, 0.8739699125289917, -1, 1.0
243, 10017, 1026, 895, 207, 136, 0.7224392890930176, -1, 1.0
244, 10017, 1026, 895, 206, 136, 0.8695876598358154, -1, 1.0
245, 10017, 1026, 895, 206, 136, 0.8734350204467773, -1, 1.0
246, 10159, 578, 960, 105, 76, 0.8720883131027222, -1, 1.0
246, 10017, 1026, 895, 206, 136, 0.8414463400840759, -1, 1.0
247, 10259, 1978, 1406, 581, 505, 0.871757447719574, -1, 1.0
247, 10159, 578, 960, 105, 76, 0.7333634495735168, -1, 1.0
247, 10017, 1026, 895, 206, 136, 0.5189409255981445, -1, 1.0
248, 10159, 578, 960, 105, 76, 0.8735092282295227, -1, 1.0
248, 10017, 1026, 895, 206, 136, 0.5485622882843018, -1, 1.0
249, 10017, 1026, 895, 206, 136, 0.8757668137550354, -1, 1.0
250, 10017, 1027, 896, 205, 136, 0.8833467364311218, -1, 1.0
251, 10159, 576, 961, 102, 75, 0.8823157548904419, -1, 1.0
251, 10017, 1027, 896, 205, 136, 0.5415135025978088, -1, 1.0
252, 10159, 576, 961, 101, 75, 0.8832272291183472, -1, 1.0
252, 10017, 1027, 896, 205, 136, 0.5827507972717285, -1, 1.0
253, 10159, 577, 961, 101, 75, 0.868449866771698, -1, 1.0
253, 10017, 1027, 896, 205, 136, 0.7654860615730286, -1, 1.0
254, 10159, 577, 961, 100, 75, 0.8689926862716675, -1, 1.0
254, 10017, 1027, 896, 205, 136, 0.6023846864700317, -1, 1.0
255, 10159, 576, 961, 99, 75, 0.8692971467971802, -1, 1.0
255, 10017, 1027, 896, 205, 136, 0.7288594841957092, -1, 1.0
256, 10288, 1176, 889, 626, 384, 0.8852157592773438, -1, 1.0
256, 10159, 577, 960, 100, 76, 0.8545876741409302, -1, 1.0
256, 10017, 1026, 896, 205, 136, 0.6355200409889221, -1, 1.0
257, 10288, 1075, 900, 595, 349, 0.9175631403923036, -1, 1.0
257, 10159, 579, 960, 101, 75, 0.6750103831291199, -1, 1.0
257, 10017, 1026, 897, 204, 135, 0.622828483581543, -1, 1.0
258, 10288, 990, 904, 554, 320, 0.8066023588180542, -1, 1.0
258, 10159, 578, 960, 102, 75, 0.6096903681755066, -1, 1.0
259, 10288, 930, 901, 510, 303, 0.8382322192192078, -1, 1.0
259, 10159, 579, 961, 102, 75, 0.6072499752044678, -1, 1.0
260, 10288, 878, 900, 465, 287, 0.9150632619857788, -1, 1.0
260, 10159, 578, 961, 101, 75, 0.6267745494842529, -1, 1.0
261, 10288, 836, 906, 423, 272, 0.9110793471336364, -1, 1.0
261, 10159, 579, 961, 100, 75, 0.632144570350647, -1, 1.0
262, 10288, 807, 921, 389, 251, 0.8792581558227539, -1, 1.0
262, 10159, 580, 961, 101, 75, 0.7382165193557739, -1, 1.0
263, 10288, 778, 938, 359, 229, 0.7203026413917542, -1, 1.0
263, 10159, 581, 961, 104, 76, 0.5494399666786194, -1, 1.0
263, 10017, 1034, 893, 199, 117, 0.5274240374565125, -1, 1.0
264, 10288, 746, 955, 318, 207, 0.8477185368537903, -1, 1.0
264, 10159, 583, 961, 108, 76, 0.8288224339485168, -1, 1.0
264, 10017, 1034, 897, 199, 122, 0.5306330323219299, -1, 1.0
265, 10288, 720, 963, 286, 189, 0.8628418445587158, -1, 1.0
265, 10017, 1032, 899, 200, 126, 0.831357479095459, -1, 1.0
266, 10288, 701, 972, 254, 171, 0.8792173266410828, -1, 1.0
266, 10017, 1030, 898, 201, 129, 0.7997689247131348, -1, 1.0
267, 10288, 685, 975, 227, 157, 0.8905228972434998, -1, 1.0
267, 10017, 1028, 898, 202, 131, 0.6572716236114502, -1, 1.0
268, 10288, 671, 981, 201, 141, 0.8806809782981873, -1, 1.0
268, 10017, 1027, 897, 203, 133, 0.799082338809967, -1, 1.0
269, 10288, 657, 986, 178, 126, 0.8801758885383606, -1, 1.0
269, 10017, 1026, 896, 204, 135, 0.7384020686149597, -1, 1.0
270, 10017, 1027, 896, 205, 136, 0.8839210867881775, -1, 1.0
271, 10159, 583, 953, 125, 84, 0.8765396475791931, -1, 1.0
271, 10017, 1026, 895, 206, 136, 0.5502720475196838, -1, 1.0
272, 10017, 1026, 895, 206, 137, 0.882993221282959, -1, 1.0
273, 10296, 583, 968, 192, 146, 0.8795474171638489, -1, 1.0
273, 10017, 1026, 895, 206, 137, 0.5020885467529297, -1, 1.0
274, 10296, 572, 979, 179, 137, 0.8849302530288696, -1, 1.0
274, 10017, 1026, 896, 206, 137, 0.7991988062858582, -1, 1.0
275, 10296, 564, 988, 166, 126, 0.8854408264160156, -1, 1.0
275, 10017, 1026, 896, 206, 137, 0.7559689283370972, -1, 1.0
276, 10296, 550, 975, 163, 131, 0.8891527652740479, -1, 1.0
276, 10017, 1026, 896, 206, 137, 0.7945080399513245, -1, 1.0
277, 10296, 536, 979, 155, 126, 0.8795887231826782, -1, 1.0
277, 10017, 1027, 896, 206, 137, 0.8328131437301636, -1, 1.0
278, 10296, 528, 981, 149, 121, 0.8802183866500854, -1, 1.0
278, 10017, 1027, 895, 206, 137, 0.8557567000389099, -1, 1.0
279, 10296, 518, 981, 144, 119, 0.879697859287262, -1, 1.0
279, 10017, 1027, 895, 206, 137, 0.8633483648300171, -1, 1.0
280, 10296, 510, 988, 137, 112, 0.8789929151535034, -1, 1.0
280, 10017, 1027, 895, 206, 137, 0.8272003531455994, -1, 1.0
281, 10296, 503, 990, 131, 107, 0.8776224851608276, -1, 1.0
281, 10017, 1027, 895, 206, 137, 0.8199251294136047, -1, 1.0
282, 10296, 497, 991, 129, 103, 0.8792055249214172, -1, 1.0
282, 10017, 1027, 895, 206, 137, 0.6451632380485535, -1, 1.0
283, 10296, 488, 990, 127, 102, 0.8808377385139465, -1, 1.0
283, 10017, 1027, 895, 206, 137, 0.5200029015541077, -1, 1.0
284, 10296, 479, 994, 120, 96, 0.8827424645423889, -1, 1.0
284, 10017, 1027, 895, 206, 137, 0.5570880770683289, -1, 1.0
285, 10017, 1027, 895, 206, 137, 0.8818756341934204, -1, 1.0
286, 10017, 1027, 895, 206, 137, 0.8827762603759766, -1, 1.0
287, 10017, 1027, 895, 206, 137, 0.8797889351844788, -1, 1.0
288, 10017, 1027, 895, 206, 137, 0.8796033263206482, -1, 1.0
289, 10017, 1027, 895, 206, 137, 0.8740805387496948, -1, 1.0
290, 10017, 1027, 895, 206, 137, 0.8749879002571106, -1, 1.0
291, 10017, 1027, 895, 206, 137, 0.8724358677864075, -1, 1.0
292, 10017, 1027, 895, 206, 137, 0.8734498620033264, -1, 1.0
293, 10017, 1027, 895, 206, 137, 0.8712216019630432, -1, 1.0
294, 10017, 1027, 895, 206, 137, 0.8739435076713562, -1, 1.0
295, 10017, 1027, 895, 206, 138, 0.875480592250824, -1, 1.0
296, 10017, 1027, 895, 206, 138, 0.8764594197273254, -1, 1.0
297, 10017, 1027, 895, 206, 137, 0.8759734034538269, -1, 1.0
298, 10017, 1027, 895, 206, 137, 0.8747647404670715, -1, 1.0
299, 10017, 1027, 895, 206, 137, 0.8738580346107483, -1, 1.0
300, 10017, 1027, 895, 206, 137, 0.8736928105354309, -1, 1.0
301, 10017, 1027, 895, 206, 137, 0.8711182475090027, -1, 1.0
302, 10017, 1027, 895, 206, 137, 0.870979368686676, -1, 1.0
303, 10017, 1027, 895, 206, 137, 0.5589225888252258, -1, 1.0
304, 10017, 1027, 895, 206, 137, 0.5392802357673645, -1, 1.0
305, 10017, 1027, 895, 206, 137, 0.5261505246162415, -1, 1.0
306, 10326, 576, 957, 124, 80, 0.8710828423500061, -1, 1.0
306, 10017, 1027, 895, 206, 137, 0.541495144367218, -1, 1.0
307, 10326, 576, 957, 124, 80, 0.8707318305969238, -1, 1.0
307, 10017, 1027, 895, 206, 137, 0.5464728474617004, -1, 1.0
308, 10326, 576, 957, 123, 80, 0.8711490631103516, -1, 1.0
308, 10017, 1027, 895, 206, 137, 0.5367802977561951, -1, 1.0
309, 10326, 576, 957, 123, 80, 0.8716181516647339, -1, 1.0
309, 10017, 1027, 895, 206, 137, 0.5643749237060547, -1, 1.0
310, 10017, 1027, 895, 206, 137, 0.875324010848999, -1, 1.0
311, 10017, 1027, 895, 206, 137, 0.8764049410820007, -1, 1.0
312, 10017, 1027, 895, 206, 138, 0.8799363970756531, -1, 1.0
313, 10017, 1026, 895, 207, 138, 0.877987802028656, -1, 1.0
314, 10017, 1026, 895, 207, 138, 0.8779100775718689, -1, 1.0
315, 10017, 1026, 894, 207, 138, 0.8807095885276794, -1, 1.0
316, 10017, 1026, 894, 207, 138, 0.8783559799194336, -1, 1.0
317, 10017, 1026, 894, 207, 138, 0.8771718144416809, -1, 1.0
318, 10017, 1026, 894, 207, 138, 0.8767347931861877, -1, 1.0
319, 10017, 1026, 894, 207, 138, 0.877284824848175, -1, 1.0
320, 10017, 1026, 894, 207, 138, 0.8781267404556274, -1, 1.0
321, 10017, 1026, 895, 207, 138, 0.8758732080459595, -1, 1.0
322, 10017, 1026, 895, 207, 138, 0.8760513663291931, -1, 1.0
323, 10017, 1026, 895, 207, 138, 0.8773293495178223, -1, 1.0
324, 10017, 1026, 895, 207, 138, 0.8778616189956665, -1, 1.0
325, 10017, 1026, 895, 207, 137, 0.8820065259933472, -1, 1.0
326, 10017, 1026, 895, 207, 137, 0.8807582259178162, -1, 1.0
327, 10017, 1026, 895, 207, 137, 0.8802099823951721, -1, 1.0
328, 10017, 1026, 895, 207, 137, 0.879647970199585, -1, 1.0
329, 10017, 1026, 895, 207, 137, 0.8795307278633118, -1, 1.0
330, 10017, 1026, 895, 207, 137, 0.8806663155555725, -1, 1.0
331, 10017, 1026, 895, 207, 137, 0.8825582265853882, -1, 1.0
332, 10017, 1026, 895, 207, 137, 0.8831325173377991, -1, 1.0
333, 10017, 1026, 895, 207, 137, 0.8831962943077087, -1, 1.0
334, 10017, 1026, 895, 207, 137, 0.8800070285797119, -1, 1.0
335, 10017, 1026, 895, 207, 137, 0.8813414573669434, -1, 1.0
336, 10017, 1026, 895, 207, 137, 0.8819924592971802, -1, 1.0
337, 10017, 1026, 895, 207, 137, 0.8769649267196655, -1, 1.0
338, 10017, 1027, 895, 207, 137, 0.8799124360084534, -1, 1.0
339, 10017, 1027, 895, 207, 137, 0.8796897530555725, -1, 1.0
340, 10017, 1027, 895, 207, 137, 0.8753545880317688, -1, 1.0
341, 10017, 1026, 895, 207, 137, 0.8723523020744324, -1, 1.0
342, 10017, 1026, 895, 206, 137, 0.8677122592926025, -1, 1.0
343, 10017, 1026, 895, 206, 137, 0.8685191869735718, -1, 1.0
344, 10017, 1026, 895, 206, 137, 0.8709887266159058, -1, 1.0
345, 10017, 1027, 895, 206, 137, 0.8712224364280701, -1, 1.0
346, 10017, 1027, 895, 206, 137, 0.872049868106842, -1, 1.0
347, 10017, 1027, 895, 206, 137, 0.8708639144897461, -1, 1.0
348, 10017, 1027, 895, 206, 137, 0.8689466118812561, -1, 1.0
349, 10017, 1027, 895, 205, 138, 0.8616898655891418, -1, 1.0
350, 10017, 1028, 894, 205, 137, 0.8282231688499451, -1, 1.0
351, 10017, 1028, 894, 205, 137, 0.8400156497955322, -1, 1.0
352, 10017, 1028, 894, 205, 137, 0.87732994556427, -1, 1.0
353, 10017, 1028, 894, 205, 137, 0.8742542862892151, -1, 1.0
354, 10017, 1028, 894, 205, 137, 0.8714919090270996, -1, 1.0
355, 10358, 1308, 921, 574, 326, 0.878537118434906, -1, 1.0
355, 10017, 1029, 894, 205, 137, 0.8712727427482605, -1, 1.0
356, 10358, 1222, 930, 524, 297, 0.9394707083702089, -1, 1.0
356, 10017, 1029, 895, 205, 136, 0.87551349401474, -1, 1.0
357, 10358, 1154, 938, 477, 272, 0.9295899868011476, -1, 1.0
357, 10017, 1029, 895, 205, 136, 0.8652325868606567, -1, 1.0
358, 10358, 1094, 947, 430, 249, 0.924952745437622, -1, 1.0
358, 10017, 1028, 895, 205, 136, 0.8753507733345032, -1, 1.0
359, 10358, 1016, 922, 406, 240, 0.9387946724891664, -1, 1.0
359, 10017, 1027, 897, 204, 135, 0.8086898922920227, -1, 1.0
360, 10017, 1028, 896, 205, 133, 0.938481330871582, -1, 1.0
361, 10017, 1026, 892, 207, 126, 0.7106422781944275, -1, 1.0
362, 10017, 1026, 891, 208, 118, 0.7828324437141418, -1, 1.0
363, 10017, 1027, 892, 205, 114, 0.8104268908500671, -1, 1.0
366, 10017, 1029, 900, 205, 124, 0.8205074667930603, -1, 1.0
367, 10017, 1029, 899, 205, 127, 0.8656003475189209, -1, 1.0
368, 10017, 1029, 898, 205, 130, 0.8647444248199463, -1, 1.0
369, 10361, 773, 1002, 162, 115, 0.8804174065589905, -1, 1.0
369, 10017, 1028, 897, 205, 132, 0.7483838796615601, -1, 1.0
370, 10361, 753, 1004, 150, 108, 0.8639571070671082, -1, 1.0
370, 10017, 1026, 896, 207, 134, 0.7908815145492554, -1, 1.0
371, 10361, 735, 1011, 140, 99, 0.8629798889160156, -1, 1.0
371, 10017, 1026, 895, 207, 135, 0.7131862640380859, -1, 1.0
372, 10361, 719, 1014, 131, 92, 0.8546783328056335, -1, 1.0
372, 10017, 1026, 895, 207, 136, 0.7039868235588074, -1, 1.0
373, 10017, 1027, 895, 207, 136, 0.8528088927268982, -1, 1.0
374, 10017, 1027, 895, 207, 137, 0.8538371324539185, -1, 1.0
375, 10017, 1028, 895, 206, 137, 0.8583649396896362, -1, 1.0
376, 10017, 1028, 895, 206, 137, 0.8502103686332703, -1, 1.0
377, 10017, 1028, 895, 206, 137, 0.8565999865531921, -1, 1.0
378, 10017, 1028, 895, 206, 137, 0.854614794254303, -1, 1.0
379, 10017, 1028, 895, 206, 137, 0.8529638648033142, -1, 1.0
380, 10017, 1029, 895, 206, 137, 0.8549260497093201, -1, 1.0
381, 10017, 1029, 895, 207, 137, 0.8516744375228882, -1, 1.0
382, 10017, 1028, 895, 207, 137, 0.8523892164230347, -1, 1.0
383, 10017, 1028, 895, 207, 137, 0.8513099551200867, -1, 1.0
384, 10017, 1028, 895, 207, 137, 0.8502025008201599, -1, 1.0
385, 10366, 544, 1001, 108, 89, 0.855294406414032, -1, 1.0
385, 10017, 1029, 896, 206, 137, 0.6913994550704956, -1, 1.0
386, 10017, 1029, 896, 206, 137, 0.8807764053344727, -1, 1.0
387, 10017, 1029, 896, 206, 137, 0.8181579113006592, -1, 1.0
388, 10017, 1029, 895, 205, 136, 0.841523289680481, -1, 1.0
389, 10017, 1029, 896, 205, 136, 0.8033570051193237, -1, 1.0
390, 10017, 1031, 895, 207, 136, 0.8177502751350403, -1, 1.0
391, 10368, 1283, 884, 593, 370, 0.8565427660942078, -1, 1.0
391, 10017, 1031, 895, 208, 136, 0.8039861917495728, -1, 1.0
392, 10368, 1196, 902, 535, 334, 0.8868229985237122, -1, 1.0
392, 10017, 1031, 895, 209, 136, 0.8340131640434265, -1, 1.0
393, 10368, 1126, 918, 477, 298, 0.9074971675872804, -1, 1.0
393, 10017, 1029, 897, 208, 135, 0.8312419652938843, -1, 1.0
394, 10368, 1071, 930, 421, 266, 0.9346438646316528, -1, 1.0
394, 10017, 1028, 897, 207, 134, 0.6748767495155334, -1, 1.0
395, 10368, 1012, 925, 383, 251, 0.9412974715232848, -1, 1.0
396, 10368, 969, 920, 343, 238, 0.9497743844985962, -1, 1.0
397, 10368, 932, 920, 309, 227, 0.9020629525184632, -1, 1.0
398, 10368, 899, 924, 285, 216, 0.8034765124320984, -1, 1.0
399, 10368, 874, 945, 264, 194, 0.8115281462669373, -1, 1.0
400, 10017, 1031, 896, 210, 134, 0.8702932000160217, -1, 1.0
401, 10374, 750, 971, 202, 156, 0.8751155138015747, -1, 1.0
401, 10017, 1029, 897, 210, 134, 0.752048134803772, -1, 1.0
402, 10374, 727, 963, 194, 155, 0.8713619112968445, -1, 1.0
402, 10017, 1029, 896, 212, 134, 0.572573184967041, -1, 1.0
403, 10017, 1029, 896, 214, 134, 0.8419128060340881, -1, 1.0
404, 10017, 1029, 896, 215, 134, 0.8477321267127991, -1, 1.0
405, 10017, 1029, 895, 215, 135, 0.835686445236206, -1, 1.0
406, 10017, 1029, 896, 215, 135, 0.8580739498138428, -1, 1.0
407, 10017, 1030, 896, 216, 135, 0.8714980483055115, -1, 1.0
408, 10017, 1031, 896, 217, 135, 0.876433253288269, -1, 1.0
409, 10017, 1031, 896, 217, 135, 0.8787986040115356, -1, 1.0
410, 10017, 1031, 896, 217, 135, 0.8822649717330933, -1, 1.0
411, 10017, 1030, 896, 218, 135, 0.886566698551178, -1, 1.0
412, 10017, 1030, 896, 218, 135, 0.8862760066986084, -1, 1.0
413, 10017, 1030, 896, 218, 136, 0.8823193311691284, -1, 1.0
414, 10017, 1030, 895, 218, 136, 0.8852004408836365, -1, 1.0
415, 10017, 1030, 895, 218, 136, 0.8860209584236145, -1, 1.0
416, 10017, 1030, 895, 218, 136, 0.5817641019821167, -1, 1.0
417, 10017, 1030, 895, 219, 136, 0.5892266035079956, -1, 1.0
418, 10017, 1030, 895, 219, 136, 0.8742591142654419, -1, 1.0
419, 10017, 1030, 895, 219, 136, 0.8749249577522278, -1, 1.0
420, 10017, 1030, 895, 219, 136, 0.8745655417442322, -1, 1.0
421, 10017, 1030, 895, 220, 136, 0.8707768321037292, -1, 1.0
422, 10017, 1030, 895, 220, 136, 0.8702412843704224, -1, 1.0
423, 10017, 1030, 895, 220, 136, 0.8689255118370056, -1, 1.0
424, 10017, 1029, 895, 220, 136, 0.8719131946563721, -1, 1.0
425, 10017, 1029, 895, 220, 136, 0.871199905872345, -1, 1.0
426, 10017, 1029, 895, 220, 136, 0.875668466091156, -1, 1.0
427, 10017, 1030, 895, 221, 136, 0.868224561214447, -1, 1.0
428, 10380, 735, 945, 120, 81, 0.8662194013595581, -1, 1.0
428, 10017, 1030, 895, 221, 136, 0.5666247606277466, -1, 1.0
429, 10380, 735, 945, 119, 81, 0.8640177845954895, -1, 1.0
429, 10017, 1030, 895, 222, 136, 0.5854641199111938, -1, 1.0
430, 10380, 735, 945, 118, 81, 0.8637435436248779, -1, 1.0
430, 10017, 1030, 895, 222, 136, 0.5437390208244324, -1, 1.0
431, 10380, 736, 945, 118, 81, 0.8619677424430847, -1, 1.0
431, 10017, 1030, 895, 222, 136, 0.5289090871810913, -1, 1.0
432, 10380, 736, 944, 119, 80, 0.8633903861045837, -1, 1.0
432, 10017, 1029, 895, 223, 136, 0.5304147005081177, -1, 1.0
433, 10381, 577, 958, 126, 78, 0.8594033718109131, -1, 1.0
433, 10380, 736, 944, 119, 81, 0.546401858329773, -1, 1.0
433, 10017, 1030, 895, 223, 136, 0.5353475213050842, -1, 1.0
434, 10381, 577, 957, 126, 79, 0.8581551313400269, -1, 1.0
434, 10017, 1029, 895, 223, 136, 0.516686201095581, -1, 1.0
435, 10017, 1029, 895, 223, 136, 0.8537020683288574, -1, 1.0
436, 10017, 1029, 895, 223, 136, 0.8501626253128052, -1, 1.0
437, 10017, 1030, 895, 222, 136, 0.8663443326950073, -1, 1.0
438, 10017, 1030, 895, 221, 136, 0.8690299391746521, -1, 1.0
439, 10380, 734, 943, 118, 79, 0.8677865266799927, -1, 1.0
439, 10017, 1029, 895, 221, 135, 0.5351954698562622, -1, 1.0
440, 10380, 733, 943, 117, 79, 0.8696120381355286, -1, 1.0
440, 10017, 1030, 895, 221, 135, 0.5497503876686096, -1, 1.0
441, 10380, 735, 945, 118, 79, 0.8707139492034912, -1, 1.0
441, 10017, 1030, 895, 221, 135, 0.5386125445365906, -1, 1.0
442, 10380, 735, 945, 118, 80, 0.8752614259719849, -1, 1.0
442, 10017, 1030, 896, 220, 135, 0.5136472582817078, -1, 1.0
443, 10380, 736, 945, 118, 81, 0.87562495470047, -1, 1.0
443, 10017, 1030, 896, 220, 135, 0.5239534378051758, -1, 1.0
444, 10380, 736, 944, 118, 82, 0.8756475448608398, -1, 1.0
444, 10017, 1030, 896, 220, 135, 0.5342232584953308, -1, 1.0
445, 10380, 736, 944, 119, 82, 0.875092089176178, -1, 1.0
445, 10017, 1030, 896, 220, 135, 0.5118903517723083, -1, 1.0
446, 10380, 736, 944, 119, 83, 0.8769482374191284, -1, 1.0
446, 10017, 1030, 896, 220, 135, 0.5065861940383911, -1, 1.0
447, 10380, 737, 944, 119, 82, 0.8762561678886414, -1, 1.0
447, 10017, 1030, 895, 220, 136, 0.5481662154197693, -1, 1.0
448, 10380, 737, 944, 120, 82, 0.876654863357544, -1, 1.0
448, 10017, 1030, 895, 220, 136, 0.5541350841522217, -1, 1.0
449, 10380, 737, 944, 120, 81, 0.8757542371749878, -1, 1.0
449, 10017, 1030, 894, 220, 136, 0.5512034893035889, -1, 1.0
450, 10380, 737, 944, 120, 81, 0.874144434928894, -1, 1.0
450, 10017, 1030, 894, 220, 136, 0.565247654914856, -1, 1.0
451, 10380, 737, 944, 120, 81, 0.8745816946029663, -1, 1.0
451, 10017, 1030, 894, 220, 136, 0.5638318657875061, -1, 1.0
452, 10380, 737, 944, 119, 81, 0.8720980286598206, -1, 1.0
452, 10017, 1029, 894, 221, 136, 0.5678439140319824, -1, 1.0
453, 10380, 737, 944, 120, 81, 0.8734501004219055, -1, 1.0
453, 10017, 1029, 894, 221, 136, 0.5640900731086731, -1, 1.0
454, 10380, 737, 944, 120, 80, 0.8661831617355347, -1, 1.0
454, 10017, 1029, 894, 221, 136, 0.5672115087509155, -1, 1.0
455, 10380, 737, 944, 120, 80, 0.8678377270698547, -1, 1.0
455, 10017, 1029, 894, 221, 136, 0.5711995363235474, -1, 1.0
456, 10380, 737, 944, 120, 80, 0.8713469505310059, -1, 1.0
456, 10017, 1029, 894, 221, 136, 0.5647619962692261, -1, 1.0
457, 10380, 733, 943, 117, 79, 0.8821454048156738, -1, 1.0
457, 10017, 1029, 895, 221, 136, 0.5968844294548035, -1, 1.0
458, 10380, 732, 943, 115, 79, 0.8802496790885925, -1, 1.0
458, 10017, 1029, 895, 221, 136, 0.6041592359542847, -1, 1.0
459, 10380, 732, 943, 113, 78, 0.876189649105072, -1, 1.0
459, 10017, 1029, 895, 221, 136, 0.6177119612693787, -1, 1.0
460, 10380, 732, 943, 112, 78, 0.8780637383460999, -1, 1.0
460, 10017, 1029, 895, 221, 136, 0.6159364581108093, -1, 1.0
461, 10380, 733, 943, 111, 78, 0.8780256509780884, -1, 1.0
461, 10017, 1029, 895, 221, 136, 0.6141682863235474, -1, 1.0
462, 10380, 733, 943, 110, 78, 0.8777355551719666, -1, 1.0
462, 10017, 1029, 895, 221, 136, 0.6048800945281982, -1, 1.0
463, 10380, 733, 943, 110, 77, 0.8763787746429443, -1, 1.0
463, 10017, 1029, 895, 221, 136, 0.597943902015686, -1, 1.0
464, 10380, 733, 944, 110, 77, 0.8765966296195984, -1, 1.0
464, 10017, 1029, 895, 221, 137, 0.5973676443099976, -1, 1.0
465, 10380, 733, 944, 109, 77, 0.8788750767707825, -1, 1.0
465, 10017, 1029, 895, 221, 137, 0.5982294678688049, -1, 1.0
466, 10380, 734, 943, 110, 78, 0.8813585638999939, -1, 1.0
466, 10017, 1030, 894, 221, 137, 0.654445230960846, -1, 1.0
467, 10380, 734, 944, 110, 78, 0.8844927549362183, -1, 1.0
467, 10017, 1029, 895, 221, 136, 0.5706771612167358, -1, 1.0
468, 10380, 734, 944, 111, 78, 0.8829213380813599, -1, 1.0
468, 10017, 1029, 895, 221, 136, 0.5688475370407104, -1, 1.0
469, 10380, 734, 944, 112, 78, 0.8827255368232727, -1, 1.0
469, 10017, 1029, 895, 221, 136, 0.5617865324020386, -1, 1.0
470, 10380, 734, 944, 112, 78, 0.8842028975486755, -1, 1.0
470, 10017, 1029, 895, 221, 136, 0.5563182234764099, -1, 1.0
471, 10380, 734, 944, 112, 78, 0.8861353993415833, -1, 1.0
471, 10017, 1029, 895, 221, 136, 0.5407448410987854, -1, 1.0
472, 10380, 734, 944, 113, 78, 0.8846494555473328, -1, 1.0
472, 10017, 1028, 895, 222, 136, 0.5564721822738647, -1, 1.0
473, 10380, 734, 944, 113, 78, 0.8845344185829163, -1, 1.0
473, 10017, 1028, 895, 222, 136, 0.5623117089271545, -1, 1.0
474, 10380, 734, 944, 113, 78, 0.8850796818733215, -1, 1.0
474, 10017, 1028, 895, 222, 136, 0.566858172416687, -1, 1.0
475, 10380, 734, 944, 113, 78, 0.8836269974708557, -1, 1.0
475, 10017, 1028, 895, 222, 136, 0.5774996876716614, -1, 1.0
476, 10380, 734, 944, 113, 78, 0.8830772042274475, -1, 1.0
476, 10017, 1028, 895, 222, 136, 0.557925283908844, -1, 1.0
477, 10017, 1029, 895, 222, 136, 0.8867710828781128, -1, 1.0
478, 10017, 1029, 895, 222, 136, 0.8812717199325562, -1, 1.0
479, 10017, 1029, 895, 222, 136, 0.8813884854316711, -1, 1.0
480, 10017, 1029, 895, 222, 136, 0.8839747905731201, -1, 1.0
481, 10017, 1029, 895, 222, 136, 0.8816736340522766, -1, 1.0
482, 10017, 1029, 895, 223, 136, 0.8845168948173523, -1, 1.0
483, 10017, 1028, 895, 223, 136, 0.8869882225990295, -1, 1.0
484, 10380, 734, 945, 113, 77, 0.8860118985176086, -1, 1.0
484, 10017, 1028, 894, 223, 137, 0.547723114490509, -1, 1.0
485, 10389, 1907, 976, 601, 385, 0.8840342164039612, -1, 1.0
485, 10017, 1028, 895, 223, 137, 0.5801131725311279, -1, 1.0
486, 10389, 1861, 929, 668, 403, 0.8861989974975586, -1, 1.0
486, 10017, 1028, 895, 223, 137, 0.8750892281532288, -1, 1.0
487, 10389, 1698, 919, 690, 390, 0.8636617064476013, -1, 1.0
487, 10017, 1028, 894, 222, 137, 0.8518638014793396, -1, 1.0
488, 10389, 1509, 925, 688, 362, 0.8562023043632507, -1, 1.0
488, 10017, 1028, 894, 222, 137, 0.7719190716743469, -1, 1.0
489, 10389, 1356, 929, 660, 333, 0.8578857779502869, -1, 1.0
489, 10017, 1028, 894, 222, 137, 0.843652606010437, -1, 1.0
490, 10389, 1239, 937, 621, 308, 0.859285831451416, -1, 1.0
490, 10017, 1028, 894, 221, 137, 0.7992556691169739, -1, 1.0
491, 10389, 1152, 946, 573, 282, 0.810826301574707, -1, 1.0
491, 10380, 734, 945, 108, 77, 0.5363043546676636, -1, 1.0
491, 10017, 1028, 895, 221, 137, 0.5046508312225342, -1, 1.0
492, 10389, 1082, 954, 526, 259, 0.8404251933097839, -1, 1.0
492, 10380, 733, 945, 108, 77, 0.5723629593849182, -1, 1.0
492, 10017, 1027, 894, 220, 137, 0.5385090112686157, -1, 1.0
493, 10389, 1024, 959, 480, 239, 0.8181568384170532, -1, 1.0
493, 10017, 1027, 894, 219, 137, 0.6619370579719543, -1, 1.0
494, 10389, 971, 946, 435, 231, 0.8544463515281677, -1, 1.0
494, 10017, 1047, 901, 253, 149, 0.6205131411552429, -1, 1.0
495, 10390, 580, 958, 126, 78, 0.7734246850013733, -1, 1.0
495, 10380, 734, 945, 108, 77, 0.5483685731887817, -1, 1.0
495, 10017, 1026, 892, 248, 136, 0.5224218368530273, -1, 1.0
496, 10390, 580, 958, 126, 78, 0.7690057158470154, -1, 1.0
496, 10380, 734, 945, 107, 77, 0.5982542634010315, -1, 1.0
496, 10017, 1018, 890, 241, 126, 0.5602591037750244, -1, 1.0
497, 10017, 1019, 891, 235, 122, 0.5524452328681946, -1, 1.0
498, 10017, 1024, 894, 231, 122, 0.6253364086151123, -1, 1.0
499, 10017, 1027, 898, 228, 124, 0.8475232720375061, -1, 1.0
500, 10017, 1027, 898, 226, 127, 0.8379315137863159, -1, 1.0
501, 10390, 579, 956, 125, 79, 0.8473579287528992, -1, 1.0
501, 10017, 1027, 898, 225, 129, 0.6014399528503418, -1, 1.0
502, 10380, 741, 947, 121, 82, 0.7754427790641785, -1, 1.0
502, 10017, 1027, 897, 224, 131, 0.6605234742164612, -1, 1.0
503, 10380, 735, 945, 121, 83, 0.879238486289978, -1, 1.0
503, 10017, 1027, 897, 224, 133, 0.571012556552887, -1, 1.0
504, 10380, 734, 943, 119, 81, 0.8776885271072388, -1, 1.0
504, 10017, 1027, 896, 224, 134, 0.788569450378418, -1, 1.0
505, 10017, 1027, 895, 224, 135, 0.7600196599960327, -1, 1.0
506, 10017, 1027, 895, 223, 135, 0.8827734589576721, -1, 1.0
507, 10380, 734, 943, 125, 78, 0.8879290819168091, -1, 1.0
507, 10017, 1027, 895, 223, 136, 0.7869980931282043, -1, 1.0
508, 10390, 582, 954, 132, 83, 0.6922135949134827, -1, 1.0
508, 10017, 1027, 895, 223, 136, 0.6799255013465881, -1, 1.0
509, 10390, 580, 954, 133, 84, 0.7751885652542114, -1, 1.0
509, 10017, 1027, 895, 222, 136, 0.5778142809867859, -1, 1.0
510, 10390, 578, 955, 132, 83, 0.7122318148612976, -1, 1.0
510, 10017, 1027, 895, 222, 136, 0.6203334331512451, -1, 1.0
511, 10390, 579, 955, 131, 82, 0.7589981555938721, -1, 1.0
511, 10017, 1027, 895, 222, 136, 0.5403765439987183, -1, 1.0
512, 10392, 594, 1015, 127, 95, 0.8471921682357788, -1, 1.0
512, 10390, 580, 955, 130, 81, 0.7099461555480957, -1, 1.0
512, 10017, 1028, 895, 221, 136, 0.5040207505226135, -1, 1.0
513, 10392, 582, 1014, 123, 93, 0.8773972988128662, -1, 1.0
513, 10017, 1028, 895, 221, 137, 0.6269556283950806, -1, 1.0
514, 10393, 1154, 950, 485, 265, 0.9192534685134888, -1, 1.0
514, 10392, 570, 992, 123, 101, 0.884416401386261, -1, 1.0
514, 10017, 1028, 895, 220, 137, 0.7063872814178467, -1, 1.0
515, 10393, 1094, 960, 430, 239, 0.8968892693519592, -1, 1.0
515, 10392, 561, 989, 121, 106, 0.8650598526000977, -1, 1.0
515, 10017, 1027, 895, 220, 137, 0.6394574642181396, -1, 1.0
516, 10393, 1041, 968, 383, 217, 0.872126042842865, -1, 1.0
516, 10392, 552, 992, 118, 104, 0.8649101853370667, -1, 1.0
516, 10017, 1027, 895, 221, 137, 0.6875128149986267, -1, 1.0
517, 10393, 989, 937, 354, 221, 0.902523159980774, -1, 1.0
517, 10392, 543, 995, 114, 102, 0.8964821696281433, -1, 1.0
517, 10380, 733, 944, 121, 81, 0.7223873734474182, -1, 1.0
517, 10017, 1045, 906, 253, 156, 0.5769362449645996, -1, 1.0
518, 10393, 952, 922, 318, 220, 0.8405469655990601, -1, 1.0
518, 10392, 534, 1003, 110, 95, 0.7106955051422119, -1, 1.0
518, 10380, 731, 942, 120, 82, 0.638500988483429, -1, 1.0
518, 10017, 1025, 891, 247, 141, 0.6023537516593933, -1, 1.0
519, 10393, 925, 953, 288, 198, 0.8594428896903992, -1, 1.0
519, 10392, 525, 1004, 106, 91, 0.7898833751678467, -1, 1.0
519, 10380, 732, 944, 119, 82, 0.6671285033226013, -1, 1.0
519, 10017, 1019, 888, 238, 131, 0.5478158593177795, -1, 1.0
520, 10393, 893, 978, 259, 174, 0.6557453274726868, -1, 1.0
520, 10380, 733, 944, 118, 82, 0.6225272417068481, -1, 1.0
520, 10017, 1020, 889, 233, 125, 0.5006048679351807, -1, 1.0
521, 10393, 867, 992, 228, 153, 0.8274732232093811, -1, 1.0
521, 10017, 1025, 893, 228, 126, 0.6387425065040588, -1, 1.0
522, 10393, 842, 1001, 199, 136, 0.8374456763267517, -1, 1.0
522, 10017, 1027, 896, 225, 127, 0.811983585357666, -1, 1.0
523, 10393, 822, 1010, 175, 120, 0.8983378410339355, -1, 1.0
523, 10017, 1028, 897, 223, 129, 0.8764298558235168, -1, 1.0
524, 10393, 803, 1015, 157, 107, 0.8919355869293213, -1, 1.0
524, 10017, 1028, 897, 221, 131, 0.8526049852371216, -1, 1.0
525, 10393, 786, 1018, 139, 95, 0.8832219243049622, -1, 1.0
525, 10017, 1028, 896, 221, 132, 0.7492277026176453, -1, 1.0
526, 10393, 765, 1012, 128, 92, 0.8736764788627625, -1, 1.0
526, 10380, 734, 943, 121, 84, 0.6721630692481995, -1, 1.0
526, 10017, 1029, 896, 221, 132, 0.5846824645996094, -1, 1.0
527, 10393, 750, 1022, 109, 78, 0.8657607436180115, -1, 1.0
527, 10380, 733, 941, 121, 84, 0.7195838093757629, -1, 1.0
527, 10017, 1028, 896, 221, 133, 0.5831453800201416, -1, 1.0
528, 10393, 718, 1017, 128, 93, 0.8702744245529175, -1, 1.0
528, 10017, 1028, 896, 221, 134, 0.7291402220726013, -1, 1.0
529, 10393, 696, 1013, 140, 102, 0.876197338104248, -1, 1.0
529, 10017, 1027, 895, 221, 135, 0.7745647430419922, -1, 1.0
530, 10393, 674, 1011, 148, 104, 0.8692713975906372, -1, 1.0
530, 10017, 1028, 895, 221, 136, 0.6802091002464294, -1, 1.0
531, 10393, 652, 1007, 150, 108, 0.8680327534675598, -1, 1.0
531, 10017, 1028, 894, 221, 136, 0.7681545615196228, -1, 1.0
532, 10393, 634, 1005, 149, 109, 0.8725159168243408, -1, 1.0
532, 10380, 731, 942, 124, 81, 0.7958794236183167, -1, 1.0
532, 10017, 1028, 895, 221, 136, 0.5431912541389465, -1, 1.0
533, 10395, 576, 948, 138, 89, 0.8745476007461548, -1, 1.0
533, 10393, 620, 1001, 147, 111, 0.7291415333747864, -1, 1.0
533, 10017, 1028, 895, 221, 136, 0.5744641423225403, -1, 1.0
534, 10393, 607, 1000, 145, 112, 0.8740857839584351, -1, 1.0
534, 10017, 1028, 895, 221, 136, 0.6229874491691589, -1, 1.0
535, 10393, 593, 997, 142, 113, 0.8731461763381958, -1, 1.0
535, 10017, 1028, 895, 220, 136, 0.7359556555747986, -1, 1.0
536, 10393, 583, 1002, 138, 110, 0.8737943768501282, -1, 1.0
536, 10017, 1028, 895, 221, 136, 0.6761288642883301, -1, 1.0
537, 10380, 732, 943, 123, 82, 0.8862031698226929, -1, 1.0
537, 10017, 1028, 895, 220, 137, 0.5558273792266846, -1, 1.0
538, 10380, 733, 944, 123, 82, 0.8860807418823242, -1, 1.0
538, 10017, 1028, 895, 220, 137, 0.5750810503959656, -1, 1.0
539, 10395, 561, 967, 144, 124, 0.8879750370979309, -1, 1.0
539, 10380, 733, 942, 123, 83, 0.5964323282241821, -1, 1.0
539, 10017, 1028, 895, 220, 137, 0.5492055416107178, -1, 1.0
540, 10395, 553, 976, 136, 123, 0.8888922929763794, -1, 1.0
540, 10380, 733, 942, 123, 83, 0.6423636674880981, -1, 1.0
540, 10017, 1028, 895, 220, 137, 0.6269708871841431, -1, 1.0
541, 10395, 545, 973, 134, 125, 0.8883546590805054, -1, 1.0
541, 10380, 732, 941, 123, 84, 0.7326854467391968, -1, 1.0
541, 10017, 1028, 895, 220, 137, 0.617074191570282, -1, 1.0
542, 10017, 1028, 895, 220, 137, 0.8893495202064514, -1, 1.0
543, 10017, 1028, 895, 219, 137, 0.6364997029304504, -1, 1.0
544, 10380, 733, 944, 123, 83, 0.8889776468276978, -1, 1.0
544, 10017, 1028, 895, 219, 137, 0.685571014881134, -1, 1.0
545, 10395, 516, 963, 142, 130, 0.8857547044754028, -1, 1.0
545, 10380, 733, 944, 123, 82, 0.6718825101852417, -1, 1.0
545, 10017, 1028, 895, 219, 137, 0.5315451622009277, -1, 1.0
546, 10380, 732, 942, 123, 83, 0.8889572024345398, -1, 1.0
546, 10017, 1028, 895, 219, 137, 0.5947483777999878, -1, 1.0
547, 10017, 1028, 895, 220, 137, 0.8844563961029053, -1, 1.0
548, 10017, 1028, 895, 220, 137, 0.8848263621330261, -1, 1.0
549, 10017, 1029, 895, 220, 137, 0.8827900290489197, -1, 1.0
550, 10017, 1029, 895, 220, 137, 0.8750588297843933, -1, 1.0
551, 10017, 1029, 895, 220, 137, 0.8755569458007812, -1, 1.0
552, 10017, 1029, 895, 220, 137, 0.8727321624755859, -1, 1.0
553, 10017, 1029, 895, 220, 137, 0.872118353843689, -1, 1.0
554, 10017, 1029, 895, 220, 137, 0.8734009861946106, -1, 1.0
555, 10017, 1029, 895, 221, 137, 0.8748876452445984, -1, 1.0
556, 10017, 1029, 895, 221, 137, 0.8748357892036438, -1, 1.0
