1, 10000, 0, 882, 482, 197, 0.9582266211509703, -1, 1.0
1, 9999, 951, 219, 124, 105, 0.9192273616790771, -1, 1.0
1, 10001, 326, 554, 224, 187, 0.8864219188690186, -1, 1.0
2, 10000, 0, 881, 482, 197, 0.96287339925766, -1, 1.0
2, 9999, 951, 215, 124, 105, 0.932181477546692, -1, 1.0
2, 10001, 318, 559, 226, 188, 0.8452343940734863, -1, 1.0
3, 10000, 1, 882, 487, 197, 0.9610911011695862, -1, 1.0
3, 9999, 951, 212, 124, 105, 0.9168302416801452, -1, 1.0
3, 10001, 309, 564, 231, 192, 0.8350809812545776, -1, 1.0
4, 10000, 1, 882, 490, 197, 0.9499505758285522, -1, 1.0
4, 9999, 951, 210, 123, 103, 0.9028842449188232, -1, 1.0
4, 10001, 301, 570, 235, 192, 0.8461101055145264, -1, 1.0
5, 10000, 0, 881, 491, 197, 0.948906183242798, -1, 1.0
5, 9999, 954, 208, 120, 102, 0.9281597137451172, -1, 1.0
5, 10001, 294, 577, 237, 193, 0.8484448194503784, -1, 1.0
6, 10000, 1, 881, 492, 197, 0.9592908620834352, -1, 1.0
6, 9999, 955, 205, 119, 101, 0.9228686094284058, -1, 1.0
6, 10001, 287, 582, 239, 195, 0.864094078540802, -1, 1.0
7, 10000, 0, 881, 492, 197, 0.9655374884605408, -1, 1.0
7, 9999, 957, 204, 117, 99, 0.9007992148399352, -1, 1.0
7, 10001, 280, 587, 243, 197, 0.8562993407249451, -1, 1.0
8, 10000, 0, 881, 493, 197, 0.9638330340385436, -1, 1.0
8, 9999, 958, 202, 117, 99, 0.9105760455131532, -1, 1.0
8, 10001, 273, 592, 246, 199, 0.8618247509002686, -1, 1.0
9, 10000, 1, 881, 495, 197, 0.9623411893844604, -1, 1.0
9, 9999, 960, 198, 117, 98, 0.9183226227760316, -1, 1.0
9, 10001, 267, 596, 248, 201, 0.8544518947601318, -1, 1.0
10, 10000, 2, 882, 497, 197, 0.9565770626068116, -1, 1.0
10, 9999, 961, 196, 116, 97, 0.9256442785263062, -1, 1.0
10, 10001, 259, 600, 252, 203, 0.8545857667922974, -1, 1.0
11, 10000, 0, 882, 496, 196, 0.9494341015815736, -1, 1.0
11, 9999, 963, 193, 115, 98, 0.9059218168258668, -1, 1.0
11, 10001, 250, 605, 255, 205, 0.8582682013511658, -1, 1.0
12, 10000, 0, 882, 495, 196, 0.959039270877838, -1, 1.0
12, 9999, 965, 191, 115, 97, 0.906333029270172, -1, 1.0
12, 10001, 242, 610, 259, 208, 0.8536948561668396, -1, 1.0
13, 10000, 0, 883, 494, 196, 0.955251157283783, -1, 1.0
13, 9999, 967, 189, 114, 96, 0.9019056558609008, -1, 1.0
13, 10001, 233, 616, 264, 211, 0.8657005429267883, -1, 1.0
14, 10000, 0, 883, 494, 195, 0.9514952898025512, -1, 1.0
14, 9999, 969, 188, 112, 94, 0.922002136707306, -1, 1.0
14, 10001, 224, 620, 268, 214, 0.8725751042366028, -1, 1.0
15, 10000, 0, 883, 492, 195, 0.9669914245605468, -1, 1.0
15, 9999, 971, 185, 112, 94, 0.9232221841812134, -1, 1.0
15, 10001, 216, 625, 272, 218, 0.8701463937759399, -1, 1.0
16, 10000, 0, 883, 493, 195, 0.968432605266571, -1, 1.0
16, 9999, 973, 183, 111, 93, 0.9265580177307128, -1, 1.0
16, 10001, 208, 629, 275, 220, 0.8719348311424255, -1, 1.0
17, 10000, 0, 884, 492, 194, 0.972000241279602, -1, 1.0
17, 9999, 975, 180, 111, 93, 0.9118662476539612, -1, 1.0
17, 10001, 200, 635, 279, 221, 0.864998459815979, -1, 1.0
18, 10000, 0, 885, 490, 194, 0.964274764060974, -1, 1.0
18, 9999, 976, 178, 110, 92, 0.91551274061203, -1, 1.0
18, 10001, 193, 641, 282, 222, 0.8667268753051758, -1, 1.0
19, 10000, 0, 886, 489, 193, 0.9616193175315856, -1, 1.0
19, 9999, 978, 177, 110, 91, 0.8986756801605225, -1, 1.0
19, 10001, 185, 646, 284, 223, 0.8430221080780029, -1, 1.0
20, 10000, 0, 887, 489, 192, 0.9645681381225586, -1, 1.0
20, 9999, 981, 175, 109, 89, 0.8853976726531982, -1, 1.0
20, 10001, 176, 650, 288, 225, 0.8320712447166443, -1, 1.0
21, 10000, 0, 888, 488, 191, 0.9699175953865052, -1, 1.0
21, 9999, 985, 172, 108, 89, 0.8947413563728333, -1, 1.0
21, 10001, 168, 654, 290, 228, 0.8083361387252808, -1, 1.0
22, 10000, 0, 890, 487, 189, 0.9628517627716064, -1, 1.0
22, 9999, 988, 169, 108, 89, 0.8888089060783386, -1, 1.0
22, 10001, 161, 657, 293, 231, 0.7842611074447632, -1, 1.0
23, 10000, 0, 889, 487, 189, 0.9596202969551086, -1, 1.0
23, 9999, 993, 168, 108, 88, 0.8987382650375366, -1, 1.0
23, 10001, 152, 659, 296, 233, 0.7767878174781799, -1, 1.0
24, 10000, 0, 889, 485, 189, 0.9670381546020508, -1, 1.0
24, 9999, 997, 166, 108, 87, 0.9077781438827516, -1, 1.0
24, 10001, 146, 663, 299, 236, 0.7581906318664551, -1, 1.0
25, 10000, 1, 889, 485, 189, 0.9477834105491638, -1, 1.0
25, 9999, 1001, 165, 108, 87, 0.9275001287460328, -1, 1.0
25, 10001, 137, 666, 302, 239, 0.7829728126525879, -1, 1.0
26, 10000, 1, 889, 485, 189, 0.944536566734314, -1, 1.0
26, 9999, 1004, 163, 109, 87, 0.924027979373932, -1, 1.0
26, 10001, 128, 670, 306, 239, 0.8323276042938232, -1, 1.0
27, 10000, 0, 890, 480, 188, 0.9427191019058228, -1, 1.0
27, 9999, 1009, 160, 110, 87, 0.9006152749061584, -1, 1.0
27, 10001, 119, 675, 309, 239, 0.7285673022270203, -1, 1.0
28, 10000, 0, 890, 474, 188, 0.9400270581245422, -1, 1.0
28, 9999, 1013, 159, 110, 86, 0.8887671828269958, -1, 1.0
28, 10001, 111, 681, 312, 240, 0.6745184063911438, -1, 1.0
29, 10000, 0, 890, 474, 188, 0.9309573173522948, -1, 1.0
29, 9999, 1019, 157, 110, 85, 0.887973427772522, -1, 1.0
29, 10001, 104, 685, 315, 242, 0.7041643261909485, -1, 1.0
30, 10000, 1, 890, 475, 188, 0.9474651217460632, -1, 1.0
30, 9999, 1023, 156, 110, 85, 0.8737645745277405, -1, 1.0
30, 10001, 95, 689, 318, 244, 0.7559245228767395, -1, 1.0
31, 10000, 2, 891, 474, 187, 0.9409949779510498, -1, 1.0
31, 9999, 1030, 154, 110, 85, 0.8845564723014832, -1, 1.0
31, 10001, 88, 691, 319, 244, 0.8669273257255554, -1, 1.0
32, 10000, 2, 891, 473, 187, 0.923241138458252, -1, 1.0
32, 9999, 1036, 152, 109, 84, 0.8982754349708557, -1, 1.0
32, 10001, 80, 693, 322, 244, 0.8638979196548462, -1, 1.0
33, 10000, 3, 891, 473, 187, 0.905995786190033, -1, 1.0
33, 9999, 1043, 150, 109, 84, 0.8657275438308716, -1, 1.0
33, 10001, 75, 697, 324, 245, 0.8206029534339905, -1, 1.0
34, 10000, 5, 890, 476, 188, 0.9077708721160888, -1, 1.0
34, 9999, 1049, 149, 109, 83, 0.8513142466545105, -1, 1.0
34, 10001, 67, 701, 327, 247, 0.8273816108703613, -1, 1.0
35, 10000, 0, 888, 454, 189, 0.8999146223068237, -1, 1.0
35, 9999, 1055, 146, 110, 83, 0.8856947422027588, -1, 1.0
35, 10001, 49, 706, 333, 251, 0.8842882513999939, -1, 1.0
36, 10000, 0, 888, 435, 189, 0.8930026292800903, -1, 1.0
36, 9999, 1062, 144, 109, 83, 0.8643560409545898, -1, 1.0
36, 10001, 28, 709, 344, 254, 0.8522470593452454, -1, 1.0
37, 10000, 0, 887, 427, 189, 0.9274524450302124, -1, 1.0
37, 9999, 1070, 143, 109, 81, 0.8841698169708252, -1, 1.0
37, 10001, 25, 713, 347, 260, 0.876243531703949, -1, 1.0
38, 10000, 0, 885, 431, 191, 0.9162365198135376, -1, 1.0
38, 9999, 1076, 141, 109, 82, 0.9092229008674622, -1, 1.0
38, 10001, 21, 717, 349, 268, 0.8668584823608398, -1, 1.0
39, 10000, 0, 869, 430, 201, 0.9262248277664183, -1, 1.0
39, 9999, 1084, 138, 110, 82, 0.861030101776123, -1, 1.0
39, 10001, 18, 713, 349, 263, 0.855233371257782, -1, 1.0
40, 10000, 0, 875, 425, 200, 0.8723403215408325, -1, 1.0
40, 9999, 1092, 136, 110, 82, 0.8113662004470825, -1, 1.0
40, 10001, 12, 714, 349, 259, 0.7638630867004395, -1, 1.0
41, 10000, 10, 883, 444, 196, 0.8709028959274292, -1, 1.0
41, 9999, 1099, 135, 110, 82, 0.8222522735595703, -1, 1.0
41, 10001, 7, 712, 350, 245, 0.6868212223052979, -1, 1.0
42, 10000, 16, 879, 462, 198, 0.8911968469619751, -1, 1.0
42, 9999, 1106, 133, 109, 81, 0.7992751002311707, -1, 1.0
42, 10001, 17, 780, 380, 254, 0.6934463977813721, -1, 1.0
43, 10000, 15, 873, 476, 202, 0.8618317246437073, -1, 1.0
43, 9999, 1115, 131, 110, 81, 0.6971461772918701, -1, 1.0
43, 10001, 16, 768, 411, 283, 0.6958797574043274, -1, 1.0
44, 10000, 11, 879, 482, 200, 0.8686042428016663, -1, 1.0
44, 9999, 1124, 130, 109, 80, 0.8489094376564026, -1, 1.0
44, 10001, 0, 728, 387, 256, 0.5247169733047485, -1, 1.0
45, 10000, 6, 884, 485, 195, 0.8934466242790222, -1, 1.0
45, 9999, 1131, 129, 109, 80, 0.7677916884422302, -1, 1.0
45, 10001, 12, 776, 430, 266, 0.6643506288528442, -1, 1.0
46, 10000, 7, 883, 492, 196, 0.8723589181900024, -1, 1.0
46, 9999, 1140, 128, 110, 78, 0.7742903232574463, -1, 1.0
46, 10001, 12, 763, 455, 291, 0.5011497735977173, -1, 1.0
47, 10000, 5, 883, 495, 196, 0.8812025189399719, -1, 1.0
47, 9999, 1148, 128, 109, 77, 0.8245017528533936, -1, 1.0
48, 10000, 5, 870, 501, 203, 0.8609032034873962, -1, 1.0
48, 9999, 1156, 126, 108, 77, 0.7581270933151245, -1, 1.0
49, 9999, 1164, 125, 107, 76, 0.89079749584198, -1, 1.0
49, 10001, 6, 757, 490, 316, 0.7242865562438965, -1, 1.0
50, 10098, 1776, 894, 142, 184, 0.8580219745635986, -1, 1.0
50, 9999, 1172, 126, 107, 74, 0.7928239107131958, -1, 1.0
50, 10001, 3, 752, 497, 324, 0.677013099193573, -1, 1.0
51, 9999, 1181, 124, 106, 74, 0.8661073446273804, -1, 1.0
51, 10001, 0, 749, 500, 329, 0.6544846296310425, -1, 1.0
52, 9999, 1188, 123, 105, 74, 0.9011703133583068, -1, 1.0
53, 10098, 1743, 853, 175, 224, 0.8978872895240784, -1, 1.0
53, 10000, 0, 866, 499, 209, 0.8232524991035461, -1, 1.0
53, 9999, 1195, 120, 104, 74, 0.6493321657180786, -1, 1.0
54, 10098, 1732, 841, 185, 236, 0.8693419098854065, -1, 1.0
54, 9999, 1202, 119, 105, 74, 0.84814453125, -1, 1.0
55, 10098, 1723, 830, 195, 247, 0.9139475226402284, -1, 1.0
55, 9999, 1209, 118, 104, 74, 0.8972560167312622, -1, 1.0
55, 10001, 0, 756, 501, 323, 0.6028770804405212, -1, 1.0
56, 10098, 1711, 819, 205, 259, 0.9059064984321594, -1, 1.0
56, 10000, 0, 792, 359, 250, 0.9053909182548524, -1, 1.0
56, 9999, 1216, 114, 103, 74, 0.6305627226829529, -1, 1.0
56, 10001, 0, 755, 502, 324, 0.5418254137039185, -1, 1.0
57, 10098, 1702, 809, 215, 269, 0.8828264474868774, -1, 1.0
57, 9999, 1224, 114, 102, 73, 0.8423970341682434, -1, 1.0
57, 10001, 0, 756, 500, 323, 0.7032399773597717, -1, 1.0
58, 10098, 1692, 799, 224, 280, 0.90984845161438, -1, 1.0
58, 9999, 1232, 114, 101, 72, 0.7629056572914124, -1, 1.0
58, 10001, 0, 758, 496, 321, 0.5625656247138977, -1, 1.0
59, 10098, 1680, 788, 235, 290, 0.9122450947761536, -1, 1.0
59, 9999, 1240, 113, 101, 71, 0.7733920812606812, -1, 1.0
59, 10001, 0, 758, 497, 321, 0.6166759133338928, -1, 1.0
60, 10098, 1669, 776, 246, 300, 0.8958355188369751, -1, 1.0
60, 9999, 1248, 111, 99, 71, 0.7656366229057312, -1, 1.0
60, 10001, 0, 816, 500, 263, 0.6854736804962158, -1, 1.0
61, 10098, 1658, 763, 257, 305, 0.8901842832565308, -1, 1.0
61, 9999, 1256, 110, 99, 70, 0.7503055334091187, -1, 1.0
62, 10098, 1648, 753, 266, 305, 0.9246852993965148, -1, 1.0
63, 10098, 1636, 742, 277, 302, 0.9343951344490052, -1, 1.0
64, 10098, 1623, 730, 289, 300, 0.9312302470207214, -1, 1.0
65, 10098, 1612, 719, 300, 296, 0.950308620929718, -1, 1.0
66, 10098, 1599, 708, 312, 293, 0.9508365392684937, -1, 1.0
67, 10098, 1587, 698, 324, 288, 0.9537402391433716, -1, 1.0
68, 10098, 1569, 690, 330, 281, 0.9550997018814088, -1, 1.0
69, 10098, 1553, 682, 333, 276, 0.954866886138916, -1, 1.0
69, 10001, 0, 869, 506, 210, 0.5615840554237366, -1, 1.0
70, 10098, 1536, 673, 332, 270, 0.9494670629501344, -1, 1.0
70, 10001, 0, 877, 505, 202, 0.6277486681938171, -1, 1.0
71, 10098, 1523, 665, 329, 263, 0.9612627029418944, -1, 1.0
72, 10098, 1508, 656, 326, 258, 0.9696577191352844, -1, 1.0
73, 10098, 1496, 648, 320, 252, 0.9501340389251708, -1, 1.0
73, 9999, 1331, 93, 103, 67, 0.7284435629844666, -1, 1.0
74, 10098, 1478, 638, 319, 247, 0.9531607627868652, -1, 1.0
75, 10098, 1466, 630, 314, 241, 0.9562853574752808, -1, 1.0
75, 10001, 0, 888, 503, 191, 0.6424022316932678, -1, 1.0
76, 10098, 1455, 623, 307, 236, 0.9515781998634338, -1, 1.0
76, 10001, 0, 890, 501, 189, 0.6903330087661743, -1, 1.0
77, 10098, 1443, 615, 302, 231, 0.9467337131500244, -1, 1.0
77, 10001, 1, 889, 499, 190, 0.8289296627044678, -1, 1.0
78, 10098, 1432, 607, 296, 227, 0.9592978358268738, -1, 1.0
78, 9999, 1357, 88, 104, 66, 0.7727083563804626, -1, 1.0
78, 10001, 2, 889, 499, 190, 0.6715575456619263, -1, 1.0
79, 10098, 1422, 601, 290, 221, 0.6508617997169495, -1, 1.0
79, 9999, 1367, 88, 100, 65, 0.5995129346847534, -1, 1.0
79, 10001, 2, 888, 498, 191, 0.5171223878860474, -1, 1.0
80, 10098, 1410, 593, 284, 217, 0.950805962085724, -1, 1.0
80, 9999, 1374, 87, 96, 63, 0.6490328907966614, -1, 1.0
80, 10001, 2, 887, 498, 192, 0.60928875207901, -1, 1.0
81, 10098, 1400, 587, 278, 213, 0.9571409225463868, -1, 1.0
81, 10001, 2, 885, 498, 194, 0.6667484045028687, -1, 1.0
82, 10098, 1389, 580, 272, 209, 0.94990336894989, -1, 1.0
82, 10001, 2, 887, 498, 192, 0.6382590532302856, -1, 1.0
83, 10098, 1380, 571, 265, 205, 0.9443515539169312, -1, 1.0
83, 10001, 2, 886, 498, 193, 0.6716250777244568, -1, 1.0
84, 10098, 1371, 564, 260, 202, 0.957873284816742, -1, 1.0
84, 10001, 1, 888, 498, 191, 0.7248683571815491, -1, 1.0
85, 10098, 1362, 557, 255, 197, 0.9663923978805542, -1, 1.0
85, 10001, 2, 888, 498, 191, 0.6227307319641113, -1, 1.0
86, 10098, 1354, 550, 250, 193, 0.9515121579170228, -1, 1.0
86, 10001, 2, 890, 499, 189, 0.578014612197876, -1, 1.0
87, 10098, 1345, 542, 246, 189, 0.9529148936271667, -1, 1.0
87, 10001, 2, 890, 499, 189, 0.7984454035758972, -1, 1.0
88, 10098, 1337, 537, 240, 186, 0.9420425295829772, -1, 1.0
88, 10001, 3, 891, 500, 188, 0.864931046962738, -1, 1.0
89, 10134, 1617, 829, 298, 250, 0.9590671062469482, -1, 1.0
89, 10098, 1329, 530, 235, 182, 0.8419570326805115, -1, 1.0
89, 10001, 3, 889, 502, 190, 0.5546327829360962, -1, 1.0
90, 10134, 1618, 817, 301, 260, 0.9551404714584352, -1, 1.0
90, 10098, 1321, 523, 231, 179, 0.8592895269393921, -1, 1.0
90, 10001, 2, 890, 501, 189, 0.8277278542518616, -1, 1.0
91, 10134, 1606, 804, 313, 272, 0.9586276412010192, -1, 1.0
91, 10098, 1314, 516, 226, 176, 0.8396646976470947, -1, 1.0
91, 10001, 1, 891, 500, 188, 0.7204144597053528, -1, 1.0
92, 10134, 1609, 793, 310, 282, 0.9535626769065856, -1, 1.0
92, 10098, 1307, 509, 222, 172, 0.8621912598609924, -1, 1.0
92, 10001, 1, 891, 500, 188, 0.6523333787918091, -1, 1.0
93, 10134, 1601, 777, 318, 296, 0.958850920200348, -1, 1.0
93, 10098, 1300, 503, 218, 169, 0.8387683033943176, -1, 1.0
93, 10001, 2, 893, 499, 186, 0.6767032742500305, -1, 1.0
94, 10134, 1596, 766, 323, 308, 0.9502708315849304, -1, 1.0
94, 10098, 1294, 497, 214, 167, 0.8645643591880798, -1, 1.0
94, 10001, 3, 892, 499, 187, 0.6280456781387329, -1, 1.0
95, 10134, 1582, 758, 337, 318, 0.953297793865204, -1, 1.0
95, 10098, 1288, 490, 210, 165, 0.881243884563446, -1, 1.0
95, 10001, 3, 890, 500, 188, 0.6484029293060303, -1, 1.0
96, 10134, 1565, 746, 352, 330, 0.951829433441162, -1, 1.0
96, 10098, 1283, 482, 205, 162, 0.9076806902885436, -1, 1.0
96, 10001, 3, 892, 499, 187, 0.7173213958740234, -1, 1.0
97, 10134, 1554, 733, 364, 342, 0.943626344203949, -1, 1.0
97, 10098, 1276, 473, 202, 160, 0.8717871308326721, -1, 1.0
97, 10001, 0, 893, 495, 186, 0.7331024408340454, -1, 1.0
98, 10134, 1546, 723, 373, 353, 0.949250340461731, -1, 1.0
98, 10098, 1270, 466, 198, 158, 0.8670983910560608, -1, 1.0
98, 10001, 2, 893, 494, 186, 0.7225391268730164, -1, 1.0
99, 10134, 1535, 717, 382, 361, 0.958676278591156, -1, 1.0
99, 10098, 1264, 461, 195, 154, 0.8710700273513794, -1, 1.0
99, 10001, 2, 893, 494, 186, 0.73968905210495, -1, 1.0
100, 10134, 1525, 708, 392, 370, 0.935990273952484, -1, 1.0
100, 10098, 1258, 453, 192, 152, 0.9178138971328736, -1, 1.0
100, 10001, 5, 894, 496, 185, 0.5556148886680603, -1, 1.0
101, 10134, 1516, 698, 402, 379, 0.9426459074020386, -1, 1.0
101, 10098, 1254, 446, 189, 150, 0.9151070713996888, -1, 1.0
101, 10001, 4, 894, 496, 185, 0.6930667161941528, -1, 1.0
102, 10134, 1499, 691, 416, 387, 0.9293949007987976, -1, 1.0
102, 10098, 1247, 439, 186, 148, 0.925246238708496, -1, 1.0
102, 10001, 3, 894, 496, 185, 0.6638321876525879, -1, 1.0
103, 10134, 1485, 680, 429, 394, 0.95536071062088, -1, 1.0
103, 10098, 1242, 430, 183, 146, 0.9283859729766846, -1, 1.0
103, 10001, 3, 894, 496, 185, 0.7551148533821106, -1, 1.0
104, 10134, 1471, 672, 442, 399, 0.9478331804275512, -1, 1.0
104, 10098, 1234, 421, 181, 144, 0.8948578834533691, -1, 1.0
104, 10001, 3, 894, 497, 185, 0.719443678855896, -1, 1.0
105, 10134, 1458, 659, 450, 401, 0.9383849501609802, -1, 1.0
105, 10098, 1226, 415, 179, 142, 0.9294118881225586, -1, 1.0
105, 10001, 3, 894, 497, 185, 0.7544649839401245, -1, 1.0
106, 10134, 1444, 644, 465, 401, 0.9300305843353271, -1, 1.0
106, 10098, 1219, 409, 177, 140, 0.9205015301704408, -1, 1.0
106, 10001, 3, 894, 498, 185, 0.7498520016670227, -1, 1.0
107, 10134, 1425, 632, 471, 395, 0.9305678009986876, -1, 1.0
107, 10098, 1209, 402, 175, 138, 0.9083169102668762, -1, 1.0
107, 10001, 3, 894, 498, 185, 0.7506061792373657, -1, 1.0
108, 10134, 1408, 623, 471, 389, 0.9328453540802002, -1, 1.0
108, 10098, 1198, 395, 174, 135, 0.9301225543022156, -1, 1.0
108, 10001, 3, 894, 498, 184, 0.7433137893676758, -1, 1.0
109, 10134, 1382, 615, 462, 379, 0.9404104351997375, -1, 1.0
109, 10098, 1185, 386, 174, 135, 0.8950758576393127, -1, 1.0
109, 10001, 3, 894, 498, 185, 0.6535965800285339, -1, 1.0
110, 10134, 1371, 608, 458, 370, 0.9389777183532716, -1, 1.0
110, 10098, 1174, 377, 174, 133, 0.9262738227844238, -1, 1.0
110, 10001, 2, 893, 497, 185, 0.6807776689529419, -1, 1.0
111, 10134, 1357, 598, 452, 365, 0.9372705817222596, -1, 1.0
111, 10098, 1162, 371, 172, 132, 0.9337360262870787, -1, 1.0
111, 10001, 2, 893, 498, 185, 0.6709755063056946, -1, 1.0
112, 10134, 1345, 589, 443, 357, 0.9499985575675964, -1, 1.0
112, 10098, 1152, 366, 169, 129, 0.9408352971076964, -1, 1.0
112, 10001, 2, 892, 498, 186, 0.6947281956672668, -1, 1.0
113, 10134, 1331, 581, 431, 349, 0.9403467774391174, -1, 1.0
113, 10098, 1138, 360, 168, 126, 0.9191376566886902, -1, 1.0
113, 10001, 2, 892, 498, 186, 0.6748651266098022, -1, 1.0
114, 10134, 1324, 574, 421, 341, 0.9413681626319884, -1, 1.0
114, 10098, 1127, 352, 166, 124, 0.9327570796012878, -1, 1.0
114, 10001, 2, 893, 498, 186, 0.7121948003768921, -1, 1.0
115, 10134, 1316, 568, 410, 334, 0.9517499804496764, -1, 1.0
115, 10098, 1114, 346, 165, 122, 0.947548806667328, -1, 1.0
115, 10001, 2, 893, 498, 186, 0.6676347851753235, -1, 1.0
116, 10134, 1308, 562, 400, 326, 0.9381430745124816, -1, 1.0
116, 10098, 1102, 341, 164, 120, 0.9188663959503174, -1, 1.0
116, 10001, 2, 892, 498, 186, 0.6266027092933655, -1, 1.0
117, 10134, 1302, 551, 390, 319, 0.936000108718872, -1, 1.0
117, 10098, 1091, 333, 163, 120, 0.9337575435638428, -1, 1.0
117, 10001, 3, 891, 498, 187, 0.5937051177024841, -1, 1.0
118, 10134, 1295, 545, 379, 311, 0.9427545070648192, -1, 1.0
118, 10098, 1083, 327, 160, 119, 0.927696168422699, -1, 1.0
118, 10001, 3, 890, 499, 188, 0.5701149106025696, -1, 1.0
119, 10134, 1289, 538, 369, 303, 0.9490951895713806, -1, 1.0
119, 10098, 1074, 322, 157, 117, 0.9201399683952332, -1, 1.0
120, 10134, 1282, 532, 359, 295, 0.937952995300293, -1, 1.0
120, 10098, 1065, 316, 154, 116, 0.9266386032104492, -1, 1.0
121, 10134, 1280, 525, 350, 289, 0.9468839764595032, -1, 1.0
121, 10098, 1055, 311, 152, 114, 0.9305493235588074, -1, 1.0
122, 10161, 992, 69, 96, 54, 0.9537951350212096, -1, 1.0
122, 10134, 1276, 519, 340, 283, 0.9323278665542604, -1, 1.0
122, 10098, 1046, 307, 150, 112, 0.6279787421226501, -1, 1.0
123, 10161, 975, 72, 93, 53, 0.9496141076087952, -1, 1.0
123, 10134, 1273, 514, 332, 277, 0.934574007987976, -1, 1.0
123, 10098, 1037, 302, 148, 110, 0.7169894576072693, -1, 1.0
123, 10001, 1, 893, 501, 186, 0.6827805638313293, -1, 1.0
124, 10161, 967, 68, 104, 57, 0.9405431151390076, -1, 1.0
124, 10134, 1266, 506, 324, 272, 0.926533579826355, -1, 1.0
124, 10098, 1028, 298, 146, 109, 0.6833065748214722, -1, 1.0
124, 10001, 1, 894, 500, 185, 0.6373938918113708, -1, 1.0
125, 10161, 959, 68, 102, 58, 0.955374002456665, -1, 1.0
125, 10134, 1261, 500, 318, 267, 0.9080225825309752, -1, 1.0
125, 10098, 1020, 291, 144, 108, 0.5229100584983826, -1, 1.0
125, 10001, 2, 896, 500, 184, 0.5130559206008911, -1, 1.0
126, 10134, 1258, 495, 310, 260, 0.9483783841133118, -1, 1.0
126, 10098, 1013, 285, 143, 108, 0.911594569683075, -1, 1.0
126, 10001, 2, 895, 500, 184, 0.560535728931427, -1, 1.0
127, 10134, 1254, 488, 304, 255, 0.9646379351615906, -1, 1.0
127, 10098, 1006, 280, 141, 106, 0.9268832802772522, -1, 1.0
127, 10001, 11, 902, 491, 177, 0.5228013396263123, -1, 1.0
128, 10134, 1252, 481, 297, 250, 0.9617366790771484, -1, 1.0
128, 10098, 1001, 276, 138, 105, 0.9344875812530518, -1, 1.0
128, 10001, 7, 898, 494, 181, 0.5369236469268799, -1, 1.0
129, 10134, 1250, 476, 290, 246, 0.9437437653541564, -1, 1.0
129, 10098, 996, 272, 137, 104, 0.914243757724762, -1, 1.0
129, 10001, 5, 897, 494, 181, 0.5365620851516724, -1, 1.0
130, 10134, 1247, 470, 284, 240, 0.9627909660339355, -1, 1.0
130, 10098, 991, 268, 134, 102, 0.9176117181777954, -1, 1.0
130, 10001, 3, 895, 494, 182, 0.6127126812934875, -1, 1.0
131, 10134, 1244, 464, 279, 235, 0.9508793354034424, -1, 1.0
131, 10098, 988, 263, 131, 101, 0.9154314994812012, -1, 1.0
131, 10001, 3, 894, 495, 183, 0.5768350958824158, -1, 1.0
132, 10134, 1241, 458, 272, 231, 0.9542461633682252, -1, 1.0
132, 10098, 987, 260, 128, 100, 0.9167739152908324, -1, 1.0
132, 10001, 3, 894, 496, 184, 0.7103409767150879, -1, 1.0
133, 10176, 1443, 951, 189, 124, 0.9501861333847046, -1, 1.0
133, 10134, 1239, 452, 267, 226, 0.9193097949028016, -1, 1.0
133, 10098, 987, 256, 125, 98, 0.7092324495315552, -1, 1.0
133, 10001, 3, 894, 497, 184, 0.6991444826126099, -1, 1.0
134, 10134, 1234, 445, 263, 223, 0.9514060616493224, -1, 1.0
134, 10098, 985, 252, 123, 97, 0.8893503546714783, -1, 1.0
134, 10001, 2, 893, 494, 184, 0.7674940824508667, -1, 1.0
135, 10134, 1232, 437, 257, 220, 0.948049545288086, -1, 1.0
135, 10098, 985, 248, 120, 96, 0.9069442749023438, -1, 1.0
135, 10001, 2, 893, 491, 185, 0.7999252676963806, -1, 1.0
136, 10176, 1276, 915, 195, 151, 0.9480849504470824, -1, 1.0
136, 10134, 1231, 431, 251, 217, 0.9218272566795348, -1, 1.0
136, 10098, 985, 245, 118, 95, 0.7515351176261902, -1, 1.0
136, 10001, 2, 893, 489, 185, 0.5197562575340271, -1, 1.0
137, 10176, 1228, 904, 197, 164, 0.9454646706581116, -1, 1.0
137, 10134, 1227, 425, 246, 213, 0.9304906725883484, -1, 1.0
137, 10098, 984, 242, 116, 93, 0.7840197682380676, -1, 1.0
137, 10001, 2, 893, 489, 185, 0.5375235080718994, -1, 1.0
138, 10176, 1187, 903, 195, 168, 0.9493602514266968, -1, 1.0
138, 10134, 1222, 418, 243, 210, 0.905070424079895, -1, 1.0
138, 10098, 984, 237, 114, 92, 0.7616866827011108, -1, 1.0
138, 10001, 2, 893, 488, 185, 0.7576509714126587, -1, 1.0
139, 10134, 1220, 412, 238, 206, 0.9549296498298644, -1, 1.0
139, 10098, 984, 234, 113, 91, 0.9162903428077698, -1, 1.0
139, 10001, 3, 894, 488, 185, 0.7219008207321167, -1, 1.0
140, 10134, 1217, 404, 233, 202, 0.954041600227356, -1, 1.0
140, 10098, 984, 232, 111, 89, 0.8949412107467651, -1, 1.0
140, 10001, 6, 895, 487, 184, 0.7406148314476013, -1, 1.0
141, 10134, 1214, 398, 229, 199, 0.9479976296424866, -1, 1.0
141, 10098, 984, 228, 110, 89, 0.8740491271018982, -1, 1.0
141, 10001, 6, 894, 486, 184, 0.7892250418663025, -1, 1.0
142, 10134, 1211, 389, 225, 195, 0.9475542902946472, -1, 1.0
142, 10098, 984, 224, 108, 88, 0.9039859175682068, -1, 1.0
142, 10001, 7, 893, 490, 185, 0.6877037286758423, -1, 1.0
143, 10134, 1207, 382, 221, 192, 0.9540269374847412, -1, 1.0
143, 10098, 985, 221, 106, 87, 0.9216342568397522, -1, 1.0
143, 10001, 5, 892, 491, 185, 0.7087175846099854, -1, 1.0
144, 10134, 1202, 376, 219, 190, 0.947526216506958, -1, 1.0
144, 10098, 984, 218, 105, 86, 0.9260658025741576, -1, 1.0
144, 10001, 5, 893, 490, 185, 0.7998327016830444, -1, 1.0
145, 10134, 1199, 369, 215, 187, 0.950079381465912, -1, 1.0
145, 10098, 984, 215, 104, 85, 0.9231579303741456, -1, 1.0
145, 10001, 5, 893, 488, 186, 0.8110189437866211, -1, 1.0
146, 10134, 1195, 363, 212, 183, 0.9427791237831116, -1, 1.0
146, 10098, 984, 213, 103, 84, 0.9138330221176147, -1, 1.0
146, 10001, 5, 892, 487, 186, 0.8170453906059265, -1, 1.0
147, 10134, 1191, 356, 209, 180, 0.9389583468437196, -1, 1.0
147, 10098, 984, 210, 102, 83, 0.8940651416778564, -1, 1.0
147, 10001, 6, 892, 486, 186, 0.8080907464027405, -1, 1.0
148, 10134, 1188, 350, 205, 177, 0.9359903931617736, -1, 1.0
148, 10098, 986, 208, 101, 81, 0.8913553953170776, -1, 1.0
148, 10001, 6, 893, 485, 186, 0.8149899840354919, -1, 1.0
149, 10134, 1184, 343, 202, 175, 0.9456743597984314, -1, 1.0
149, 10098, 986, 205, 100, 80, 0.9131830334663392, -1, 1.0
149, 10001, 6, 893, 485, 186, 0.8065111041069031, -1, 1.0
150, 10134, 1182, 337, 198, 171, 0.948363184928894, -1, 1.0
150, 10098, 987, 203, 100, 79, 0.8954561352729797, -1, 1.0
150, 10001, 6, 892, 485, 186, 0.7670246362686157, -1, 1.0
151, 10134, 1180, 331, 195, 168, 0.951037347316742, -1, 1.0
151, 10098, 988, 200, 100, 79, 0.9167097210884094, -1, 1.0
151, 10001, 4, 892, 485, 186, 0.6803799867630005, -1, 1.0
152, 10134, 1175, 324, 192, 164, 0.9471679329872132, -1, 1.0
152, 10098, 991, 197, 99, 78, 0.9086978435516356, -1, 1.0
152, 10001, 2, 892, 486, 186, 0.720396101474762, -1, 1.0
153, 10134, 1173, 319, 189, 160, 0.9509734511375428, -1, 1.0
153, 10098, 994, 193, 98, 77, 0.9008830189704896, -1, 1.0
153, 10001, 2, 891, 486, 187, 0.7003122568130493, -1, 1.0
154, 10134, 1171, 314, 186, 157, 0.9378936290740968, -1, 1.0
154, 10098, 997, 190, 98, 77, 0.9193888902664183, -1, 1.0
154, 10001, 1, 891, 486, 187, 0.7504822015762329, -1, 1.0
155, 10134, 1169, 308, 182, 155, 0.9430397152900696, -1, 1.0
155, 10098, 1000, 189, 98, 76, 0.8874155879020691, -1, 1.0
155, 10001, 1, 891, 485, 187, 0.7168095111846924, -1, 1.0
156, 10134, 1164, 301, 180, 153, 0.9454712867736816, -1, 1.0
156, 10098, 1003, 187, 98, 75, 0.8893933892250061, -1, 1.0
156, 10001, 1, 891, 484, 187, 0.7617229223251343, -1, 1.0
157, 10134, 1162, 296, 177, 150, 0.9369866251945496, -1, 1.0
157, 10098, 1005, 184, 98, 75, 0.8942036032676697, -1, 1.0
157, 10001, 0, 891, 483, 187, 0.7190540432929993, -1, 1.0
158, 10134, 1158, 289, 176, 148, 0.9197325110435486, -1, 1.0
158, 10098, 1009, 181, 97, 75, 0.8930747509002686, -1, 1.0
158, 10001, 0, 891, 481, 187, 0.6311324834823608, -1, 1.0
159, 10134, 1156, 284, 173, 146, 0.9280518889427184, -1, 1.0
159, 10098, 1013, 179, 97, 74, 0.8843368291854858, -1, 1.0
159, 10001, 0, 891, 481, 187, 0.6096949577331543, -1, 1.0
160, 10134, 1154, 279, 170, 145, 0.9461291432380676, -1, 1.0
160, 10098, 1018, 176, 97, 74, 0.8878616094589233, -1, 1.0
160, 10001, 0, 891, 479, 187, 0.6375488042831421, -1, 1.0
161, 10134, 1151, 273, 166, 143, 0.9483080506324768, -1, 1.0
161, 10098, 1022, 173, 98, 73, 0.9079654812812804, -1, 1.0
161, 10001, 2, 892, 483, 187, 0.7603881359100342, -1, 1.0
162, 10134, 1148, 269, 165, 141, 0.945493757724762, -1, 1.0
162, 10098, 1029, 172, 97, 72, 0.8949857354164124, -1, 1.0
162, 10001, 3, 892, 486, 186, 0.7664812207221985, -1, 1.0
163, 10134, 1145, 264, 163, 139, 0.9411478638648988, -1, 1.0
163, 10098, 1033, 171, 96, 72, 0.9140670299530028, -1, 1.0
163, 10001, 3, 892, 488, 186, 0.7624584436416626, -1, 1.0
164, 10134, 1142, 259, 162, 137, 0.9461197257041932, -1, 1.0
164, 10098, 1039, 168, 96, 71, 0.8611242175102234, -1, 1.0
164, 10001, 3, 892, 489, 186, 0.7808500528335571, -1, 1.0
165, 10134, 1140, 254, 159, 136, 0.9382020235061646, -1, 1.0
165, 10098, 1046, 167, 97, 71, 0.8955315351486206, -1, 1.0
165, 10001, 2, 892, 490, 186, 0.7509593367576599, -1, 1.0
166, 10134, 1138, 250, 156, 134, 0.9401019811630248, -1, 1.0
166, 10098, 1053, 165, 97, 70, 0.8716531991958618, -1, 1.0
166, 10001, 2, 892, 490, 186, 0.7286034822463989, -1, 1.0
167, 10134, 1135, 245, 155, 132, 0.939763367176056, -1, 1.0
167, 10098, 1060, 163, 97, 69, 0.872990608215332, -1, 1.0
167, 10001, 3, 892, 490, 186, 0.7444036602973938, -1, 1.0
168, 10134, 1132, 240, 152, 130, 0.9481330513954164, -1, 1.0
168, 10098, 1067, 161, 97, 68, 0.8686318397521973, -1, 1.0
168, 10001, 2, 892, 490, 186, 0.7606797814369202, -1, 1.0
169, 10134, 1132, 236, 150, 128, 0.924172043800354, -1, 1.0
169, 10098, 1074, 157, 97, 68, 0.8086521625518799, -1, 1.0
169, 10001, 2, 892, 487, 186, 0.7779877185821533, -1, 1.0
170, 10134, 1131, 231, 148, 127, 0.9348244667053224, -1, 1.0
170, 10098, 1080, 155, 98, 68, 0.8976192474365234, -1, 1.0
170, 10001, 1, 892, 487, 186, 0.8277946710586548, -1, 1.0
171, 10215, 1699, 903, 218, 173, 0.9393564462661744, -1, 1.0
171, 10134, 1128, 225, 145, 126, 0.8919988870620728, -1, 1.0
171, 10098, 1088, 153, 97, 69, 0.8609181046485901, -1, 1.0
171, 10001, 0, 892, 486, 186, 0.8148358464241028, -1, 1.0
172, 10215, 1688, 888, 231, 188, 0.9273571968078612, -1, 1.0
172, 10134, 1126, 220, 143, 125, 0.8547090888023376, -1, 1.0
172, 10098, 1096, 153, 97, 67, 0.8317332863807678, -1, 1.0
172, 10001, 0, 892, 484, 186, 0.6860799789428711, -1, 1.0
173, 10215, 1679, 873, 240, 202, 0.9232607483863832, -1, 1.0
173, 10134, 1124, 217, 142, 123, 0.8596521615982056, -1, 1.0
173, 10098, 1104, 150, 97, 66, 0.8124023079872131, -1, 1.0
173, 10001, 0, 893, 487, 186, 0.6932664513587952, -1, 1.0
174, 10215, 1669, 859, 250, 215, 0.8977378606796265, -1, 1.0
174, 10134, 1122, 215, 141, 120, 0.8318960070610046, -1, 1.0
174, 10098, 1113, 148, 97, 65, 0.7667056918144226, -1, 1.0
174, 10001, 1, 893, 487, 185, 0.7377945780754089, -1, 1.0
175, 10215, 1660, 842, 259, 230, 0.9145461916923524, -1, 1.0
175, 10134, 1121, 211, 140, 119, 0.8223844766616821, -1, 1.0
175, 10098, 1119, 148, 97, 63, 0.6596460342407227, -1, 1.0
175, 10001, 1, 894, 489, 185, 0.5644562840461731, -1, 1.0
176, 10215, 1652, 830, 267, 243, 0.9126673936843872, -1, 1.0
176, 10134, 1120, 208, 138, 117, 0.8601699471473694, -1, 1.0
176, 10098, 1128, 145, 97, 63, 0.8144635558128357, -1, 1.0
177, 10215, 1643, 816, 276, 256, 0.8973575830459595, -1, 1.0
177, 10134, 1119, 206, 135, 115, 0.8432669639587402, -1, 1.0
177, 10098, 1137, 143, 97, 62, 0.840604305267334, -1, 1.0
178, 10215, 1635, 805, 284, 268, 0.9329333305358888, -1, 1.0
178, 10134, 1118, 201, 133, 113, 0.8440223336219788, -1, 1.0
179, 10215, 1625, 794, 294, 280, 0.9409216046333312, -1, 1.0
179, 10134, 1118, 199, 132, 113, 0.8969793319702148, -1, 1.0
180, 10215, 1620, 782, 299, 292, 0.9366657733917236, -1, 1.0
180, 10134, 1117, 195, 129, 111, 0.8797909617424011, -1, 1.0
180, 10098, 1161, 137, 97, 63, 0.8223494291305542, -1, 1.0
181, 10215, 1612, 771, 307, 303, 0.8944823741912842, -1, 1.0
181, 10134, 1117, 194, 127, 109, 0.8869823217391968, -1, 1.0
181, 10098, 1168, 133, 98, 65, 0.8227426409721375, -1, 1.0
182, 10215, 1605, 763, 314, 312, 0.901177704334259, -1, 1.0
182, 10134, 1118, 191, 125, 108, 0.8771836161613464, -1, 1.0
182, 10098, 1176, 130, 99, 65, 0.7040067315101624, -1, 1.0
183, 10215, 1599, 754, 320, 321, 0.9315009117126464, -1, 1.0
183, 10134, 1117, 186, 123, 106, 0.8756092190742493, -1, 1.0
183, 10098, 1184, 128, 100, 65, 0.8363465666770935, -1, 1.0
183, 10001, 0, 859, 345, 197, 0.6976167559623718, -1, 1.0
184, 10215, 1592, 745, 327, 331, 0.9117099046707152, -1, 1.0
184, 10134, 1119, 183, 122, 105, 0.8572215437889099, -1, 1.0
184, 10098, 1194, 129, 97, 64, 0.751820981502533, -1, 1.0
185, 10215, 1587, 735, 332, 340, 0.9293685555458068, -1, 1.0
185, 10134, 1121, 182, 120, 103, 0.8531891703605652, -1, 1.0
185, 10098, 1201, 128, 96, 64, 0.7858313322067261, -1, 1.0
186, 10215, 1580, 724, 339, 346, 0.8813632130622864, -1, 1.0
186, 10134, 1123, 178, 120, 102, 0.7646112442016602, -1, 1.0
186, 10098, 1211, 127, 96, 63, 0.6971040964126587, -1, 1.0
187, 10228, 1102, 90, 106, 73, 0.8728534579277039, -1, 1.0
187, 10215, 1575, 714, 344, 349, 0.8637383580207825, -1, 1.0
187, 10134, 1125, 174, 120, 102, 0.6760497689247131, -1, 1.0
188, 10228, 1092, 93, 107, 75, 0.9105258584022522, -1, 1.0
188, 10215, 1569, 707, 350, 349, 0.9005337357521057, -1, 1.0
188, 10134, 1127, 171, 119, 101, 0.7916748523712158, -1, 1.0
189, 10228, 1083, 94, 109, 76, 0.9236592054367064, -1, 1.0
189, 10215, 1563, 695, 356, 348, 0.9145359992980956, -1, 1.0
189, 10134, 1130, 169, 118, 100, 0.8214601278305054, -1, 1.0
189, 10098, 1232, 123, 92, 62, 0.7350851893424988, -1, 1.0
190, 10228, 1068, 94, 107, 78, 0.9384900331497192, -1, 1.0
190, 10215, 1556, 685, 362, 344, 0.9217703342437744, -1, 1.0
190, 10134, 1133, 166, 116, 99, 0.8298232555389404, -1, 1.0
190, 10098, 1241, 121, 95, 62, 0.6887127161026001, -1, 1.0
190, 10001, 0, 795, 261, 259, 0.6840008497238159, -1, 1.0
191, 10215, 1549, 674, 368, 340, 0.9303075075149536, -1, 1.0
191, 10134, 1138, 162, 115, 98, 0.913500726222992, -1, 1.0
191, 10098, 1252, 119, 97, 63, 0.860925018787384, -1, 1.0
191, 10001, 0, 793, 258, 266, 0.5142435431480408, -1, 1.0
192, 10215, 1539, 665, 374, 332, 0.9587336778640748, -1, 1.0
192, 10134, 1144, 160, 115, 98, 0.91376930475235, -1, 1.0
192, 10001, 0, 791, 256, 273, 0.8378584980964661, -1, 1.0
193, 10228, 1028, 62, 145, 107, 0.942308783531189, -1, 1.0
193, 10215, 1530, 658, 376, 324, 0.9278733730316162, -1, 1.0
193, 10134, 1148, 159, 116, 96, 0.8916429281234741, -1, 1.0
193, 10001, 0, 791, 253, 278, 0.5341364145278931, -1, 1.0
194, 10228, 1027, 56, 169, 117, 0.937220811843872, -1, 1.0
194, 10215, 1519, 648, 375, 319, 0.9064689874649048, -1, 1.0
194, 10134, 1155, 157, 116, 95, 0.8321560621261597, -1, 1.0
194, 10001, 0, 791, 251, 281, 0.7144906520843506, -1, 1.0
195, 10228, 1017, 52, 189, 124, 0.9489277601242064, -1, 1.0
195, 10215, 1507, 641, 373, 312, 0.9110865592956544, -1, 1.0
195, 10134, 1160, 154, 115, 94, 0.8651164174079895, -1, 1.0
195, 10001, 0, 790, 249, 284, 0.7586427330970764, -1, 1.0
196, 10228, 1003, 52, 206, 129, 0.9541112184524536, -1, 1.0
196, 10215, 1497, 634, 367, 305, 0.9212342500686646, -1, 1.0
196, 10134, 1168, 151, 115, 93, 0.8638675212860107, -1, 1.0
196, 10001, 0, 790, 247, 285, 0.852340042591095, -1, 1.0
197, 10228, 980, 53, 210, 131, 0.9368062615394592, -1, 1.0
197, 10215, 1488, 624, 364, 301, 0.8973228335380554, -1, 1.0
197, 10134, 1175, 149, 115, 92, 0.8748219013214111, -1, 1.0
197, 10001, 0, 791, 245, 285, 0.765931248664856, -1, 1.0
198, 10228, 958, 56, 199, 130, 0.946254312992096, -1, 1.0
198, 10215, 1481, 616, 357, 295, 0.8960843682289124, -1, 1.0
198, 10134, 1181, 146, 114, 92, 0.8885621428489685, -1, 1.0
198, 10001, 0, 791, 242, 286, 0.6894603967666626, -1, 1.0
199, 10228, 947, 58, 198, 130, 0.9455394744873048, -1, 1.0
199, 10215, 1471, 609, 351, 289, 0.9120897650718688, -1, 1.0
199, 10134, 1189, 147, 112, 90, 0.8817874193191528, -1, 1.0
199, 10001, 0, 792, 238, 285, 0.8191278576850891, -1, 1.0
200, 10228, 933, 58, 189, 131, 0.9453952312469482, -1, 1.0
200, 10215, 1462, 600, 345, 284, 0.8987717628479004, -1, 1.0
200, 10134, 1197, 146, 110, 88, 0.8592165112495422, -1, 1.0
200, 10001, 0, 792, 235, 285, 0.8343969583511353, -1, 1.0
201, 10228, 925, 59, 199, 132, 0.962898850440979, -1, 1.0
201, 10215, 1454, 590, 339, 279, 0.8708075284957886, -1, 1.0
201, 10134, 1206, 143, 109, 87, 0.870593249797821, -1, 1.0
201, 10001, 0, 792, 233, 285, 0.8437142372131348, -1, 1.0
202, 10228, 914, 60, 202, 133, 0.9643606543540956, -1, 1.0
202, 10215, 1445, 584, 332, 273, 0.8952168226242065, -1, 1.0
202, 10134, 1215, 139, 108, 88, 0.8764410018920898, -1, 1.0
202, 10001, 0, 794, 230, 284, 0.8428937196731567, -1, 1.0
203, 10228, 900, 63, 206, 133, 0.952388882637024, -1, 1.0
203, 10215, 1436, 578, 326, 266, 0.92164945602417, -1, 1.0
203, 10134, 1229, 136, 111, 88, 0.8776943683624268, -1, 1.0
203, 10098, 1326, 104, 104, 59, 0.8600383996963501, -1, 1.0
203, 10001, 0, 795, 228, 283, 0.5795559883117676, -1, 1.0
204, 10228, 888, 62, 213, 136, 0.9420231580734252, -1, 1.0
204, 10215, 1428, 570, 319, 259, 0.9292656183242798, -1, 1.0
204, 10134, 1241, 125, 115, 92, 0.8421884775161743, -1, 1.0
204, 10098, 1281, 116, 136, 78, 0.807320773601532, -1, 1.0
204, 10001, 0, 796, 224, 283, 0.613018274307251, -1, 1.0
205, 10228, 874, 63, 216, 138, 0.9732016324996948, -1, 1.0
205, 10215, 1421, 565, 313, 253, 0.932429015636444, -1, 1.0
205, 10134, 1249, 123, 116, 92, 0.8975790739059448, -1, 1.0
205, 10001, 0, 798, 220, 281, 0.8203738927841187, -1, 1.0
206, 10228, 861, 63, 219, 140, 0.9416082501411438, -1, 1.0
206, 10215, 1415, 559, 307, 249, 0.918621063232422, -1, 1.0
206, 10134, 1259, 123, 115, 91, 0.8801257610321045, -1, 1.0
206, 10001, 0, 800, 215, 279, 0.8319441676139832, -1, 1.0
207, 10228, 848, 66, 219, 141, 0.9365126490592957, -1, 1.0
207, 10215, 1406, 553, 301, 244, 0.9356372356414796, -1, 1.0
207, 10134, 1269, 120, 116, 92, 0.8966607451438904, -1, 1.0
207, 10001, 0, 802, 209, 277, 0.8305111527442932, -1, 1.0
208, 10228, 833, 66, 222, 142, 0.9512872695922852, -1, 1.0
208, 10215, 1396, 545, 296, 239, 0.9348597526550292, -1, 1.0
208, 10134, 1279, 113, 116, 95, 0.8461534380912781, -1, 1.0
208, 10001, 0, 806, 203, 273, 0.8155399560928345, -1, 1.0
209, 10228, 819, 67, 219, 143, 0.9474503397941588, -1, 1.0
209, 10215, 1388, 539, 290, 235, 0.8871415257453918, -1, 1.0
209, 10134, 1289, 114, 116, 93, 0.8678478598594666, -1, 1.0
209, 10001, 0, 810, 196, 269, 0.8632697463035583, -1, 1.0
210, 10228, 810, 69, 220, 144, 0.9622354507446288, -1, 1.0
210, 10215, 1381, 531, 284, 231, 0.9047269821166992, -1, 1.0
210, 10134, 1300, 115, 114, 91, 0.846525251865387, -1, 1.0
210, 10001, 0, 813, 190, 266, 0.7909338474273682, -1, 1.0
211, 10228, 798, 69, 219, 145, 0.9477503895759584, -1, 1.0
211, 10215, 1374, 526, 277, 226, 0.8505678176879883, -1, 1.0
211, 10134, 1311, 118, 114, 86, 0.8500756025314331, -1, 1.0
211, 10098, 1347, 95, 127, 61, 0.8223177194595337, -1, 1.0
211, 10001, 0, 817, 183, 262, 0.5837702751159668, -1, 1.0
212, 10228, 786, 71, 221, 146, 0.95451021194458, -1, 1.0
212, 10215, 1366, 520, 273, 222, 0.8946516513824463, -1, 1.0
212, 10134, 1321, 118, 111, 83, 0.8943379521369934, -1, 1.0
212, 10001, 0, 820, 172, 259, 0.7814332842826843, -1, 1.0
213, 10228, 776, 72, 220, 146, 0.958801805973053, -1, 1.0
213, 10215, 1359, 513, 269, 218, 0.841741144657135, -1, 1.0
213, 10134, 1331, 115, 111, 82, 0.7464292049407959, -1, 1.0
214, 10228, 765, 75, 219, 146, 0.9542821645736694, -1, 1.0
214, 10215, 1351, 507, 264, 214, 0.902516543865204, -1, 1.0
214, 10134, 1341, 111, 116, 82, 0.7868269681930542, -1, 1.0
215, 10228, 756, 75, 218, 147, 0.9537932872772216, -1, 1.0
215, 10215, 1343, 501, 260, 209, 0.9170117378234864, -1, 1.0
215, 10134, 1350, 112, 116, 80, 0.8298666477203369, -1, 1.0
215, 10001, 0, 835, 143, 245, 0.7612529397010803, -1, 1.0
216, 10228, 748, 77, 219, 148, 0.9519856572151184, -1, 1.0
216, 10215, 1336, 494, 255, 206, 0.8966431021690369, -1, 1.0
216, 10134, 1357, 111, 115, 79, 0.7264752388000488, -1, 1.0
216, 10001, 0, 842, 131, 237, 0.6662419438362122, -1, 1.0
217, 10228, 725, 80, 198, 147, 0.9537993669509888, -1, 1.0
217, 10215, 1327, 490, 250, 201, 0.8296424746513367, -1, 1.0
217, 10134, 1369, 110, 110, 77, 0.6672074198722839, -1, 1.0
218, 10228, 718, 81, 195, 148, 0.9455729722976683, -1, 1.0
218, 10215, 1320, 484, 246, 197, 0.8190332055091858, -1, 1.0
218, 10134, 1379, 109, 106, 75, 0.7937493324279785, -1, 1.0
219, 10228, 714, 85, 192, 147, 0.9458805918693542, -1, 1.0
219, 10215, 1313, 478, 241, 194, 0.8564651608467102, -1, 1.0
219, 10134, 1391, 106, 107, 75, 0.7569388151168823, -1, 1.0
220, 10228, 711, 84, 199, 149, 0.9464541673660278, -1, 1.0
220, 10215, 1305, 471, 237, 191, 0.8072256445884705, -1, 1.0
220, 10134, 1401, 104, 106, 74, 0.7613303661346436, -1, 1.0
221, 10228, 701, 83, 204, 150, 0.9470492601394652, -1, 1.0
221, 10215, 1300, 465, 232, 189, 0.9013741612434388, -1, 1.0
221, 10134, 1408, 105, 103, 71, 0.6379296779632568, -1, 1.0
222, 10228, 691, 82, 208, 154, 0.951405942440033, -1, 1.0
222, 10215, 1293, 459, 228, 185, 0.9087905287742616, -1, 1.0
222, 10134, 1414, 105, 99, 68, 0.5313192009925842, -1, 1.0
223, 10228, 682, 84, 207, 156, 0.9457178115844728, -1, 1.0
223, 10215, 1286, 449, 224, 183, 0.8456530570983887, -1, 1.0
223, 10134, 1421, 107, 91, 65, 0.5424365401268005, -1, 1.0
224, 10228, 677, 87, 205, 157, 0.9469884037971495, -1, 1.0
224, 10215, 1280, 443, 220, 180, 0.9231054186820984, -1, 1.0
225, 10228, 673, 91, 205, 157, 0.956305205821991, -1, 1.0
225, 10215, 1275, 438, 216, 177, 0.9105405807495116, -1, 1.0
226, 10228, 668, 92, 204, 158, 0.9563314914703368, -1, 1.0
226, 10215, 1269, 431, 212, 174, 0.927768886089325, -1, 1.0
227, 10228, 659, 95, 202, 159, 0.9512780904769896, -1, 1.0
227, 10215, 1264, 424, 209, 172, 0.897666871547699, -1, 1.0
228, 10228, 654, 97, 203, 161, 0.9596787095069884, -1, 1.0
228, 10215, 1258, 417, 206, 170, 0.8908179402351379, -1, 1.0
229, 10228, 649, 100, 203, 161, 0.945615828037262, -1, 1.0
229, 10215, 1252, 411, 202, 167, 0.8836622834205627, -1, 1.0
230, 10228, 642, 102, 198, 162, 0.9401811957359314, -1, 1.0
230, 10215, 1249, 404, 199, 165, 0.8569096922874451, -1, 1.0
231, 10228, 636, 105, 195, 162, 0.9480814933776855, -1, 1.0
231, 10215, 1244, 397, 196, 162, 0.8873727321624756, -1, 1.0
232, 10228, 632, 104, 192, 164, 0.9566122889518738, -1, 1.0
232, 10215, 1241, 391, 192, 160, 0.888047456741333, -1, 1.0
233, 10228, 625, 108, 191, 165, 0.9482114911079408, -1, 1.0
233, 10215, 1238, 384, 189, 158, 0.9206812977790833, -1, 1.0
234, 10228, 621, 110, 189, 167, 0.9505102038383484, -1, 1.0
234, 10215, 1235, 378, 185, 156, 0.9155253171920776, -1, 1.0
235, 10228, 617, 111, 189, 170, 0.9477632641792296, -1, 1.0
235, 10215, 1231, 371, 182, 153, 0.9109424948692322, -1, 1.0
236, 10228, 611, 112, 190, 172, 0.9519480466842652, -1, 1.0
236, 10215, 1227, 366, 180, 150, 0.9247570633888244, -1, 1.0
237, 10228, 605, 114, 191, 173, 0.9360252618789672, -1, 1.0
237, 10215, 1224, 359, 177, 148, 0.9325398206710817, -1, 1.0
238, 10274, 730, 1004, 553, 69, 0.9479659795761108, -1, 1.0
238, 10228, 598, 115, 191, 176, 0.9179908037185668, -1, 1.0
238, 10215, 1222, 353, 174, 146, 0.7218414545059204, -1, 1.0
239, 10274, 734, 985, 600, 85, 0.9485277533531188, -1, 1.0
239, 10228, 595, 115, 193, 179, 0.897054135799408, -1, 1.0
239, 10215, 1218, 347, 171, 144, 0.8074603080749512, -1, 1.0
240, 10274, 759, 971, 631, 98, 0.9389142394065856, -1, 1.0
240, 10228, 594, 117, 191, 183, 0.8478646278381348, -1, 1.0
240, 10215, 1214, 341, 169, 142, 0.7739985585212708, -1, 1.0
241, 10274, 787, 956, 649, 112, 0.9486163854599, -1, 1.0
241, 10228, 593, 121, 188, 183, 0.9054003953933716, -1, 1.0
241, 10215, 1211, 334, 167, 141, 0.8355590105056763, -1, 1.0
242, 10274, 804, 938, 652, 126, 0.9424647092819214, -1, 1.0
242, 10228, 590, 124, 186, 185, 0.912539839744568, -1, 1.0
242, 10215, 1207, 327, 165, 139, 0.8737431764602661, -1, 1.0
243, 10274, 820, 924, 654, 139, 0.9396575689315796, -1, 1.0
243, 10228, 586, 126, 185, 187, 0.9185926914215088, -1, 1.0
243, 10215, 1204, 323, 163, 138, 0.8772915005683899, -1, 1.0
244, 10274, 842, 908, 644, 154, 0.9341312646865844, -1, 1.0
244, 10228, 584, 129, 183, 189, 0.9233590364456176, -1, 1.0
244, 10215, 1203, 318, 161, 136, 0.9112244248390198, -1, 1.0
245, 10274, 866, 891, 632, 170, 0.9385685920715332, -1, 1.0
245, 10228, 582, 132, 183, 190, 0.9186847805976868, -1, 1.0
245, 10215, 1201, 313, 158, 133, 0.9172963500022888, -1, 1.0
246, 10274, 890, 877, 614, 184, 0.9430912733078004, -1, 1.0
246, 10228, 581, 135, 183, 190, 0.936798930168152, -1, 1.0
246, 10215, 1196, 309, 156, 130, 0.9247761964797974, -1, 1.0
247, 10274, 905, 863, 595, 198, 0.9470769166946412, -1, 1.0
247, 10228, 579, 138, 183, 190, 0.9435793161392212, -1, 1.0
247, 10215, 1193, 304, 155, 128, 0.9339318871498108, -1, 1.0
248, 10279, 1006, 86, 71, 36, 0.9591420292854308, -1, 1.0
248, 10274, 932, 850, 576, 212, 0.9510714411735536, -1, 1.0
248, 10228, 576, 139, 182, 192, 0.940799117088318, -1, 1.0
248, 10215, 1190, 300, 153, 127, 0.6578569412231445, -1, 1.0
249, 10274, 956, 838, 554, 225, 0.951686441898346, -1, 1.0
249, 10228, 574, 141, 182, 194, 0.9500861763954164, -1, 1.0
249, 10215, 1188, 294, 152, 125, 0.9469423294067384, -1, 1.0
250, 10274, 974, 825, 534, 238, 0.9503362774848938, -1, 1.0
250, 10228, 571, 142, 181, 196, 0.9478440880775452, -1, 1.0
250, 10215, 1183, 289, 151, 123, 0.9378125071525574, -1, 1.0
251, 10274, 994, 814, 515, 250, 0.962681770324707, -1, 1.0
251, 10228, 568, 145, 182, 197, 0.9483584761619568, -1, 1.0
251, 10215, 1180, 283, 149, 123, 0.9307785034179688, -1, 1.0
252, 10274, 1009, 802, 498, 262, 0.9511157870292664, -1, 1.0
252, 10228, 565, 148, 183, 199, 0.9424949288368224, -1, 1.0
252, 10215, 1177, 278, 146, 122, 0.9413625597953796, -1, 1.0
253, 10274, 1024, 791, 482, 274, 0.940670907497406, -1, 1.0
253, 10228, 561, 151, 185, 200, 0.94010990858078, -1, 1.0
253, 10215, 1174, 273, 145, 121, 0.9319729208946228, -1, 1.0
254, 10274, 1036, 780, 467, 284, 0.9456915855407716, -1, 1.0
254, 10228, 556, 155, 187, 201, 0.9443801641464232, -1, 1.0
254, 10215, 1172, 269, 143, 119, 0.9359826445579528, -1, 1.0
255, 10274, 1045, 766, 453, 289, 0.9366771578788756, -1, 1.0
255, 10228, 553, 157, 191, 203, 0.9360553622245787, -1, 1.0
255, 10215, 1168, 265, 142, 118, 0.928232491016388, -1, 1.0
256, 10274, 1054, 753, 439, 292, 0.9471766948699952, -1, 1.0
256, 10228, 549, 159, 194, 206, 0.9459758400917052, -1, 1.0
256, 10215, 1166, 260, 141, 117, 0.9359827637672424, -1, 1.0
257, 10274, 1059, 741, 426, 294, 0.9580494165420532, -1, 1.0
257, 10228, 544, 161, 197, 208, 0.9507120847702026, -1, 1.0
257, 10215, 1163, 255, 139, 116, 0.940904974937439, -1, 1.0
258, 10274, 1065, 728, 414, 291, 0.9466612935066224, -1, 1.0
258, 10228, 542, 162, 201, 210, 0.9465147256851196, -1, 1.0
258, 10215, 1160, 250, 138, 114, 0.9273109436035156, -1, 1.0
259, 10274, 1069, 717, 403, 289, 0.9458011984825134, -1, 1.0
259, 10228, 537, 164, 203, 213, 0.939771831035614, -1, 1.0
259, 10215, 1157, 247, 137, 113, 0.9299137592315674, -1, 1.0
260, 10274, 1073, 706, 392, 287, 0.9407764077186584, -1, 1.0
260, 10228, 533, 165, 205, 215, 0.9343817234039308, -1, 1.0
260, 10215, 1153, 243, 135, 112, 0.8900896310806274, -1, 1.0
261, 10274, 1074, 695, 381, 284, 0.9515008926391602, -1, 1.0
261, 10228, 530, 168, 207, 217, 0.928093433380127, -1, 1.0
261, 10215, 1151, 238, 134, 111, 0.9244287014007568, -1, 1.0
262, 10274, 1075, 685, 372, 280, 0.962141215801239, -1, 1.0
262, 10228, 530, 171, 208, 218, 0.9472656846046448, -1, 1.0
262, 10215, 1149, 235, 132, 109, 0.9298189282417296, -1, 1.0
263, 10274, 1076, 678, 363, 275, 0.9615731239318848, -1, 1.0
263, 10228, 527, 173, 209, 221, 0.9275227189064026, -1, 1.0
263, 10215, 1146, 231, 131, 108, 0.9209541082382202, -1, 1.0
264, 10274, 1076, 670, 355, 271, 0.951837122440338, -1, 1.0
264, 10228, 529, 174, 207, 223, 0.930509865283966, -1, 1.0
264, 10215, 1144, 228, 129, 106, 0.926621675491333, -1, 1.0
265, 10274, 1076, 661, 347, 265, 0.953712284564972, -1, 1.0
265, 10228, 526, 175, 208, 227, 0.9435920715332032, -1, 1.0
265, 10215, 1143, 225, 128, 105, 0.9406773447990416, -1, 1.0
266, 10274, 1074, 651, 340, 261, 0.9665951132774352, -1, 1.0
266, 10228, 524, 177, 210, 231, 0.9513179063796996, -1, 1.0
266, 10215, 1141, 221, 128, 104, 0.9171270728111268, -1, 1.0
267, 10274, 1071, 642, 334, 255, 0.958445131778717, -1, 1.0
267, 10228, 521, 180, 211, 235, 0.9493109583854676, -1, 1.0
267, 10215, 1138, 218, 126, 103, 0.9437880516052246, -1, 1.0
268, 10274, 1069, 634, 327, 249, 0.9606980681419371, -1, 1.0
268, 10228, 514, 184, 216, 237, 0.9324003458023072, -1, 1.0
268, 10215, 1136, 215, 125, 102, 0.9274308085441588, -1, 1.0
269, 10274, 1067, 626, 321, 244, 0.9634838700294496, -1, 1.0
269, 10228, 507, 190, 218, 238, 0.9337066411972046, -1, 1.0
269, 10215, 1134, 213, 123, 100, 0.9271631836891174, -1, 1.0
270, 10274, 1065, 618, 314, 240, 0.9688133597373962, -1, 1.0
270, 10228, 500, 196, 222, 239, 0.9478138089179992, -1, 1.0
270, 10215, 1133, 211, 121, 99, 0.9296834468841552, -1, 1.0
271, 10274, 1062, 609, 308, 236, 0.9567474126815796, -1, 1.0
271, 10228, 495, 199, 225, 241, 0.9243018627166748, -1, 1.0
271, 10215, 1131, 207, 120, 98, 0.8650539517402649, -1, 1.0
272, 10274, 1059, 601, 302, 232, 0.9600054025650024, -1, 1.0
272, 10228, 490, 201, 228, 244, 0.9178270697593688, -1, 1.0
272, 10215, 1130, 204, 117, 97, 0.9136590361595154, -1, 1.0
273, 10274, 1057, 593, 295, 227, 0.965341567993164, -1, 1.0
273, 10228, 480, 203, 232, 248, 0.9340669512748718, -1, 1.0
273, 10215, 1129, 200, 116, 96, 0.914419651031494, -1, 1.0
274, 10274, 1055, 586, 290, 222, 0.9694666862487792, -1, 1.0
274, 10228, 476, 205, 234, 251, 0.934031307697296, -1, 1.0
274, 10215, 1128, 197, 115, 96, 0.9166689515113832, -1, 1.0
275, 10274, 1052, 581, 284, 218, 0.9545976519584656, -1, 1.0
275, 10228, 475, 208, 234, 253, 0.944976806640625, -1, 1.0
275, 10215, 1128, 193, 113, 95, 0.9143219590187072, -1, 1.0
276, 10274, 1049, 574, 279, 215, 0.9507943987846376, -1, 1.0
276, 10228, 476, 211, 233, 255, 0.9373060464859008, -1, 1.0
276, 10215, 1128, 190, 112, 93, 0.9154277443885804, -1, 1.0
277, 10274, 1047, 567, 273, 210, 0.957535982131958, -1, 1.0
277, 10228, 474, 216, 233, 257, 0.9284014105796814, -1, 1.0
277, 10215, 1128, 188, 111, 92, 0.9269579648971558, -1, 1.0
278, 10274, 1044, 560, 268, 205, 0.9493791460990906, -1, 1.0
278, 10228, 470, 219, 235, 260, 0.9220252633094788, -1, 1.0
278, 10215, 1129, 185, 109, 92, 0.7456533312797546, -1, 1.0
279, 10300, 962, 65, 87, 68, 0.9535298347473145, -1, 1.0
279, 10274, 1040, 552, 264, 201, 0.9324969053268432, -1, 1.0
279, 10228, 461, 222, 239, 262, 0.911392629146576, -1, 1.0
279, 10215, 1131, 183, 108, 90, 0.7263070344924927, -1, 1.0
280, 10300, 967, 63, 93, 70, 0.956644594669342, -1, 1.0
280, 10274, 1038, 546, 260, 198, 0.9212243556976318, -1, 1.0
280, 10228, 457, 227, 245, 265, 0.913551390171051, -1, 1.0
280, 10215, 1133, 180, 108, 90, 0.6969484090805054, -1, 1.0
281, 10300, 968, 62, 98, 70, 0.9604179263114928, -1, 1.0
281, 10274, 1037, 540, 256, 194, 0.93466979265213, -1, 1.0
281, 10228, 450, 232, 252, 267, 0.9199013710021972, -1, 1.0
281, 10215, 1136, 176, 108, 90, 0.7270214557647705, -1, 1.0
282, 10300, 971, 61, 105, 72, 0.950134813785553, -1, 1.0
282, 10274, 1035, 535, 251, 190, 0.9435019493103028, -1, 1.0
282, 10228, 442, 237, 255, 270, 0.922325313091278, -1, 1.0
282, 10215, 1138, 173, 108, 89, 0.7051886320114136, -1, 1.0
283, 10300, 976, 60, 109, 72, 0.9579209685325624, -1, 1.0
283, 10274, 1034, 529, 246, 187, 0.9390838742256165, -1, 1.0
283, 10228, 431, 242, 261, 273, 0.918545424938202, -1, 1.0
283, 10215, 1141, 173, 108, 88, 0.6708041429519653, -1, 1.0
284, 10300, 993, 61, 106, 70, 0.9610503911972046, -1, 1.0
284, 10274, 1033, 522, 241, 183, 0.9435189366340636, -1, 1.0
284, 10228, 425, 246, 263, 276, 0.909109115600586, -1, 1.0
284, 10215, 1145, 169, 108, 87, 0.7870030403137207, -1, 1.0
285, 10303, 1194, 86, 91, 64, 0.9594748616218568, -1, 1.0
285, 10300, 1000, 60, 109, 71, 0.9476829767227172, -1, 1.0
285, 10274, 1032, 517, 236, 180, 0.9235854744911194, -1, 1.0
285, 10228, 422, 249, 262, 278, 0.7618261575698853, -1, 1.0
285, 10215, 1148, 167, 108, 87, 0.7333415746688843, -1, 1.0
286, 10303, 1181, 88, 95, 67, 0.9559022188186646, -1, 1.0
286, 10300, 1011, 63, 106, 70, 0.9333714842796326, -1, 1.0
286, 10274, 1029, 509, 233, 178, 0.9009052515029908, -1, 1.0
286, 10228, 420, 252, 260, 282, 0.8002373576164246, -1, 1.0
286, 10215, 1153, 166, 108, 86, 0.7581596970558167, -1, 1.0
287, 10303, 1167, 89, 96, 67, 0.9518238306045532, -1, 1.0
287, 10300, 1019, 64, 104, 70, 0.933269739151001, -1, 1.0
287, 10274, 1029, 503, 230, 175, 0.902256429195404, -1, 1.0
287, 10228, 414, 255, 262, 285, 0.8167761564254761, -1, 1.0
287, 10215, 1160, 163, 108, 85, 0.798653244972229, -1, 1.0
288, 10303, 1153, 91, 96, 68, 0.9550745487213136, -1, 1.0
288, 10300, 1032, 65, 99, 70, 0.941105306148529, -1, 1.0
288, 10274, 1029, 499, 227, 172, 0.9265164732933044, -1, 1.0
288, 10228, 409, 259, 264, 289, 0.8305922746658325, -1, 1.0
288, 10215, 1166, 161, 108, 84, 0.726904034614563, -1, 1.0
289, 10303, 1144, 92, 97, 68, 0.9607949256896972, -1, 1.0
289, 10300, 1034, 65, 102, 72, 0.944650411605835, -1, 1.0
289, 10274, 1027, 493, 223, 169, 0.8663873076438904, -1, 1.0
289, 10228, 403, 264, 266, 293, 0.8013021945953369, -1, 1.0
289, 10215, 1171, 158, 110, 84, 0.7629229426383972, -1, 1.0
290, 10303, 1130, 94, 100, 68, 0.959602952003479, -1, 1.0
290, 10300, 1039, 68, 102, 75, 0.9431973099708556, -1, 1.0
290, 10274, 1027, 488, 218, 166, 0.9003797173500061, -1, 1.0
290, 10228, 396, 271, 270, 295, 0.8018289804458618, -1, 1.0
290, 10215, 1179, 158, 109, 82, 0.7187734842300415, -1, 1.0
291, 10303, 1117, 96, 99, 67, 0.9540836811065674, -1, 1.0
291, 10300, 1043, 70, 100, 76, 0.9350261688232422, -1, 1.0
291, 10274, 1028, 484, 215, 162, 0.8963974118232727, -1, 1.0
291, 10228, 391, 277, 273, 297, 0.8022375106811523, -1, 1.0
291, 10215, 1185, 155, 108, 82, 0.7357816100120544, -1, 1.0
292, 10303, 1103, 100, 99, 65, 0.9485086798667908, -1, 1.0
292, 10300, 1051, 72, 95, 75, 0.9300376176834106, -1, 1.0
292, 10274, 1028, 475, 211, 160, 0.8692860007286072, -1, 1.0
292, 10228, 383, 281, 278, 299, 0.7285329103469849, -1, 1.0
292, 10215, 1194, 149, 109, 84, 0.6746188998222351, -1, 1.0
293, 10303, 1086, 99, 102, 67, 0.9499689936637878, -1, 1.0
293, 10300, 1065, 77, 103, 79, 0.9171897172927856, -1, 1.0
293, 10274, 1028, 467, 208, 159, 0.8995584845542908, -1, 1.0
293, 10228, 380, 285, 282, 303, 0.7662280797958374, -1, 1.0
293, 10215, 1203, 149, 107, 82, 0.5452288389205933, -1, 1.0
294, 10300, 1066, 80, 107, 83, 0.955636739730835, -1, 1.0
294, 10274, 1030, 461, 205, 156, 0.9257240891456604, -1, 1.0
294, 10228, 373, 291, 285, 306, 0.8622796535491943, -1, 1.0
294, 10215, 1209, 147, 105, 81, 0.8579573035240173, -1, 1.0
295, 10274, 1031, 457, 201, 152, 0.9564543962478638, -1, 1.0
295, 10228, 368, 295, 289, 309, 0.949669599533081, -1, 1.0
295, 10215, 1217, 146, 101, 79, 0.9251134991645812, -1, 1.0
296, 10303, 1040, 89, 111, 82, 0.945522129535675, -1, 1.0
296, 10274, 1034, 450, 198, 151, 0.9341392517089844, -1, 1.0
296, 10228, 369, 297, 290, 313, 0.9011513590812684, -1, 1.0
296, 10215, 1228, 144, 99, 78, 0.8253956437110901, -1, 1.0
297, 10303, 1025, 95, 109, 80, 0.947013020515442, -1, 1.0
297, 10274, 1038, 444, 195, 149, 0.8815099000930786, -1, 1.0
297, 10228, 361, 301, 293, 317, 0.8660771250724792, -1, 1.0
297, 10215, 1243, 142, 101, 77, 0.7325776219367981, -1, 1.0
298, 10303, 1014, 94, 119, 83, 0.9463047981262208, -1, 1.0
298, 10300, 1050, 79, 112, 88, 0.9450684189796448, -1, 1.0
298, 10274, 1042, 438, 192, 146, 0.8580871224403381, -1, 1.0
298, 10228, 356, 304, 298, 320, 0.8171157836914062, -1, 1.0
298, 10215, 1254, 140, 103, 77, 0.6725433468818665, -1, 1.0
299, 10320, 1068, 82, 91, 66, 0.9477168917655944, -1, 1.0
299, 10274, 1046, 432, 190, 145, 0.9035243391990662, -1, 1.0
299, 10228, 355, 309, 304, 324, 0.8278034329414368, -1, 1.0
299, 10215, 1264, 137, 105, 77, 0.8197312951087952, -1, 1.0
300, 10321, 979, 110, 105, 73, 0.9533277153968812, -1, 1.0
300, 10320, 1070, 82, 89, 67, 0.9449009895324708, -1, 1.0
300, 10274, 1051, 425, 187, 144, 0.8480778932571411, -1, 1.0
300, 10228, 345, 314, 309, 327, 0.8236774802207947, -1, 1.0
300, 10215, 1274, 131, 106, 79, 0.7652131915092468, -1, 1.0
301, 10321, 961, 110, 110, 76, 0.9497255682945251, -1, 1.0
301, 10320, 1072, 82, 86, 67, 0.942398965358734, -1, 1.0
301, 10274, 1057, 417, 185, 143, 0.866651177406311, -1, 1.0
301, 10228, 338, 318, 313, 331, 0.8624734282493591, -1, 1.0
301, 10215, 1283, 124, 108, 82, 0.7786757349967957, -1, 1.0
302, 10321, 947, 114, 109, 74, 0.9477391839027404, -1, 1.0
302, 10320, 1073, 82, 86, 69, 0.930938959121704, -1, 1.0
302, 10274, 1062, 410, 184, 142, 0.8769440054893494, -1, 1.0
302, 10228, 332, 325, 317, 334, 0.8434032797813416, -1, 1.0
302, 10215, 1291, 121, 108, 84, 0.8408110737800598, -1, 1.0
303, 10321, 933, 118, 109, 73, 0.937289834022522, -1, 1.0
303, 10320, 1071, 81, 86, 70, 0.9344330430030824, -1, 1.0
303, 10274, 1068, 403, 183, 141, 0.8753910660743713, -1, 1.0
303, 10228, 328, 331, 321, 336, 0.8348978161811829, -1, 1.0
303, 10215, 1301, 120, 107, 83, 0.8004389405250549, -1, 1.0
304, 10321, 920, 122, 108, 72, 0.9382227063179016, -1, 1.0
304, 10320, 1069, 80, 87, 71, 0.9281479716300964, -1, 1.0
304, 10274, 1074, 398, 182, 138, 0.8919186592102051, -1, 1.0
304, 10228, 325, 335, 324, 338, 0.8397963047027588, -1, 1.0
304, 10215, 1312, 120, 106, 81, 0.8105992674827576, -1, 1.0
305, 10321, 905, 125, 108, 71, 0.941600739955902, -1, 1.0
305, 10320, 1067, 81, 87, 72, 0.9301839470863342, -1, 1.0
305, 10274, 1080, 394, 182, 136, 0.8775606155395508, -1, 1.0
305, 10228, 318, 338, 328, 341, 0.8205885291099548, -1, 1.0
305, 10215, 1321, 119, 106, 81, 0.7805092930793762, -1, 1.0
306, 10321, 890, 127, 110, 71, 0.9463629126548768, -1, 1.0
306, 10320, 1065, 82, 88, 72, 0.9334455132484436, -1, 1.0
306, 10274, 1088, 389, 179, 134, 0.8528096079826355, -1, 1.0
306, 10228, 311, 341, 334, 345, 0.8328012824058533, -1, 1.0
306, 10215, 1328, 119, 106, 79, 0.8039824366569519, -1, 1.0
307, 10321, 876, 129, 110, 71, 0.9496874213218688, -1, 1.0
307, 10320, 1064, 83, 88, 73, 0.9318811893463136, -1, 1.0
307, 10274, 1098, 382, 178, 132, 0.8553268909454346, -1, 1.0
307, 10228, 307, 344, 340, 349, 0.8316294550895691, -1, 1.0
307, 10215, 1335, 117, 108, 77, 0.8274415135383606, -1, 1.0
308, 10321, 859, 129, 112, 73, 0.9521809816360474, -1, 1.0
308, 10320, 1060, 85, 90, 73, 0.9429834485054016, -1, 1.0
308, 10274, 1106, 376, 175, 130, 0.8741396069526672, -1, 1.0
308, 10228, 300, 351, 344, 352, 0.8367311358451843, -1, 1.0
308, 10215, 1340, 116, 111, 77, 0.7951218485832214, -1, 1.0
309, 10321, 846, 130, 112, 75, 0.9445053339004515, -1, 1.0
309, 10320, 1056, 85, 92, 75, 0.9284627437591552, -1, 1.0
309, 10274, 1113, 371, 173, 129, 0.9223476648330688, -1, 1.0
309, 10228, 296, 356, 346, 357, 0.8496812582015991, -1, 1.0
309, 10215, 1348, 115, 113, 76, 0.7908399701118469, -1, 1.0
310, 10321, 834, 130, 112, 77, 0.9399698972702026, -1, 1.0
310, 10320, 1052, 85, 94, 77, 0.9217187762260436, -1, 1.0
310, 10274, 1122, 365, 172, 127, 0.8802793622016907, -1, 1.0
310, 10228, 289, 361, 348, 361, 0.8710176348686218, -1, 1.0
310, 10215, 1363, 115, 109, 75, 0.8699982762336731, -1, 1.0
