1, 10000, 760, 691, 130, 103, 0.9348006844520568, -1, 1.0
1, 10005, 632, 714, 94, 71, 0.7438825368881226, -1, 1.0
1, 10006, 1217, 699, 358, 159, 0.6746004223823547, -1, 1.0
2, 10000, 761, 695, 127, 98, 0.9379303455352784, -1, 1.0
2, 10005, 632, 714, 94, 70, 0.7501693964004517, -1, 1.0
2, 10006, 1217, 699, 358, 159, 0.6905880570411682, -1, 1.0
3, 10000, 761, 696, 127, 97, 0.9381682276725768, -1, 1.0
3, 10005, 632, 715, 94, 70, 0.7496111392974854, -1, 1.0
3, 10006, 1216, 699, 358, 159, 0.7008978128433228, -1, 1.0
4, 10000, 761, 697, 127, 97, 0.9385051727294922, -1, 1.0
4, 10005, 631, 715, 95, 70, 0.7482618093490601, -1, 1.0
4, 10006, 1216, 699, 358, 159, 0.6976749300956726, -1, 1.0
5, 10000, 761, 696, 127, 97, 0.9382890462875366, -1, 1.0
5, 10005, 631, 715, 95, 71, 0.7432182431221008, -1, 1.0
5, 10006, 1216, 699, 358, 159, 0.6912773847579956, -1, 1.0
6, 10000, 761, 696, 127, 96, 0.9377643465995787, -1, 1.0
6, 10005, 631, 715, 95, 71, 0.7462204694747925, -1, 1.0
6, 10006, 1216, 699, 358, 160, 0.6913952231407166, -1, 1.0
7, 10000, 761, 696, 128, 97, 0.9380619525909424, -1, 1.0
7, 10005, 631, 715, 95, 71, 0.7445945143699646, -1, 1.0
7, 10006, 1216, 699, 358, 160, 0.6941619515419006, -1, 1.0
8, 10000, 761, 696, 128, 97, 0.9379542469978333, -1, 1.0
8, 10005, 631, 715, 95, 71, 0.7469273805618286, -1, 1.0
8, 10006, 1216, 698, 358, 159, 0.6929221153259277, -1, 1.0
9, 10000, 761, 696, 128, 97, 0.9380009174346924, -1, 1.0
9, 10005, 631, 715, 95, 71, 0.7505807876586914, -1, 1.0
9, 10006, 1216, 698, 358, 159, 0.6976588368415833, -1, 1.0
10, 10000, 761, 696, 128, 97, 0.9383634328842164, -1, 1.0
10, 10005, 631, 715, 95, 71, 0.754403293132782, -1, 1.0
10, 10006, 1216, 698, 358, 159, 0.7020848393440247, -1, 1.0
11, 10000, 761, 696, 128, 97, 0.9384134411811828, -1, 1.0
11, 10005, 631, 714, 95, 71, 0.7497683167457581, -1, 1.0
11, 10006, 1216, 698, 358, 159, 0.6935526728630066, -1, 1.0
12, 10000, 761, 696, 128, 97, 0.9382726550102234, -1, 1.0
12, 10005, 631, 714, 95, 71, 0.7522525787353516, -1, 1.0
12, 10006, 1216, 698, 358, 159, 0.7013912200927734, -1, 1.0
13, 10000, 761, 697, 128, 96, 0.9372551441192628, -1, 1.0
13, 10005, 631, 714, 95, 70, 0.7512525916099548, -1, 1.0
13, 10006, 1216, 698, 358, 159, 0.7315558791160583, -1, 1.0
14, 10000, 761, 697, 128, 96, 0.93756902217865, -1, 1.0
14, 10005, 631, 714, 95, 70, 0.7475324273109436, -1, 1.0
14, 10006, 1216, 698, 358, 159, 0.7243397235870361, -1, 1.0
15, 10000, 761, 698, 128, 95, 0.9379000663757324, -1, 1.0
15, 10005, 631, 714, 95, 70, 0.7497884631156921, -1, 1.0
15, 10006, 1216, 698, 358, 159, 0.7244937419891357, -1, 1.0
16, 10000, 761, 698, 128, 95, 0.9381147623062134, -1, 1.0
16, 10005, 631, 714, 95, 70, 0.7480558156967163, -1, 1.0
16, 10006, 1216, 698, 358, 159, 0.704730212688446, -1, 1.0
17, 10000, 761, 697, 128, 96, 0.9380509853363036, -1, 1.0
17, 10005, 631, 714, 96, 70, 0.7449456453323364, -1, 1.0
17, 10006, 1216, 699, 358, 158, 0.7029971480369568, -1, 1.0
18, 10000, 761, 697, 128, 96, 0.9382386803627014, -1, 1.0
18, 10005, 631, 714, 96, 70, 0.7393415570259094, -1, 1.0
18, 10006, 1217, 699, 358, 158, 0.6971073746681213, -1, 1.0
19, 10000, 761, 697, 128, 96, 0.9381857514381408, -1, 1.0
19, 10005, 630, 714, 96, 70, 0.7383596897125244, -1, 1.0
19, 10006, 1217, 699, 357, 158, 0.6963339447975159, -1, 1.0
20, 10000, 761, 697, 128, 96, 0.937979519367218, -1, 1.0
20, 10005, 630, 714, 96, 70, 0.7377912998199463, -1, 1.0
20, 10006, 1217, 699, 357, 158, 0.701129674911499, -1, 1.0
21, 10000, 761, 698, 128, 95, 0.9386079907417296, -1, 1.0
21, 10005, 630, 714, 96, 70, 0.7351929545402527, -1, 1.0
21, 10006, 1217, 699, 357, 158, 0.7024407386779785, -1, 1.0
22, 10000, 761, 698, 128, 95, 0.9386156797409058, -1, 1.0
22, 10005, 630, 714, 96, 70, 0.7358695268630981, -1, 1.0
22, 10006, 1217, 699, 357, 158, 0.6970048546791077, -1, 1.0
23, 10000, 761, 698, 128, 95, 0.9384925961494446, -1, 1.0
23, 10005, 630, 714, 96, 70, 0.7361891269683838, -1, 1.0
23, 10006, 1217, 699, 357, 158, 0.6971514225006104, -1, 1.0
24, 10000, 761, 698, 128, 95, 0.9384374618530272, -1, 1.0
24, 10005, 630, 714, 96, 70, 0.7356916666030884, -1, 1.0
24, 10006, 1216, 699, 358, 158, 0.6923940181732178, -1, 1.0
25, 10000, 761, 699, 128, 95, 0.9376410245895386, -1, 1.0
25, 10005, 631, 714, 95, 70, 0.7339841723442078, -1, 1.0
25, 10006, 1216, 699, 358, 158, 0.7190386652946472, -1, 1.0
26, 10000, 761, 699, 128, 94, 0.937715709209442, -1, 1.0
26, 10005, 631, 714, 95, 70, 0.7402317523956299, -1, 1.0
26, 10006, 1216, 699, 358, 158, 0.7311335206031799, -1, 1.0
27, 10000, 761, 699, 128, 94, 0.937942922115326, -1, 1.0
27, 10005, 631, 714, 95, 70, 0.7455728054046631, -1, 1.0
27, 10006, 1216, 699, 358, 158, 0.7330825328826904, -1, 1.0
28, 10000, 761, 700, 128, 94, 0.9382925033569336, -1, 1.0
28, 10005, 631, 714, 95, 70, 0.7420557141304016, -1, 1.0
28, 10006, 1216, 699, 358, 158, 0.7287639379501343, -1, 1.0
29, 10000, 761, 700, 128, 93, 0.9381433725357056, -1, 1.0
29, 10005, 631, 714, 95, 70, 0.7405599355697632, -1, 1.0
29, 10006, 1217, 699, 358, 158, 0.728770911693573, -1, 1.0
30, 10000, 761, 700, 128, 93, 0.9383081197738647, -1, 1.0
30, 10005, 631, 714, 96, 70, 0.7411112189292908, -1, 1.0
30, 10006, 1217, 699, 357, 158, 0.7144725918769836, -1, 1.0
31, 10000, 761, 700, 128, 93, 0.9380078315734864, -1, 1.0
31, 10005, 631, 714, 96, 70, 0.7385817766189575, -1, 1.0
31, 10006, 1217, 699, 357, 158, 0.7188941836357117, -1, 1.0
32, 10000, 761, 700, 128, 93, 0.9380543231964112, -1, 1.0
32, 10005, 632, 714, 96, 70, 0.7339214086532593, -1, 1.0
32, 10006, 1217, 699, 357, 158, 0.7170151472091675, -1, 1.0
33, 10000, 761, 700, 128, 93, 0.9385421276092528, -1, 1.0
33, 10005, 632, 714, 96, 70, 0.7325208187103271, -1, 1.0
33, 10006, 1216, 699, 358, 158, 0.7092958688735962, -1, 1.0
34, 10000, 761, 700, 128, 93, 0.938531756401062, -1, 1.0
34, 10005, 632, 714, 96, 70, 0.7360702157020569, -1, 1.0
34, 10006, 1216, 699, 358, 158, 0.7106847763061523, -1, 1.0
35, 10000, 761, 700, 128, 93, 0.9388375282287598, -1, 1.0
35, 10005, 632, 714, 96, 70, 0.7357688546180725, -1, 1.0
35, 10006, 1216, 699, 358, 158, 0.7082791924476624, -1, 1.0
36, 10000, 761, 700, 128, 93, 0.9387670159339904, -1, 1.0
36, 10005, 632, 715, 96, 70, 0.7364174723625183, -1, 1.0
36, 10006, 1216, 699, 358, 158, 0.710709273815155, -1, 1.0
37, 10000, 761, 699, 128, 94, 0.9392739534378052, -1, 1.0
37, 10005, 632, 714, 96, 70, 0.7280704379081726, -1, 1.0
37, 10006, 1216, 699, 358, 158, 0.7175721526145935, -1, 1.0
38, 10000, 761, 699, 128, 94, 0.9392848014831544, -1, 1.0
38, 10005, 632, 714, 96, 70, 0.7343568205833435, -1, 1.0
38, 10006, 1216, 699, 358, 158, 0.7187756896018982, -1, 1.0
39, 10000, 761, 700, 128, 93, 0.9393835663795472, -1, 1.0
39, 10005, 632, 714, 96, 70, 0.7359684109687805, -1, 1.0
39, 10006, 1216, 699, 358, 158, 0.7223935723304749, -1, 1.0
40, 10000, 760, 700, 128, 93, 0.939529299736023, -1, 1.0
40, 10005, 632, 714, 96, 70, 0.7378235459327698, -1, 1.0
40, 10006, 1216, 699, 358, 158, 0.72035151720047, -1, 1.0
41, 10000, 761, 700, 128, 93, 0.9403253793716432, -1, 1.0
41, 10005, 632, 714, 96, 70, 0.738075315952301, -1, 1.0
41, 10006, 1216, 699, 358, 158, 0.7196677327156067, -1, 1.0
42, 10000, 761, 700, 128, 93, 0.9401856660842896, -1, 1.0
42, 10005, 632, 714, 96, 70, 0.7357221245765686, -1, 1.0
42, 10006, 1216, 699, 358, 158, 0.7133371829986572, -1, 1.0
43, 10000, 761, 699, 128, 94, 0.9403079748153688, -1, 1.0
43, 10005, 632, 714, 96, 70, 0.7359526753425598, -1, 1.0
43, 10006, 1216, 699, 358, 158, 0.7114477753639221, -1, 1.0
44, 10000, 761, 699, 128, 94, 0.940144956111908, -1, 1.0
44, 10005, 632, 714, 96, 70, 0.7411913275718689, -1, 1.0
44, 10006, 1216, 699, 358, 158, 0.7164250016212463, -1, 1.0
45, 10000, 761, 699, 128, 94, 0.9400816559791564, -1, 1.0
45, 10005, 632, 714, 96, 70, 0.7397420406341553, -1, 1.0
45, 10006, 1216, 699, 358, 159, 0.7139772176742554, -1, 1.0
46, 10000, 760, 699, 128, 94, 0.9402738213539124, -1, 1.0
46, 10005, 632, 714, 96, 70, 0.7362446784973145, -1, 1.0
46, 10006, 1216, 699, 358, 159, 0.7071100473403931, -1, 1.0
47, 10000, 761, 699, 128, 94, 0.940089762210846, -1, 1.0
47, 10005, 632, 714, 96, 70, 0.7423847317695618, -1, 1.0
47, 10006, 1216, 699, 358, 159, 0.714169979095459, -1, 1.0
48, 10000, 761, 699, 128, 94, 0.9401837587356568, -1, 1.0
48, 10005, 632, 715, 96, 70, 0.7440927028656006, -1, 1.0
48, 10006, 1216, 699, 358, 159, 0.7122853398323059, -1, 1.0
49, 10000, 761, 698, 128, 95, 0.939606547355652, -1, 1.0
49, 10005, 631, 715, 95, 70, 0.7327281832695007, -1, 1.0
49, 10006, 1216, 699, 358, 159, 0.6959555149078369, -1, 1.0
50, 10000, 761, 698, 128, 95, 0.9398570656776428, -1, 1.0
50, 10005, 631, 715, 95, 70, 0.728987455368042, -1, 1.0
50, 10006, 1216, 699, 358, 159, 0.6896539330482483, -1, 1.0
51, 10000, 761, 697, 128, 95, 0.9400184154510498, -1, 1.0
51, 10005, 631, 715, 95, 69, 0.7298767566680908, -1, 1.0
51, 10006, 1216, 699, 358, 159, 0.6884720921516418, -1, 1.0
52, 10000, 761, 697, 128, 96, 0.940053641796112, -1, 1.0
52, 10005, 631, 715, 95, 69, 0.7319198250770569, -1, 1.0
52, 10006, 1216, 699, 358, 159, 0.689078688621521, -1, 1.0
53, 10000, 761, 697, 128, 96, 0.9401482343673706, -1, 1.0
53, 10005, 631, 715, 95, 69, 0.7310649752616882, -1, 1.0
53, 10006, 1216, 699, 358, 159, 0.6899282336235046, -1, 1.0
54, 10000, 761, 697, 128, 96, 0.940213978290558, -1, 1.0
54, 10005, 631, 715, 95, 69, 0.7299515604972839, -1, 1.0
54, 10006, 1216, 699, 358, 159, 0.688673734664917, -1, 1.0
55, 10000, 761, 697, 128, 96, 0.9400635361671448, -1, 1.0
55, 10005, 631, 715, 95, 69, 0.7258964776992798, -1, 1.0
55, 10006, 1216, 699, 358, 159, 0.6905806660652161, -1, 1.0
56, 10000, 761, 697, 128, 96, 0.9399597644805908, -1, 1.0
56, 10005, 631, 715, 95, 69, 0.7255616784095764, -1, 1.0
56, 10006, 1216, 699, 358, 159, 0.6856732964515686, -1, 1.0
57, 10000, 761, 697, 128, 96, 0.940057337284088, -1, 1.0
57, 10005, 631, 715, 95, 69, 0.7236601114273071, -1, 1.0
57, 10006, 1216, 699, 358, 159, 0.687981367111206, -1, 1.0
58, 10000, 761, 697, 128, 96, 0.9397560954093932, -1, 1.0
58, 10005, 631, 715, 95, 69, 0.7273207902908325, -1, 1.0
58, 10006, 1216, 699, 359, 159, 0.697456955909729, -1, 1.0
59, 10000, 761, 697, 128, 96, 0.9394516348838806, -1, 1.0
59, 10005, 631, 715, 95, 69, 0.7309509515762329, -1, 1.0
59, 10006, 1216, 699, 359, 159, 0.7069002985954285, -1, 1.0
60, 10000, 761, 697, 128, 96, 0.9396328330039978, -1, 1.0
60, 10005, 631, 715, 95, 69, 0.7277193069458008, -1, 1.0
60, 10006, 1216, 699, 359, 159, 0.7022727131843567, -1, 1.0
61, 10000, 761, 697, 128, 96, 0.939220130443573, -1, 1.0
61, 10005, 632, 715, 95, 69, 0.7300499081611633, -1, 1.0
61, 10006, 1216, 699, 359, 159, 0.70428466796875, -1, 1.0
62, 10000, 761, 697, 128, 96, 0.9396579265594482, -1, 1.0
62, 10005, 632, 715, 95, 69, 0.7224026918411255, -1, 1.0
62, 10006, 1216, 699, 359, 159, 0.6861022710800171, -1, 1.0
63, 10000, 761, 697, 128, 96, 0.9393720030784608, -1, 1.0
63, 10005, 632, 715, 95, 70, 0.7229046821594238, -1, 1.0
63, 10006, 1216, 699, 359, 159, 0.6945798993110657, -1, 1.0
64, 10000, 761, 698, 128, 95, 0.9392997622489928, -1, 1.0
64, 10005, 632, 715, 95, 70, 0.7275790572166443, -1, 1.0
64, 10006, 1216, 699, 359, 159, 0.6999585032463074, -1, 1.0
65, 10000, 761, 698, 128, 95, 0.9393399357795716, -1, 1.0
65, 10005, 632, 715, 95, 70, 0.7180072069168091, -1, 1.0
65, 10006, 1216, 699, 359, 159, 0.6827195882797241, -1, 1.0
66, 10000, 761, 698, 128, 95, 0.9393274188041688, -1, 1.0
66, 10005, 632, 715, 95, 70, 0.7221810221672058, -1, 1.0
66, 10006, 1216, 699, 359, 159, 0.6900173425674438, -1, 1.0
67, 10000, 761, 698, 128, 95, 0.9393888115882874, -1, 1.0
67, 10005, 632, 715, 95, 70, 0.718621015548706, -1, 1.0
67, 10006, 1216, 699, 359, 159, 0.6818356513977051, -1, 1.0
68, 10000, 761, 698, 128, 95, 0.9394752979278564, -1, 1.0
68, 10005, 632, 715, 95, 70, 0.7242111563682556, -1, 1.0
68, 10006, 1216, 699, 359, 159, 0.6928200125694275, -1, 1.0
69, 10000, 761, 698, 128, 95, 0.9392699003219604, -1, 1.0
69, 10005, 632, 715, 95, 70, 0.7256220579147339, -1, 1.0
69, 10006, 1216, 699, 359, 159, 0.6961532235145569, -1, 1.0
70, 10000, 761, 698, 128, 95, 0.9395382404327391, -1, 1.0
70, 10005, 632, 715, 95, 70, 0.7243713140487671, -1, 1.0
70, 10006, 1216, 699, 359, 159, 0.6982245445251465, -1, 1.0
71, 10000, 761, 698, 128, 95, 0.939702033996582, -1, 1.0
71, 10005, 632, 715, 95, 70, 0.7269892692565918, -1, 1.0
71, 10006, 1216, 699, 359, 159, 0.700465977191925, -1, 1.0
72, 10000, 761, 698, 128, 95, 0.9395676255226136, -1, 1.0
72, 10005, 632, 715, 95, 70, 0.7256683707237244, -1, 1.0
72, 10006, 1216, 699, 359, 159, 0.6975139379501343, -1, 1.0
73, 10000, 761, 698, 128, 95, 0.9396810531616212, -1, 1.0
73, 10005, 632, 715, 95, 70, 0.7235666513442993, -1, 1.0
73, 10006, 1216, 699, 358, 159, 0.6907776594161987, -1, 1.0
74, 10000, 761, 698, 128, 95, 0.9394756555557252, -1, 1.0
74, 10005, 632, 715, 95, 70, 0.72458416223526, -1, 1.0
74, 10006, 1216, 699, 358, 159, 0.691667377948761, -1, 1.0
75, 10000, 761, 698, 128, 95, 0.939543843269348, -1, 1.0
75, 10005, 632, 715, 95, 70, 0.7254338264465332, -1, 1.0
75, 10006, 1216, 699, 358, 159, 0.6919329762458801, -1, 1.0
76, 10000, 761, 699, 128, 94, 0.9364541172981262, -1, 1.0
76, 10005, 630, 714, 96, 70, 0.7388917803764343, -1, 1.0
76, 10006, 1216, 699, 358, 158, 0.703406810760498, -1, 1.0
77, 10000, 761, 699, 128, 94, 0.9366030097007751, -1, 1.0
77, 10005, 630, 713, 96, 70, 0.744606614112854, -1, 1.0
77, 10006, 1216, 699, 357, 158, 0.6933543682098389, -1, 1.0
78, 10000, 761, 699, 128, 94, 0.9365394115447998, -1, 1.0
78, 10005, 630, 713, 96, 70, 0.7389119863510132, -1, 1.0
78, 10006, 1216, 699, 357, 158, 0.6655861139297485, -1, 1.0
79, 10000, 761, 699, 128, 94, 0.937108278274536, -1, 1.0
79, 10005, 630, 713, 96, 71, 0.733572244644165, -1, 1.0
79, 10006, 1216, 699, 357, 158, 0.6662980914115906, -1, 1.0
80, 10000, 761, 698, 127, 95, 0.937545657157898, -1, 1.0
80, 10005, 630, 713, 96, 71, 0.7355232834815979, -1, 1.0
80, 10006, 1215, 699, 357, 158, 0.6677278876304626, -1, 1.0
81, 10000, 761, 698, 127, 95, 0.9378252029418944, -1, 1.0
81, 10005, 630, 713, 96, 71, 0.746403694152832, -1, 1.0
81, 10006, 1215, 699, 357, 158, 0.6900153160095215, -1, 1.0
82, 10000, 761, 698, 127, 95, 0.93734472990036, -1, 1.0
82, 10005, 630, 713, 96, 71, 0.7472497820854187, -1, 1.0
82, 10006, 1215, 699, 357, 158, 0.6960033178329468, -1, 1.0
83, 10000, 761, 698, 127, 95, 0.9371578693389891, -1, 1.0
83, 10005, 630, 713, 96, 71, 0.7424206733703613, -1, 1.0
83, 10006, 1216, 699, 356, 158, 0.6957623362541199, -1, 1.0
84, 10000, 761, 698, 127, 95, 0.9372349381446838, -1, 1.0
84, 10005, 630, 713, 96, 71, 0.7413786053657532, -1, 1.0
84, 10006, 1216, 700, 356, 158, 0.6880317330360413, -1, 1.0
85, 10000, 761, 698, 127, 95, 0.9400583505630492, -1, 1.0
85, 10005, 630, 713, 96, 71, 0.7391077280044556, -1, 1.0
85, 10006, 1216, 700, 356, 158, 0.678188145160675, -1, 1.0
86, 10000, 760, 698, 127, 95, 0.939983367919922, -1, 1.0
86, 10005, 630, 713, 96, 71, 0.7361172437667847, -1, 1.0
86, 10006, 1217, 700, 356, 157, 0.6796886324882507, -1, 1.0
87, 10000, 760, 697, 127, 96, 0.9393861293792723, -1, 1.0
87, 10005, 629, 713, 96, 71, 0.7325118780136108, -1, 1.0
87, 10006, 1217, 700, 356, 157, 0.671753466129303, -1, 1.0
88, 10000, 761, 697, 127, 96, 0.9395764470100404, -1, 1.0
88, 10005, 629, 713, 96, 71, 0.7386916875839233, -1, 1.0
88, 10006, 1217, 700, 356, 157, 0.677883505821228, -1, 1.0
89, 10000, 761, 698, 127, 95, 0.93911612033844, -1, 1.0
89, 10005, 629, 713, 96, 71, 0.7370615005493164, -1, 1.0
89, 10006, 1217, 700, 356, 157, 0.6871894001960754, -1, 1.0
90, 10000, 761, 698, 127, 95, 0.9390754699707032, -1, 1.0
90, 10005, 629, 713, 96, 71, 0.7415016293525696, -1, 1.0
90, 10006, 1217, 700, 356, 157, 0.6857490539550781, -1, 1.0
91, 10000, 760, 698, 127, 95, 0.9393222332000732, -1, 1.0
91, 10005, 629, 713, 96, 71, 0.7445259094238281, -1, 1.0
91, 10006, 1217, 700, 356, 157, 0.6859437227249146, -1, 1.0
92, 10000, 760, 698, 127, 95, 0.9394272565841676, -1, 1.0
92, 10005, 629, 713, 96, 71, 0.7471798658370972, -1, 1.0
92, 10006, 1217, 700, 356, 157, 0.6912696361541748, -1, 1.0
93, 10000, 760, 699, 126, 94, 0.9391728043556212, -1, 1.0
93, 10005, 629, 713, 96, 71, 0.7479314804077148, -1, 1.0
93, 10006, 1217, 700, 356, 157, 0.6903169751167297, -1, 1.0
94, 10000, 761, 699, 126, 94, 0.9390885829925536, -1, 1.0
94, 10005, 629, 713, 96, 71, 0.7452437877655029, -1, 1.0
94, 10006, 1217, 700, 356, 157, 0.682583212852478, -1, 1.0
95, 10000, 761, 699, 126, 94, 0.9390008449554444, -1, 1.0
95, 10005, 629, 713, 96, 71, 0.7453169226646423, -1, 1.0
95, 10006, 1217, 700, 356, 157, 0.6862106919288635, -1, 1.0
96, 10000, 761, 699, 126, 94, 0.9391512870788574, -1, 1.0
96, 10005, 629, 713, 96, 71, 0.7474953532218933, -1, 1.0
96, 10006, 1217, 700, 356, 157, 0.6918319463729858, -1, 1.0
97, 10000, 761, 698, 127, 95, 0.9410238265991212, -1, 1.0
97, 10005, 629, 713, 96, 71, 0.7426837086677551, -1, 1.0
97, 10006, 1217, 699, 356, 158, 0.6929358839988708, -1, 1.0
98, 10000, 761, 698, 127, 95, 0.9405783414840698, -1, 1.0
98, 10005, 629, 713, 96, 71, 0.7494655847549438, -1, 1.0
98, 10006, 1217, 699, 356, 158, 0.6956107020378113, -1, 1.0
99, 10000, 761, 698, 127, 95, 0.940889537334442, -1, 1.0
99, 10005, 629, 713, 96, 71, 0.7524754405021667, -1, 1.0
99, 10006, 1217, 699, 356, 158, 0.697492241859436, -1, 1.0
100, 10000, 761, 698, 127, 95, 0.9407103657722472, -1, 1.0
100, 10005, 629, 713, 96, 71, 0.7502347826957703, -1, 1.0
100, 10006, 1217, 699, 356, 158, 0.689673125743866, -1, 1.0
101, 10000, 761, 698, 127, 95, 0.9405727386474608, -1, 1.0
101, 10005, 629, 713, 96, 71, 0.746652364730835, -1, 1.0
101, 10006, 1217, 699, 356, 158, 0.6911770105361938, -1, 1.0
102, 10000, 761, 698, 127, 95, 0.9406562447547911, -1, 1.0
102, 10005, 629, 713, 97, 71, 0.740843653678894, -1, 1.0
102, 10006, 1217, 699, 356, 158, 0.6935744881629944, -1, 1.0
103, 10000, 762, 697, 127, 96, 0.940759778022766, -1, 1.0
103, 10005, 629, 713, 97, 71, 0.7368692755699158, -1, 1.0
103, 10006, 1217, 700, 356, 158, 0.693142831325531, -1, 1.0
104, 10000, 762, 696, 127, 96, 0.940771460533142, -1, 1.0
104, 10005, 629, 713, 97, 71, 0.7322791814804077, -1, 1.0
104, 10006, 1217, 700, 356, 158, 0.7181838154792786, -1, 1.0
105, 10000, 762, 695, 127, 97, 0.7278211116790771, -1, 1.0
105, 10005, 628, 712, 97, 71, 0.7091037631034851, -1, 1.0
105, 10006, 1217, 700, 356, 157, 0.7050631046295166, -1, 1.0
106, 10145, 415, 785, 109, 75, 0.9411184191703796, -1, 1.0
106, 10000, 762, 695, 127, 97, 0.7393384575843811, -1, 1.0
106, 10005, 629, 712, 97, 72, 0.7316131591796875, -1, 1.0
106, 10006, 1217, 700, 356, 157, 0.712123453617096, -1, 1.0
107, 10145, 419, 784, 111, 78, 0.9409404397010804, -1, 1.0
107, 10000, 762, 695, 127, 98, 0.7860465049743652, -1, 1.0
107, 10005, 629, 712, 96, 72, 0.7358121871948242, -1, 1.0
107, 10006, 1217, 700, 356, 157, 0.7204827666282654, -1, 1.0
108, 10145, 424, 784, 114, 81, 0.9409968852996826, -1, 1.0
108, 10000, 762, 695, 127, 98, 0.7943347096443176, -1, 1.0
108, 10005, 629, 712, 96, 72, 0.7238033413887024, -1, 1.0
108, 10006, 1217, 700, 356, 157, 0.7057620286941528, -1, 1.0
109, 10145, 429, 784, 118, 83, 0.9408655762672424, -1, 1.0
109, 10000, 761, 697, 127, 97, 0.8359504342079163, -1, 1.0
109, 10005, 629, 712, 96, 72, 0.7057604193687439, -1, 1.0
109, 10006, 1217, 700, 356, 157, 0.6971123218536377, -1, 1.0
110, 10145, 436, 787, 122, 86, 0.9408923983573914, -1, 1.0
110, 10000, 761, 698, 127, 96, 0.8836560845375061, -1, 1.0
110, 10005, 630, 713, 96, 71, 0.6988493204116821, -1, 1.0
110, 10006, 1217, 700, 356, 157, 0.6938735842704773, -1, 1.0
111, 10145, 441, 789, 125, 88, 0.9408451318740844, -1, 1.0
111, 10000, 761, 699, 127, 95, 0.8922998309135437, -1, 1.0
111, 10005, 630, 713, 95, 71, 0.7086860537528992, -1, 1.0
111, 10006, 1217, 700, 356, 157, 0.7025954127311707, -1, 1.0
112, 10145, 447, 792, 128, 90, 0.9410538077354432, -1, 1.0
112, 10000, 760, 699, 127, 95, 0.8596411347389221, -1, 1.0
112, 10005, 630, 714, 95, 70, 0.7097854614257812, -1, 1.0
112, 10006, 1217, 700, 356, 157, 0.681429386138916, -1, 1.0
113, 10145, 457, 794, 131, 90, 0.941275119781494, -1, 1.0
113, 10000, 761, 699, 127, 94, 0.8160620927810669, -1, 1.0
113, 10005, 631, 714, 95, 70, 0.7177286744117737, -1, 1.0
113, 10006, 1217, 700, 356, 157, 0.6669246554374695, -1, 1.0
114, 10145, 467, 794, 134, 94, 0.9411298036575316, -1, 1.0
114, 10000, 761, 700, 126, 94, 0.8420310616493225, -1, 1.0
114, 10005, 630, 715, 94, 69, 0.7259451150894165, -1, 1.0
114, 10006, 1217, 700, 356, 157, 0.6738318800926208, -1, 1.0
115, 10145, 477, 795, 140, 98, 0.9409325122833252, -1, 1.0
115, 10000, 761, 700, 126, 94, 0.8581081628799438, -1, 1.0
115, 10005, 630, 715, 94, 69, 0.7111755013465881, -1, 1.0
115, 10006, 1217, 700, 356, 157, 0.6284666657447815, -1, 1.0
116, 10145, 485, 797, 145, 102, 0.9406198859214784, -1, 1.0
116, 10000, 760, 698, 126, 94, 0.8861739635467529, -1, 1.0
116, 10006, 1216, 700, 356, 157, 0.5872774124145508, -1, 1.0
117, 10145, 495, 799, 151, 105, 0.9404714107513428, -1, 1.0
117, 10000, 760, 697, 126, 95, 0.9339395761489868, -1, 1.0
117, 10006, 1216, 700, 356, 157, 0.5581395030021667, -1, 1.0
118, 10145, 507, 803, 156, 108, 0.9397414922714232, -1, 1.0
118, 10000, 760, 697, 126, 95, 0.9101105332374572, -1, 1.0
118, 10006, 1216, 700, 356, 157, 0.5980474352836609, -1, 1.0
119, 10145, 518, 805, 163, 113, 0.9403443336486816, -1, 1.0
119, 10000, 760, 698, 125, 94, 0.888420045375824, -1, 1.0
119, 10006, 1216, 700, 356, 157, 0.598343014717102, -1, 1.0
120, 10145, 531, 806, 168, 118, 0.9412833452224731, -1, 1.0
120, 10000, 760, 698, 125, 94, 0.8989688158035278, -1, 1.0
120, 10006, 1216, 700, 356, 157, 0.5603882074356079, -1, 1.0
121, 10145, 544, 808, 176, 124, 0.942107617855072, -1, 1.0
121, 10000, 760, 696, 126, 96, 0.9054900407791138, -1, 1.0
121, 10006, 1216, 700, 356, 157, 0.5799314975738525, -1, 1.0
122, 10145, 559, 810, 184, 130, 0.9426276087760924, -1, 1.0
122, 10000, 760, 695, 126, 96, 0.9097943902015686, -1, 1.0
122, 10006, 1216, 700, 356, 157, 0.5857279300689697, -1, 1.0
123, 10145, 575, 812, 193, 136, 0.9416630864143372, -1, 1.0
123, 10000, 759, 697, 126, 96, 0.9147849082946776, -1, 1.0
123, 10005, 628, 717, 94, 65, 0.5977925062179565, -1, 1.0
123, 10006, 1216, 700, 356, 157, 0.5577435493469238, -1, 1.0
124, 10145, 591, 815, 202, 142, 0.9415478110313416, -1, 1.0
124, 10000, 760, 698, 126, 95, 0.9140514731407166, -1, 1.0
124, 10005, 628, 717, 94, 65, 0.704042911529541, -1, 1.0
124, 10006, 1216, 700, 355, 157, 0.6791306734085083, -1, 1.0
125, 10145, 611, 820, 212, 148, 0.9421908855438232, -1, 1.0
125, 10000, 761, 698, 126, 95, 0.9083815217018129, -1, 1.0
125, 10005, 629, 716, 94, 65, 0.691365659236908, -1, 1.0
125, 10006, 1216, 700, 355, 158, 0.6535143256187439, -1, 1.0
126, 10145, 632, 824, 222, 155, 0.9435921907424928, -1, 1.0
126, 10000, 761, 696, 126, 96, 0.927682101726532, -1, 1.0
126, 10005, 629, 718, 93, 65, 0.6585019826889038, -1, 1.0
126, 10006, 1217, 700, 355, 158, 0.5508102178573608, -1, 1.0
127, 10145, 656, 829, 234, 161, 0.9427566528320312, -1, 1.0
127, 10000, 762, 698, 125, 95, 0.919001281261444, -1, 1.0
127, 10005, 630, 718, 94, 65, 0.6295315027236938, -1, 1.0
127, 10006, 1217, 700, 355, 158, 0.5680754780769348, -1, 1.0
128, 10145, 680, 834, 250, 169, 0.9434674978256226, -1, 1.0
128, 10006, 1217, 699, 355, 158, 0.937164068222046, -1, 1.0
129, 10145, 709, 839, 266, 181, 0.9424911737442015, -1, 1.0
129, 10006, 1217, 699, 355, 158, 0.915736436843872, -1, 1.0
130, 10145, 736, 843, 289, 194, 0.9424866437911988, -1, 1.0
130, 10005, 629, 717, 95, 66, 0.93790465593338, -1, 1.0
130, 10006, 1217, 699, 355, 158, 0.6071950197219849, -1, 1.0
131, 10145, 770, 849, 314, 208, 0.9395606517791748, -1, 1.0
131, 10000, 762, 698, 126, 94, 0.9319803714752196, -1, 1.0
131, 10005, 629, 717, 96, 66, 0.7091214060783386, -1, 1.0
131, 10006, 1217, 699, 355, 158, 0.6248745918273926, -1, 1.0
132, 10145, 807, 856, 343, 224, 0.9396105408668518, -1, 1.0
132, 10000, 762, 694, 128, 97, 0.9365546703338624, -1, 1.0
132, 10005, 629, 717, 96, 66, 0.6960232853889465, -1, 1.0
132, 10006, 1217, 699, 355, 158, 0.5910004377365112, -1, 1.0
133, 10145, 850, 864, 373, 241, 0.9301209449768066, -1, 1.0
133, 10000, 761, 698, 127, 95, 0.9158759713172911, -1, 1.0
133, 10005, 629, 715, 97, 68, 0.6618005633354187, -1, 1.0
133, 10006, 1216, 700, 355, 157, 0.5905824899673462, -1, 1.0
134, 10145, 901, 874, 411, 262, 0.9372477531433104, -1, 1.0
134, 10000, 760, 700, 127, 94, 0.9035151600837708, -1, 1.0
134, 10005, 629, 714, 97, 69, 0.6471668481826782, -1, 1.0
134, 10006, 1216, 700, 355, 157, 0.5621693730354309, -1, 1.0
135, 10145, 959, 889, 456, 286, 0.9369879961013794, -1, 1.0
135, 10000, 760, 701, 127, 93, 0.8858291506767273, -1, 1.0
135, 10005, 629, 714, 98, 70, 0.6830005049705505, -1, 1.0
135, 10006, 1216, 700, 355, 157, 0.6030257344245911, -1, 1.0
136, 10145, 1026, 904, 511, 314, 0.9326571822166444, -1, 1.0
136, 10000, 760, 700, 127, 93, 0.8928077220916748, -1, 1.0
136, 10005, 629, 714, 98, 70, 0.6722833514213562, -1, 1.0
136, 10006, 1216, 700, 355, 157, 0.6443127393722534, -1, 1.0
137, 10145, 1113, 919, 577, 349, 0.927206814289093, -1, 1.0
137, 10000, 760, 700, 127, 93, 0.8956544399261475, -1, 1.0
137, 10005, 629, 714, 98, 70, 0.677341878414154, -1, 1.0
137, 10006, 1217, 700, 355, 156, 0.6461954116821289, -1, 1.0
138, 10145, 1160, 943, 589, 384, 0.9317225813865662, -1, 1.0
138, 10000, 760, 699, 127, 94, 0.8102172613143921, -1, 1.0
138, 10005, 629, 714, 98, 71, 0.6735416054725647, -1, 1.0
138, 10006, 1217, 700, 354, 156, 0.6415866613388062, -1, 1.0
139, 10000, 760, 699, 126, 94, 0.9313526153564452, -1, 1.0
139, 10005, 630, 714, 98, 71, 0.6682019829750061, -1, 1.0
139, 10006, 1218, 700, 354, 157, 0.6136234998703003, -1, 1.0
140, 10000, 760, 699, 126, 94, 0.9344797730445862, -1, 1.0
140, 10005, 630, 714, 98, 71, 0.8113602995872498, -1, 1.0
140, 10006, 1218, 701, 354, 157, 0.6740915179252625, -1, 1.0
141, 10000, 760, 698, 126, 94, 0.9304738640785216, -1, 1.0
141, 10005, 630, 714, 98, 71, 0.6788330674171448, -1, 1.0
141, 10006, 1218, 701, 354, 157, 0.6083838939666748, -1, 1.0
142, 10000, 760, 698, 126, 94, 0.9323204159736632, -1, 1.0
142, 10005, 630, 714, 98, 71, 0.6780101656913757, -1, 1.0
142, 10006, 1218, 701, 354, 157, 0.6032581329345703, -1, 1.0
143, 10000, 760, 701, 126, 93, 0.9335415363311768, -1, 1.0
143, 10005, 630, 714, 97, 71, 0.6952600479125977, -1, 1.0
143, 10006, 1218, 700, 354, 157, 0.5922291278839111, -1, 1.0
144, 10000, 760, 703, 126, 91, 0.9334120750427246, -1, 1.0
144, 10005, 630, 714, 97, 71, 0.7053828835487366, -1, 1.0
144, 10006, 1218, 700, 354, 157, 0.6444582939147949, -1, 1.0
145, 10000, 760, 705, 125, 90, 0.9341297745704652, -1, 1.0
145, 10005, 631, 715, 97, 70, 0.6796250343322754, -1, 1.0
145, 10006, 1218, 699, 355, 158, 0.6036498546600342, -1, 1.0
146, 10000, 760, 705, 125, 89, 0.9342774152755736, -1, 1.0
146, 10005, 631, 716, 96, 69, 0.6783434152603149, -1, 1.0
146, 10006, 1218, 699, 355, 158, 0.5936794281005859, -1, 1.0
147, 10000, 760, 706, 125, 88, 0.9340465664863586, -1, 1.0
147, 10005, 631, 716, 96, 69, 0.6796494126319885, -1, 1.0
147, 10006, 1218, 699, 355, 158, 0.5997224450111389, -1, 1.0
148, 10000, 760, 706, 125, 88, 0.9340967535972596, -1, 1.0
148, 10005, 631, 716, 96, 68, 0.6821441650390625, -1, 1.0
148, 10006, 1218, 699, 355, 158, 0.5956565737724304, -1, 1.0
149, 10000, 760, 706, 125, 87, 0.934127926826477, -1, 1.0
149, 10005, 631, 715, 96, 69, 0.6835935711860657, -1, 1.0
149, 10006, 1218, 699, 355, 158, 0.6033068895339966, -1, 1.0
150, 10000, 760, 706, 124, 87, 0.934230089187622, -1, 1.0
150, 10005, 631, 715, 96, 69, 0.6880051493644714, -1, 1.0
150, 10006, 1218, 699, 355, 158, 0.6149709820747375, -1, 1.0
151, 10000, 761, 706, 124, 87, 0.934686243534088, -1, 1.0
151, 10005, 631, 715, 96, 70, 0.684282124042511, -1, 1.0
151, 10006, 1218, 699, 355, 158, 0.5997464656829834, -1, 1.0
152, 10000, 761, 706, 124, 87, 0.9343494176864624, -1, 1.0
152, 10005, 631, 715, 96, 70, 0.6868114471435547, -1, 1.0
152, 10006, 1218, 699, 355, 158, 0.6024460196495056, -1, 1.0
153, 10000, 761, 706, 124, 87, 0.9342693090438844, -1, 1.0
153, 10005, 631, 715, 96, 69, 0.6757035851478577, -1, 1.0
153, 10006, 1218, 699, 355, 158, 0.5769932270050049, -1, 1.0
154, 10000, 761, 706, 124, 87, 0.9346256256103516, -1, 1.0
154, 10005, 631, 716, 96, 69, 0.6750763654708862, -1, 1.0
154, 10006, 1218, 699, 355, 158, 0.580512523651123, -1, 1.0
155, 10000, 761, 706, 124, 87, 0.9345945119857788, -1, 1.0
155, 10005, 631, 716, 96, 68, 0.6798465847969055, -1, 1.0
155, 10006, 1218, 699, 355, 158, 0.5840049982070923, -1, 1.0
156, 10000, 761, 707, 124, 87, 0.9345009922981262, -1, 1.0
156, 10005, 631, 715, 96, 69, 0.6786593794822693, -1, 1.0
156, 10006, 1218, 699, 355, 158, 0.599884569644928, -1, 1.0
157, 10000, 761, 706, 124, 87, 0.9355806708335876, -1, 1.0
157, 10005, 631, 716, 96, 69, 0.6941978335380554, -1, 1.0
157, 10006, 1218, 699, 355, 158, 0.5903463959693909, -1, 1.0
158, 10000, 761, 705, 124, 87, 0.935271680355072, -1, 1.0
158, 10005, 630, 716, 96, 68, 0.6961165070533752, -1, 1.0
158, 10006, 1218, 698, 355, 158, 0.5908955335617065, -1, 1.0
159, 10000, 761, 705, 124, 88, 0.935268223285675, -1, 1.0
159, 10005, 630, 716, 96, 68, 0.695120632648468, -1, 1.0
159, 10006, 1218, 699, 355, 158, 0.5876554250717163, -1, 1.0
160, 10000, 761, 705, 124, 88, 0.935087502002716, -1, 1.0
160, 10005, 630, 716, 96, 68, 0.6910145878791809, -1, 1.0
160, 10006, 1218, 699, 355, 158, 0.5902890563011169, -1, 1.0
161, 10000, 761, 705, 124, 88, 0.9348034262657166, -1, 1.0
161, 10005, 630, 716, 96, 68, 0.6789777278900146, -1, 1.0
161, 10006, 1218, 699, 355, 158, 0.5614357590675354, -1, 1.0
162, 10000, 761, 705, 124, 88, 0.9352340698242188, -1, 1.0
162, 10005, 630, 716, 96, 68, 0.6843874454498291, -1, 1.0
162, 10006, 1218, 699, 355, 158, 0.5499452352523804, -1, 1.0
163, 10000, 761, 705, 124, 88, 0.9356500506401062, -1, 1.0
163, 10005, 630, 716, 96, 68, 0.6809461712837219, -1, 1.0
163, 10006, 1218, 699, 355, 158, 0.5436189770698547, -1, 1.0
164, 10000, 761, 705, 124, 88, 0.9353392720222472, -1, 1.0
164, 10005, 630, 716, 95, 68, 0.6783283948898315, -1, 1.0
164, 10006, 1218, 699, 355, 158, 0.5463124513626099, -1, 1.0
165, 10000, 761, 705, 124, 88, 0.9352299571037292, -1, 1.0
165, 10005, 631, 716, 95, 68, 0.6761965751647949, -1, 1.0
165, 10006, 1218, 699, 355, 158, 0.5616620182991028, -1, 1.0
166, 10000, 761, 705, 124, 88, 0.9350628852844238, -1, 1.0
166, 10005, 631, 716, 95, 68, 0.6757646203041077, -1, 1.0
166, 10006, 1218, 699, 355, 158, 0.5634623169898987, -1, 1.0
167, 10000, 761, 705, 124, 88, 0.9350767135620116, -1, 1.0
167, 10005, 631, 717, 95, 68, 0.6803005933761597, -1, 1.0
167, 10006, 1218, 699, 355, 158, 0.5554375648498535, -1, 1.0
168, 10000, 761, 705, 124, 88, 0.9347499012947084, -1, 1.0
168, 10005, 631, 717, 95, 68, 0.6800031065940857, -1, 1.0
168, 10006, 1218, 699, 355, 158, 0.5489584803581238, -1, 1.0
169, 10000, 761, 706, 124, 88, 0.9370442032814026, -1, 1.0
169, 10005, 631, 716, 95, 68, 0.6812751293182373, -1, 1.0
169, 10006, 1217, 699, 356, 158, 0.5450964570045471, -1, 1.0
170, 10000, 761, 706, 124, 87, 0.9370357990264891, -1, 1.0
170, 10005, 631, 716, 95, 68, 0.6796207427978516, -1, 1.0
170, 10006, 1217, 699, 356, 158, 0.5465111136436462, -1, 1.0
171, 10000, 761, 706, 124, 87, 0.9369513392448424, -1, 1.0
171, 10005, 631, 716, 95, 68, 0.6875853538513184, -1, 1.0
171, 10006, 1217, 699, 356, 158, 0.5570739507675171, -1, 1.0
172, 10000, 761, 706, 124, 87, 0.93680340051651, -1, 1.0
172, 10005, 631, 715, 95, 68, 0.6872439384460449, -1, 1.0
172, 10006, 1217, 699, 356, 158, 0.5713827013969421, -1, 1.0
173, 10000, 761, 706, 124, 87, 0.9368852376937866, -1, 1.0
173, 10005, 630, 715, 96, 69, 0.6932365298271179, -1, 1.0
173, 10006, 1217, 699, 356, 158, 0.581902265548706, -1, 1.0
174, 10000, 761, 706, 124, 87, 0.9368324875831604, -1, 1.0
174, 10005, 631, 716, 95, 68, 0.6885271072387695, -1, 1.0
174, 10006, 1217, 699, 356, 158, 0.5828771591186523, -1, 1.0
175, 10000, 761, 706, 124, 87, 0.9367334246635436, -1, 1.0
175, 10005, 630, 715, 96, 69, 0.6862018704414368, -1, 1.0
175, 10006, 1217, 699, 356, 158, 0.576726496219635, -1, 1.0
176, 10000, 761, 706, 124, 87, 0.9367522597312928, -1, 1.0
176, 10005, 630, 715, 96, 69, 0.6902086138725281, -1, 1.0
176, 10006, 1217, 699, 356, 158, 0.5699561834335327, -1, 1.0
177, 10000, 761, 706, 124, 87, 0.9370719194412231, -1, 1.0
177, 10005, 631, 716, 95, 69, 0.7537413835525513, -1, 1.0
177, 10006, 1217, 699, 356, 158, 0.6912816166877747, -1, 1.0
178, 10000, 761, 702, 125, 89, 0.9408053159713744, -1, 1.0
178, 10005, 631, 715, 96, 69, 0.8277935981750488, -1, 1.0
178, 10006, 1217, 699, 356, 158, 0.7316680550575256, -1, 1.0
179, 10000, 761, 701, 126, 90, 0.93837708234787, -1, 1.0
179, 10005, 631, 714, 96, 70, 0.7428449392318726, -1, 1.0
179, 10006, 1217, 699, 356, 158, 0.6826336979866028, -1, 1.0
180, 10000, 761, 700, 126, 91, 0.9388397336006165, -1, 1.0
180, 10005, 630, 714, 96, 70, 0.7412633895874023, -1, 1.0
180, 10006, 1217, 699, 356, 158, 0.5994482636451721, -1, 1.0
181, 10000, 761, 700, 127, 91, 0.9358416199684144, -1, 1.0
181, 10005, 631, 714, 95, 70, 0.7557359933853149, -1, 1.0
181, 10006, 1218, 700, 355, 158, 0.6274600028991699, -1, 1.0
182, 10000, 761, 700, 127, 92, 0.7511377334594727, -1, 1.0
182, 10005, 631, 715, 95, 70, 0.6297075748443604, -1, 1.0
183, 10226, 1506, 735, 630, 400, 0.7454589605331421, -1, 1.0
183, 10000, 761, 700, 127, 92, 0.6084333658218384, -1, 1.0
183, 10005, 631, 715, 95, 70, 0.6043134331703186, -1, 1.0
184, 10000, 761, 701, 127, 92, 0.74344801902771, -1, 1.0
184, 10005, 631, 715, 95, 70, 0.6100969910621643, -1, 1.0
185, 10000, 761, 702, 127, 91, 0.8785716891288757, -1, 1.0
185, 10005, 631, 715, 95, 70, 0.746041476726532, -1, 1.0
186, 10226, 1036, 700, 605, 338, 0.9186671376228333, -1, 1.0
186, 10000, 761, 698, 127, 93, 0.732391893863678, -1, 1.0
186, 10005, 631, 715, 95, 70, 0.5427773594856262, -1, 1.0
187, 10226, 960, 698, 580, 314, 0.9360547065734864, -1, 1.0
187, 10000, 761, 697, 128, 94, 0.7427491545677185, -1, 1.0
187, 10005, 631, 715, 95, 70, 0.6332253217697144, -1, 1.0
188, 10226, 912, 700, 562, 292, 0.9068928956985474, -1, 1.0
188, 10000, 760, 698, 128, 94, 0.6920366287231445, -1, 1.0
188, 10005, 631, 715, 95, 70, 0.6762792468070984, -1, 1.0
189, 10226, 853, 705, 507, 269, 0.9043517112731934, -1, 1.0
189, 10005, 631, 715, 95, 70, 0.8931127786636353, -1, 1.0
189, 10006, 1270, 698, 312, 154, 0.6492410898208618, -1, 1.0
190, 10226, 814, 710, 455, 244, 0.9162525534629822, -1, 1.0
190, 10005, 631, 715, 95, 70, 0.893180251121521, -1, 1.0
190, 10006, 1251, 701, 320, 154, 0.6591877341270447, -1, 1.0
191, 10226, 784, 713, 408, 223, 0.9377058744430542, -1, 1.0
191, 10000, 764, 704, 135, 93, 0.9254287481307985, -1, 1.0
191, 10005, 631, 715, 95, 69, 0.6810729503631592, -1, 1.0
191, 10006, 1235, 701, 330, 154, 0.599795937538147, -1, 1.0
192, 10226, 748, 717, 370, 204, 0.9310977458953856, -1, 1.0
192, 10005, 631, 715, 95, 69, 0.9298886060714722, -1, 1.0
192, 10006, 1229, 701, 337, 155, 0.6553462743759155, -1, 1.0
193, 10226, 733, 721, 330, 186, 0.9318479299545288, -1, 1.0
193, 10005, 631, 716, 94, 68, 0.9207618236541748, -1, 1.0
193, 10006, 1225, 700, 342, 155, 0.6950227618217468, -1, 1.0
194, 10226, 721, 726, 290, 169, 0.9402030110359192, -1, 1.0
194, 10005, 630, 716, 94, 68, 0.9354782104492188, -1, 1.0
194, 10006, 1222, 700, 345, 156, 0.6975240111351013, -1, 1.0
195, 10226, 708, 730, 255, 153, 0.934747278690338, -1, 1.0
195, 10005, 631, 717, 94, 67, 0.9227158427238464, -1, 1.0
195, 10006, 1220, 700, 348, 157, 0.6222800016403198, -1, 1.0
196, 10226, 697, 733, 225, 139, 0.9343129992485046, -1, 1.0
196, 10005, 632, 717, 94, 67, 0.9150131344795228, -1, 1.0
196, 10006, 1219, 699, 350, 157, 0.6595780253410339, -1, 1.0
197, 10226, 685, 737, 196, 124, 0.936072826385498, -1, 1.0
197, 10006, 1219, 699, 351, 157, 0.9071495532989502, -1, 1.0
198, 10006, 1218, 699, 353, 158, 0.9388626217842102, -1, 1.0
199, 10000, 668, 722, 207, 141, 0.9372708797454834, -1, 1.0
199, 10006, 1217, 699, 354, 158, 0.8785070180892944, -1, 1.0
200, 10000, 670, 731, 192, 136, 0.93809574842453, -1, 1.0
200, 10006, 1216, 699, 354, 158, 0.8200721144676208, -1, 1.0
201, 10000, 717, 708, 174, 121, 0.9383173584938048, -1, 1.0
201, 10005, 651, 727, 166, 121, 0.8787548542022705, -1, 1.0
201, 10006, 1216, 699, 355, 158, 0.6011365652084351, -1, 1.0
202, 10000, 745, 702, 157, 111, 0.9380330443382264, -1, 1.0
202, 10005, 625, 724, 178, 127, 0.8561192154884338, -1, 1.0
202, 10006, 1216, 699, 355, 158, 0.6117268800735474, -1, 1.0
203, 10000, 756, 702, 146, 103, 0.937429666519165, -1, 1.0
203, 10005, 622, 725, 171, 127, 0.78466796875, -1, 1.0
203, 10006, 1216, 699, 356, 158, 0.6425948739051819, -1, 1.0
204, 10000, 757, 702, 142, 97, 0.9370770454406738, -1, 1.0
204, 10005, 601, 723, 171, 127, 0.8387219309806824, -1, 1.0
204, 10006, 1216, 699, 356, 158, 0.5633934736251831, -1, 1.0
205, 10000, 759, 700, 139, 96, 0.9369497895240784, -1, 1.0
205, 10005, 582, 720, 171, 127, 0.8581440448760986, -1, 1.0
205, 10006, 1217, 699, 356, 158, 0.5112347602844238, -1, 1.0
206, 10000, 758, 700, 136, 94, 0.9372888803482056, -1, 1.0
206, 10005, 567, 717, 171, 126, 0.8680704832077026, -1, 1.0
206, 10006, 1217, 699, 356, 158, 0.5559241771697998, -1, 1.0
207, 10000, 758, 698, 134, 95, 0.9368927478790284, -1, 1.0
207, 10005, 558, 717, 167, 124, 0.845318078994751, -1, 1.0
207, 10006, 1217, 699, 356, 158, 0.6170106530189514, -1, 1.0
208, 10000, 759, 695, 134, 96, 0.9364000558853148, -1, 1.0
208, 10005, 546, 720, 163, 120, 0.8658786416053772, -1, 1.0
208, 10006, 1217, 699, 356, 158, 0.6233226656913757, -1, 1.0
209, 10000, 759, 693, 133, 98, 0.9361168742179872, -1, 1.0
209, 10005, 536, 721, 157, 115, 0.8533290028572083, -1, 1.0
209, 10006, 1217, 699, 356, 158, 0.6026337146759033, -1, 1.0
210, 10000, 759, 694, 132, 98, 0.937844455242157, -1, 1.0
210, 10005, 526, 719, 151, 112, 0.8251270651817322, -1, 1.0
210, 10006, 1218, 699, 356, 158, 0.7808812260627747, -1, 1.0
211, 10000, 759, 693, 131, 98, 0.9379516243934632, -1, 1.0
211, 10005, 519, 718, 147, 110, 0.7892746329307556, -1, 1.0
211, 10006, 1218, 699, 356, 158, 0.6232223510742188, -1, 1.0
212, 10000, 759, 692, 131, 99, 0.93736732006073, -1, 1.0
212, 10005, 508, 719, 144, 107, 0.8804481625556946, -1, 1.0
212, 10006, 1218, 699, 356, 158, 0.8003048300743103, -1, 1.0
213, 10251, 624, 714, 100, 74, 0.9363477826118468, -1, 1.0
213, 10252, 1927, 817, 601, 508, 0.8278164863586426, -1, 1.0
213, 10000, 759, 694, 130, 99, 0.7961434721946716, -1, 1.0
213, 10005, 500, 719, 141, 105, 0.6337620615959167, -1, 1.0
213, 10006, 1218, 699, 356, 158, 0.5929490327835083, -1, 1.0
214, 10251, 621, 714, 103, 75, 0.9368669390678406, -1, 1.0
214, 10252, 1859, 791, 665, 495, 0.8909990191459656, -1, 1.0
214, 10000, 760, 693, 132, 99, 0.8278504610061646, -1, 1.0
214, 10005, 492, 720, 139, 103, 0.8233086466789246, -1, 1.0
214, 10006, 1218, 699, 356, 158, 0.7427330613136292, -1, 1.0
215, 10251, 624, 715, 102, 73, 0.9385998845100404, -1, 1.0
215, 10252, 1801, 764, 721, 480, 0.9169666171073914, -1, 1.0
215, 10000, 761, 692, 133, 101, 0.7089754343032837, -1, 1.0
215, 10005, 485, 720, 138, 101, 0.6977907419204712, -1, 1.0
215, 10006, 1218, 699, 356, 158, 0.5630921125411987, -1, 1.0
216, 10251, 627, 715, 99, 72, 0.9364043474197388, -1, 1.0
216, 10252, 1696, 750, 760, 457, 0.9290198683738708, -1, 1.0
216, 10000, 759, 692, 132, 101, 0.7508090734481812, -1, 1.0
216, 10005, 481, 719, 140, 101, 0.6572222709655762, -1, 1.0
216, 10006, 1218, 699, 356, 158, 0.5743230581283569, -1, 1.0
217, 10251, 628, 716, 97, 70, 0.9357221722602844, -1, 1.0
217, 10252, 1608, 750, 756, 429, 0.8414224982261658, -1, 1.0
217, 10006, 1218, 699, 356, 158, 0.6051303744316101, -1, 1.0
218, 10251, 629, 717, 96, 69, 0.936218559741974, -1, 1.0
218, 10252, 1523, 752, 734, 396, 0.9121907949447632, -1, 1.0
218, 10006, 1217, 700, 356, 158, 0.6201965808868408, -1, 1.0
219, 10251, 630, 718, 95, 68, 0.9359591603279114, -1, 1.0
219, 10252, 1451, 754, 700, 367, 0.929913341999054, -1, 1.0
219, 10000, 759, 688, 131, 103, 0.6660780906677246, -1, 1.0
219, 10006, 1217, 700, 356, 158, 0.5359258055686951, -1, 1.0
220, 10251, 630, 718, 94, 67, 0.9339485168457032, -1, 1.0
220, 10252, 1394, 751, 659, 342, 0.8929904699325562, -1, 1.0
220, 10000, 759, 694, 130, 100, 0.7063273787498474, -1, 1.0
220, 10006, 1217, 701, 355, 157, 0.6864599585533142, -1, 1.0
221, 10251, 630, 718, 93, 67, 0.9406608939170836, -1, 1.0
221, 10252, 1332, 747, 622, 322, 0.8319360017776489, -1, 1.0
221, 10000, 760, 695, 130, 99, 0.7023311257362366, -1, 1.0
221, 10006, 1217, 701, 355, 156, 0.6429272890090942, -1, 1.0
222, 10251, 631, 717, 93, 68, 0.8958534002304077, -1, 1.0
222, 10252, 1283, 741, 583, 305, 0.7216535806655884, -1, 1.0
222, 10000, 760, 697, 129, 97, 0.6950259804725647, -1, 1.0
223, 10251, 631, 716, 93, 68, 0.9116464853286744, -1, 1.0
223, 10252, 1232, 741, 549, 285, 0.7119365334510803, -1, 1.0
223, 10000, 760, 697, 129, 97, 0.7115651965141296, -1, 1.0
223, 10005, 436, 724, 113, 86, 0.710935652256012, -1, 1.0
224, 10251, 631, 716, 93, 68, 0.9336974620819092, -1, 1.0
224, 10252, 1188, 717, 517, 281, 0.7266275882720947, -1, 1.0
224, 10000, 761, 696, 128, 97, 0.7136008143424988, -1, 1.0
224, 10005, 433, 723, 109, 84, 0.5171937346458435, -1, 1.0
225, 10251, 631, 715, 93, 69, 0.9462822675704956, -1, 1.0
225, 10252, 1155, 709, 483, 275, 0.723466694355011, -1, 1.0
225, 10000, 761, 696, 128, 97, 0.7233707308769226, -1, 1.0
226, 10251, 631, 715, 94, 69, 0.922636091709137, -1, 1.0
226, 10252, 1124, 701, 455, 268, 0.7200888395309448, -1, 1.0
226, 10000, 761, 697, 128, 96, 0.7165259122848511, -1, 1.0
227, 10251, 631, 715, 94, 69, 0.9042062759399414, -1, 1.0
227, 10252, 1095, 703, 436, 258, 0.7304572463035583, -1, 1.0
227, 10000, 761, 698, 128, 96, 0.729905903339386, -1, 1.0
228, 10251, 630, 715, 94, 69, 0.897158682346344, -1, 1.0
228, 10252, 1059, 708, 405, 246, 0.7263391613960266, -1, 1.0
228, 10000, 761, 698, 128, 96, 0.7226915955543518, -1, 1.0
228, 10005, 420, 719, 101, 80, 0.6050289869308472, -1, 1.0
229, 10251, 629, 714, 94, 70, 0.8265795707702637, -1, 1.0
229, 10252, 1027, 725, 379, 224, 0.7652259469032288, -1, 1.0
229, 10000, 761, 699, 128, 95, 0.7572727203369141, -1, 1.0
229, 10005, 416, 719, 98, 78, 0.7101558446884155, -1, 1.0
229, 10006, 1279, 696, 301, 149, 0.5706540942192078, -1, 1.0
230, 10251, 629, 714, 94, 70, 0.9126760363578796, -1, 1.0
230, 10252, 1000, 734, 352, 205, 0.8922485709190369, -1, 1.0
230, 10000, 762, 700, 127, 94, 0.7406978011131287, -1, 1.0
230, 10005, 412, 720, 96, 77, 0.738635241985321, -1, 1.0
230, 10006, 1275, 698, 300, 152, 0.6682223081588745, -1, 1.0
231, 10251, 629, 714, 94, 70, 0.9261812567710876, -1, 1.0
231, 10252, 976, 742, 326, 188, 0.8816069960594177, -1, 1.0
231, 10000, 762, 700, 127, 93, 0.7378759980201721, -1, 1.0
231, 10005, 409, 720, 96, 76, 0.7052512168884277, -1, 1.0
231, 10006, 1259, 699, 308, 154, 0.7011512517929077, -1, 1.0
232, 10251, 630, 714, 94, 70, 0.9121243357658386, -1, 1.0
232, 10252, 955, 744, 301, 175, 0.8930553197860718, -1, 1.0
232, 10000, 762, 701, 126, 93, 0.7177284955978394, -1, 1.0
232, 10005, 407, 719, 95, 75, 0.6884322166442871, -1, 1.0
232, 10006, 1243, 700, 319, 155, 0.5710777044296265, -1, 1.0
233, 10251, 630, 714, 94, 70, 0.9266737699508668, -1, 1.0
233, 10252, 934, 744, 281, 164, 0.9229950308799744, -1, 1.0
233, 10000, 762, 699, 127, 93, 0.6822569370269775, -1, 1.0
233, 10006, 1232, 700, 328, 155, 0.6675453782081604, -1, 1.0
234, 10251, 630, 715, 94, 70, 0.93243670463562, -1, 1.0
234, 10252, 914, 745, 261, 155, 0.925767183303833, -1, 1.0
234, 10000, 762, 701, 127, 93, 0.690353274345398, -1, 1.0
234, 10006, 1228, 700, 334, 156, 0.6887959837913513, -1, 1.0
235, 10251, 630, 715, 94, 70, 0.9414559602737428, -1, 1.0
235, 10252, 895, 748, 243, 146, 0.9323797821998596, -1, 1.0
235, 10000, 762, 702, 127, 92, 0.6890367865562439, -1, 1.0
235, 10006, 1224, 700, 340, 156, 0.6469175815582275, -1, 1.0
236, 10251, 630, 715, 94, 70, 0.939613401889801, -1, 1.0
236, 10252, 877, 749, 226, 137, 0.9378800988197328, -1, 1.0
236, 10000, 761, 705, 126, 90, 0.758527934551239, -1, 1.0
236, 10006, 1222, 700, 345, 157, 0.7044619917869568, -1, 1.0
237, 10251, 630, 714, 94, 71, 0.9393875002861024, -1, 1.0
237, 10252, 862, 752, 210, 128, 0.9232904314994812, -1, 1.0
237, 10000, 762, 706, 126, 89, 0.7373733520507812, -1, 1.0
237, 10006, 1220, 700, 348, 157, 0.7023179531097412, -1, 1.0
238, 10251, 630, 714, 94, 71, 0.9388564229011536, -1, 1.0
238, 10252, 846, 754, 194, 120, 0.9235600233078004, -1, 1.0
238, 10000, 761, 709, 125, 88, 0.7155126929283142, -1, 1.0
238, 10006, 1219, 700, 350, 157, 0.7001143097877502, -1, 1.0
239, 10251, 630, 714, 95, 71, 0.937130331993103, -1, 1.0
239, 10252, 831, 755, 180, 112, 0.910519003868103, -1, 1.0
239, 10000, 763, 710, 128, 88, 0.6994938254356384, -1, 1.0
239, 10006, 1218, 700, 351, 157, 0.6958392262458801, -1, 1.0
240, 10251, 631, 714, 94, 70, 0.9365206360816956, -1, 1.0
240, 10252, 814, 757, 169, 106, 0.8984601497650146, -1, 1.0
240, 10000, 764, 710, 131, 88, 0.6806288957595825, -1, 1.0
240, 10006, 1218, 700, 352, 157, 0.6122851967811584, -1, 1.0
241, 10251, 631, 714, 95, 71, 0.9338704347610474, -1, 1.0
241, 10252, 801, 757, 157, 100, 0.8287919163703918, -1, 1.0
241, 10000, 761, 712, 128, 86, 0.683917760848999, -1, 1.0
241, 10006, 1219, 700, 353, 157, 0.6435954570770264, -1, 1.0
242, 10251, 631, 714, 96, 71, 0.93317711353302, -1, 1.0
242, 10252, 782, 749, 151, 98, 0.8272854089736938, -1, 1.0
242, 10006, 1218, 700, 354, 157, 0.7158055305480957, -1, 1.0
243, 10251, 631, 714, 96, 70, 0.933243453502655, -1, 1.0
243, 10252, 769, 749, 144, 95, 0.8584669232368469, -1, 1.0
243, 10006, 1218, 700, 354, 157, 0.7081936597824097, -1, 1.0
244, 10251, 631, 716, 95, 69, 0.9320167899131776, -1, 1.0
244, 10006, 1218, 700, 354, 157, 0.8603523969650269, -1, 1.0
245, 10251, 631, 716, 94, 68, 0.9309403896331788, -1, 1.0
245, 10000, 741, 731, 160, 115, 0.8548486828804016, -1, 1.0
245, 10006, 1217, 700, 354, 157, 0.6917467713356018, -1, 1.0
246, 10251, 631, 717, 94, 68, 0.9313399791717528, -1, 1.0
246, 10000, 727, 728, 164, 120, 0.8266858458518982, -1, 1.0
246, 10006, 1218, 700, 355, 157, 0.6557075381278992, -1, 1.0
247, 10251, 632, 716, 94, 68, 0.9325230121612548, -1, 1.0
247, 10000, 713, 726, 165, 121, 0.7902716398239136, -1, 1.0
247, 10006, 1218, 700, 355, 157, 0.7071316242218018, -1, 1.0
248, 10251, 632, 717, 95, 68, 0.9318705201148988, -1, 1.0
248, 10000, 697, 732, 161, 118, 0.8042023181915283, -1, 1.0
248, 10006, 1218, 700, 355, 158, 0.6803972125053406, -1, 1.0
249, 10251, 631, 717, 95, 67, 0.9334543347358704, -1, 1.0
249, 10000, 683, 730, 158, 117, 0.8094033598899841, -1, 1.0
249, 10006, 1217, 700, 355, 158, 0.6568924188613892, -1, 1.0
250, 10281, 771, 713, 115, 75, 0.9346855282783508, -1, 1.0
250, 10251, 630, 716, 98, 66, 0.8599984645843506, -1, 1.0
250, 10000, 672, 728, 154, 115, 0.6529207229614258, -1, 1.0
250, 10006, 1217, 700, 355, 158, 0.5587261915206909, -1, 1.0
251, 10281, 769, 713, 118, 78, 0.9354541301727296, -1, 1.0
251, 10000, 664, 730, 150, 111, 0.7889286279678345, -1, 1.0
251, 10006, 1217, 700, 355, 158, 0.70368492603302, -1, 1.0
252, 10281, 772, 713, 117, 78, 0.9348101019859314, -1, 1.0
252, 10000, 653, 731, 146, 108, 0.769811749458313, -1, 1.0
252, 10006, 1217, 700, 355, 158, 0.7516995668411255, -1, 1.0
253, 10281, 771, 712, 117, 80, 0.9379639029502868, -1, 1.0
253, 10000, 636, 727, 144, 108, 0.7891674041748047, -1, 1.0
253, 10006, 1217, 700, 355, 158, 0.6879768967628479, -1, 1.0
254, 10281, 773, 712, 116, 81, 0.937901735305786, -1, 1.0
254, 10000, 623, 724, 140, 108, 0.836102306842804, -1, 1.0
254, 10006, 1217, 700, 355, 158, 0.7792805433273315, -1, 1.0
255, 10281, 770, 711, 118, 82, 0.9370816946029664, -1, 1.0
255, 10000, 614, 722, 137, 107, 0.8777918219566345, -1, 1.0
255, 10006, 1217, 700, 356, 158, 0.7991409301757812, -1, 1.0
256, 10281, 768, 710, 120, 84, 0.9369040727615356, -1, 1.0
256, 10000, 605, 718, 135, 108, 0.8746546506881714, -1, 1.0
256, 10006, 1217, 700, 356, 158, 0.7864716649055481, -1, 1.0
257, 10281, 767, 709, 121, 85, 0.9368655681610109, -1, 1.0
257, 10000, 597, 719, 132, 106, 0.8279630541801453, -1, 1.0
257, 10006, 1217, 700, 356, 158, 0.7917743921279907, -1, 1.0
258, 10281, 766, 708, 121, 85, 0.937384068965912, -1, 1.0
258, 10000, 588, 718, 132, 106, 0.7971151471138, -1, 1.0
258, 10006, 1217, 700, 356, 158, 0.7938662171363831, -1, 1.0
259, 10289, 761, 711, 95, 83, 0.936845600605011, -1, 1.0
259, 10281, 765, 708, 123, 86, 0.794738233089447, -1, 1.0
259, 10000, 576, 718, 129, 105, 0.7903794646263123, -1, 1.0
259, 10006, 1217, 700, 356, 158, 0.5559803247451782, -1, 1.0
260, 10289, 760, 712, 93, 82, 0.9369035363197328, -1, 1.0
260, 10281, 765, 707, 123, 87, 0.789449155330658, -1, 1.0
260, 10000, 566, 723, 125, 102, 0.783250093460083, -1, 1.0
260, 10006, 1217, 700, 356, 158, 0.5738416910171509, -1, 1.0
261, 10281, 763, 706, 125, 88, 0.936410427093506, -1, 1.0
261, 10000, 560, 725, 120, 99, 0.8077199459075928, -1, 1.0
261, 10006, 1217, 700, 356, 158, 0.781329333782196, -1, 1.0
262, 10281, 762, 705, 126, 89, 0.9368002414703368, -1, 1.0
262, 10000, 554, 725, 117, 97, 0.7824653387069702, -1, 1.0
262, 10006, 1217, 700, 356, 158, 0.7685661315917969, -1, 1.0
263, 10281, 762, 705, 126, 89, 0.936831533908844, -1, 1.0
263, 10000, 550, 725, 114, 94, 0.7716748714447021, -1, 1.0
263, 10006, 1217, 700, 356, 158, 0.7693501114845276, -1, 1.0
264, 10281, 763, 705, 127, 89, 0.9368806481361388, -1, 1.0
264, 10000, 545, 727, 111, 90, 0.7852264046669006, -1, 1.0
264, 10006, 1217, 700, 356, 158, 0.7743741869926453, -1, 1.0
265, 10293, 621, 718, 107, 86, 0.936629056930542, -1, 1.0
265, 10281, 762, 705, 128, 89, 0.7717772722244263, -1, 1.0
265, 10000, 541, 728, 111, 88, 0.6904066801071167, -1, 1.0
265, 10006, 1218, 699, 356, 158, 0.5769844055175781, -1, 1.0
266, 10293, 623, 716, 104, 82, 0.9364664554595948, -1, 1.0
266, 10281, 762, 705, 128, 89, 0.762614369392395, -1, 1.0
266, 10000, 535, 728, 109, 86, 0.7227017283439636, -1, 1.0
266, 10006, 1218, 699, 356, 158, 0.6502450108528137, -1, 1.0
267, 10293, 624, 715, 101, 78, 0.936320424079895, -1, 1.0
267, 10281, 762, 705, 128, 89, 0.7772141695022583, -1, 1.0
267, 10000, 530, 726, 109, 85, 0.703570544719696, -1, 1.0
267, 10006, 1218, 699, 356, 158, 0.6155740022659302, -1, 1.0
268, 10293, 627, 715, 98, 75, 0.936381697654724, -1, 1.0
268, 10281, 762, 705, 129, 89, 0.7836759090423584, -1, 1.0
268, 10006, 1218, 699, 356, 158, 0.6996110677719116, -1, 1.0
269, 10293, 630, 715, 96, 72, 0.9362640976905824, -1, 1.0
269, 10281, 762, 704, 129, 89, 0.7839652299880981, -1, 1.0
269, 10006, 1218, 699, 356, 158, 0.702104926109314, -1, 1.0
270, 10293, 631, 716, 94, 70, 0.9387463331222534, -1, 1.0
270, 10281, 761, 704, 129, 89, 0.6556220650672913, -1, 1.0
270, 10006, 1217, 699, 356, 158, 0.6353412866592407, -1, 1.0
271, 10293, 631, 716, 93, 69, 0.9380101561546326, -1, 1.0
271, 10281, 760, 704, 128, 89, 0.6753238439559937, -1, 1.0
271, 10006, 1217, 699, 356, 158, 0.6381465792655945, -1, 1.0
272, 10293, 632, 716, 92, 68, 0.9380323886871338, -1, 1.0
272, 10281, 760, 704, 128, 89, 0.6769737005233765, -1, 1.0
272, 10006, 1217, 699, 356, 158, 0.6381622552871704, -1, 1.0
273, 10293, 631, 717, 92, 67, 0.9382662773132324, -1, 1.0
273, 10281, 760, 704, 128, 90, 0.7178590297698975, -1, 1.0
273, 10006, 1217, 699, 356, 158, 0.6516895890235901, -1, 1.0
274, 10293, 631, 718, 92, 66, 0.938100814819336, -1, 1.0
274, 10281, 760, 702, 128, 91, 0.6931213140487671, -1, 1.0
274, 10006, 1217, 699, 356, 158, 0.6159960031509399, -1, 1.0
275, 10293, 632, 718, 92, 66, 0.93854558467865, -1, 1.0
275, 10281, 760, 702, 128, 91, 0.6440649032592773, -1, 1.0
275, 10006, 1217, 699, 356, 158, 0.6022247076034546, -1, 1.0
276, 10293, 632, 718, 92, 66, 0.9389094710350036, -1, 1.0
276, 10281, 760, 701, 128, 92, 0.6857115030288696, -1, 1.0
276, 10006, 1217, 699, 356, 158, 0.6198269724845886, -1, 1.0
277, 10293, 633, 717, 92, 66, 0.9387951493263244, -1, 1.0
277, 10281, 760, 700, 128, 92, 0.6333858370780945, -1, 1.0
277, 10006, 1217, 699, 356, 158, 0.5508965253829956, -1, 1.0
278, 10293, 632, 716, 93, 67, 0.9387235045433044, -1, 1.0
278, 10281, 760, 700, 127, 92, 0.6816487312316895, -1, 1.0
278, 10006, 1217, 699, 356, 158, 0.5644243955612183, -1, 1.0
279, 10293, 632, 716, 93, 67, 0.9391967058181764, -1, 1.0
279, 10281, 760, 700, 127, 92, 0.6941164135932922, -1, 1.0
279, 10000, 457, 726, 92, 73, 0.5858427286148071, -1, 1.0
279, 10006, 1217, 698, 356, 158, 0.5772957801818848, -1, 1.0
280, 10293, 632, 716, 94, 67, 0.9391692280769348, -1, 1.0
280, 10281, 760, 701, 127, 92, 0.7197998762130737, -1, 1.0
280, 10000, 456, 726, 86, 69, 0.6654810309410095, -1, 1.0
280, 10006, 1217, 698, 356, 159, 0.6033695936203003, -1, 1.0
281, 10293, 631, 715, 94, 68, 0.9388161897659302, -1, 1.0
281, 10281, 760, 701, 126, 91, 0.7201472520828247, -1, 1.0
281, 10000, 454, 724, 84, 68, 0.6142916083335876, -1, 1.0
281, 10006, 1217, 698, 356, 159, 0.59656822681427, -1, 1.0
282, 10293, 631, 715, 95, 68, 0.9380230903625488, -1, 1.0
282, 10281, 761, 701, 126, 92, 0.8436166048049927, -1, 1.0
282, 10000, 451, 722, 84, 68, 0.7034918069839478, -1, 1.0
282, 10006, 1216, 698, 356, 159, 0.6243715882301331, -1, 1.0
283, 10293, 630, 715, 96, 68, 0.9382539987564088, -1, 1.0
283, 10281, 761, 702, 126, 92, 0.9129877090454102, -1, 1.0
283, 10000, 427, 714, 97, 71, 0.7337406873703003, -1, 1.0
283, 10006, 1216, 698, 356, 159, 0.6518595218658447, -1, 1.0
284, 10293, 630, 715, 96, 68, 0.7603374719619751, -1, 1.0
284, 10281, 761, 702, 126, 92, 0.7160285711288452, -1, 1.0
284, 10000, 417, 711, 106, 73, 0.645132839679718, -1, 1.0
284, 10006, 1217, 699, 357, 159, 0.5370951890945435, -1, 1.0
285, 10305, 1666, 725, 752, 431, 0.936241328716278, -1, 1.0
285, 10293, 630, 715, 96, 68, 0.7167211174964905, -1, 1.0
285, 10281, 761, 702, 126, 92, 0.6333646178245544, -1, 1.0
285, 10006, 1216, 699, 357, 158, 0.6086875796318054, -1, 1.0
286, 10305, 1501, 704, 760, 408, 0.9352137446403505, -1, 1.0
286, 10293, 629, 715, 96, 68, 0.853054940700531, -1, 1.0
286, 10281, 761, 702, 126, 91, 0.7186155915260315, -1, 1.0
286, 10006, 1216, 699, 357, 158, 0.6621949672698975, -1, 1.0
287, 10305, 1379, 696, 715, 379, 0.8698041439056396, -1, 1.0
287, 10293, 629, 715, 96, 69, 0.6780804991722107, -1, 1.0
287, 10281, 760, 702, 126, 91, 0.6560389995574951, -1, 1.0
287, 10006, 1211, 700, 352, 157, 0.621939480304718, -1, 1.0
288, 10305, 1272, 693, 665, 348, 0.9137423634529114, -1, 1.0
288, 10293, 629, 715, 96, 69, 0.680276095867157, -1, 1.0
288, 10281, 760, 702, 126, 91, 0.6196967363357544, -1, 1.0
289, 10305, 1176, 689, 611, 321, 0.9322288036346436, -1, 1.0
289, 10293, 630, 715, 96, 69, 0.725570559501648, -1, 1.0
289, 10281, 761, 702, 126, 92, 0.7053646445274353, -1, 1.0
290, 10305, 1112, 692, 550, 296, 0.9277679920196532, -1, 1.0
290, 10293, 630, 715, 96, 69, 0.7525977492332458, -1, 1.0
290, 10281, 761, 701, 127, 92, 0.7226418852806091, -1, 1.0
291, 10305, 1057, 697, 497, 272, 0.9361647367477416, -1, 1.0
291, 10293, 630, 715, 96, 69, 0.7504461407661438, -1, 1.0
291, 10281, 761, 701, 127, 92, 0.715488851070404, -1, 1.0
292, 10305, 1024, 702, 485, 253, 0.9053494930267334, -1, 1.0
292, 10293, 630, 715, 95, 69, 0.8554985523223877, -1, 1.0
292, 10281, 761, 700, 127, 93, 0.7241275310516357, -1, 1.0
293, 10305, 963, 711, 425, 228, 0.9156206846237184, -1, 1.0
293, 10293, 630, 715, 95, 69, 0.8839502334594727, -1, 1.0
293, 10281, 761, 700, 127, 93, 0.8224982023239136, -1, 1.0
294, 10317, 403, 783, 128, 94, 0.9051093459129332, -1, 1.0
294, 10305, 921, 717, 370, 206, 0.9024425745010376, -1, 1.0
294, 10293, 630, 715, 94, 69, 0.799802303314209, -1, 1.0
294, 10281, 761, 701, 127, 93, 0.7471451759338379, -1, 1.0
294, 10006, 1280, 698, 298, 157, 0.7056249976158142, -1, 1.0
295, 10317, 410, 785, 128, 95, 0.9229323863983154, -1, 1.0
295, 10305, 886, 723, 325, 186, 0.901167631149292, -1, 1.0
295, 10293, 631, 715, 94, 69, 0.8088346123695374, -1, 1.0
295, 10281, 761, 703, 128, 91, 0.7460499405860901, -1, 1.0
295, 10006, 1248, 700, 315, 156, 0.7276145815849304, -1, 1.0
296, 10317, 412, 787, 134, 98, 0.9398900270462036, -1, 1.0
296, 10305, 860, 728, 285, 169, 0.9346073865890504, -1, 1.0
296, 10293, 631, 715, 94, 68, 0.8398969173431396, -1, 1.0
296, 10281, 761, 705, 127, 90, 0.7380282878875732, -1, 1.0
296, 10006, 1237, 700, 324, 156, 0.6951731443405151, -1, 1.0
297, 10317, 420, 789, 138, 99, 0.9401799440383912, -1, 1.0
297, 10305, 838, 733, 250, 153, 0.9239524006843568, -1, 1.0
297, 10293, 631, 716, 93, 68, 0.8585831522941589, -1, 1.0
297, 10281, 763, 705, 130, 90, 0.6967699527740479, -1, 1.0
297, 10006, 1230, 701, 332, 156, 0.6810868382453918, -1, 1.0
298, 10317, 427, 790, 140, 102, 0.9416409134864808, -1, 1.0
298, 10305, 808, 736, 224, 139, 0.9076579809188844, -1, 1.0
298, 10293, 632, 716, 93, 68, 0.8503153920173645, -1, 1.0
298, 10281, 771, 704, 145, 93, 0.669306755065918, -1, 1.0
298, 10006, 1225, 701, 339, 156, 0.518578827381134, -1, 1.0
299, 10317, 435, 791, 144, 105, 0.9444977641105652, -1, 1.0
299, 10305, 787, 739, 200, 126, 0.8928747177124023, -1, 1.0
299, 10293, 632, 716, 93, 68, 0.863120973110199, -1, 1.0
299, 10006, 1222, 700, 343, 156, 0.6368257999420166, -1, 1.0
300, 10317, 441, 796, 147, 107, 0.9444992542266846, -1, 1.0
300, 10293, 632, 716, 93, 68, 0.9067319631576538, -1, 1.0
300, 10006, 1220, 700, 346, 157, 0.8972192406654358, -1, 1.0
301, 10317, 449, 799, 153, 110, 0.9388107061386108, -1, 1.0
301, 10293, 632, 716, 92, 67, 0.909436047077179, -1, 1.0
301, 10281, 768, 727, 197, 134, 0.8964241147041321, -1, 1.0
301, 10006, 1219, 700, 348, 157, 0.6470236778259277, -1, 1.0
302, 10317, 457, 802, 158, 114, 0.9394204020500184, -1, 1.0
302, 10293, 633, 717, 91, 67, 0.9244908690452576, -1, 1.0
302, 10281, 746, 725, 201, 141, 0.887394905090332, -1, 1.0
302, 10006, 1218, 700, 350, 157, 0.5631033182144165, -1, 1.0
303, 10317, 466, 804, 164, 119, 0.9402061104774476, -1, 1.0
303, 10293, 633, 717, 90, 66, 0.921539068222046, -1, 1.0
303, 10281, 724, 721, 202, 144, 0.9036576747894288, -1, 1.0
303, 10006, 1218, 700, 351, 157, 0.6483886241912842, -1, 1.0
304, 10317, 475, 805, 170, 124, 0.9400995373725892, -1, 1.0
304, 10281, 703, 719, 200, 145, 0.9050089120864868, -1, 1.0
304, 10006, 1217, 700, 352, 157, 0.8926855325698853, -1, 1.0
305, 10317, 485, 807, 176, 129, 0.9400805830955504, -1, 1.0
305, 10281, 680, 719, 196, 143, 0.8913334012031555, -1, 1.0
305, 10006, 1217, 700, 353, 157, 0.8560289740562439, -1, 1.0
306, 10317, 494, 809, 185, 135, 0.940912663936615, -1, 1.0
306, 10281, 675, 721, 184, 139, 0.901452898979187, -1, 1.0
306, 10006, 1217, 700, 353, 158, 0.7355343699455261, -1, 1.0
307, 10317, 505, 811, 193, 141, 0.9422401785850524, -1, 1.0
307, 10281, 661, 719, 175, 136, 0.9056004881858826, -1, 1.0
307, 10006, 1216, 700, 354, 158, 0.7035964131355286, -1, 1.0
308, 10317, 518, 812, 201, 148, 0.9414496421813964, -1, 1.0
308, 10006, 1216, 700, 354, 158, 0.9036056995391846, -1, 1.0
309, 10317, 533, 816, 211, 153, 0.8931218981742859, -1, 1.0
309, 10006, 1216, 700, 355, 158, 0.7059891223907471, -1, 1.0
310, 10330, 767, 712, 118, 80, 0.9397331476211548, -1, 1.0
310, 10317, 548, 819, 218, 158, 0.9106716513633728, -1, 1.0
310, 10281, 577, 719, 184, 117, 0.6984370946884155, -1, 1.0
310, 10006, 1216, 700, 355, 158, 0.6054995059967041, -1, 1.0
311, 10330, 763, 710, 122, 83, 0.9398123621940612, -1, 1.0
311, 10317, 566, 823, 226, 165, 0.9215558767318726, -1, 1.0
311, 10281, 577, 721, 174, 114, 0.7480365633964539, -1, 1.0
311, 10006, 1216, 700, 355, 158, 0.6403937339782715, -1, 1.0
312, 10330, 763, 710, 123, 84, 0.9401490688323976, -1, 1.0
312, 10317, 585, 829, 238, 172, 0.8816925287246704, -1, 1.0
312, 10281, 571, 721, 166, 113, 0.7673294544219971, -1, 1.0
312, 10006, 1216, 699, 355, 158, 0.7413122653961182, -1, 1.0
313, 10330, 763, 710, 123, 84, 0.941761553287506, -1, 1.0
313, 10317, 604, 833, 250, 182, 0.918364942073822, -1, 1.0
313, 10281, 566, 718, 160, 114, 0.7150273323059082, -1, 1.0
313, 10006, 1217, 700, 355, 158, 0.7025707364082336, -1, 1.0
314, 10330, 763, 709, 123, 83, 0.9464487433433532, -1, 1.0
314, 10317, 627, 837, 266, 193, 0.9415874481201172, -1, 1.0
314, 10281, 561, 716, 156, 114, 0.727613627910614, -1, 1.0
314, 10006, 1217, 700, 356, 157, 0.7246041297912598, -1, 1.0
315, 10330, 762, 707, 124, 85, 0.9509333372116088, -1, 1.0
315, 10317, 652, 842, 284, 205, 0.9419665932655334, -1, 1.0
315, 10281, 550, 718, 148, 110, 0.816763162612915, -1, 1.0
315, 10006, 1217, 700, 356, 157, 0.6884588599205017, -1, 1.0
316, 10330, 762, 705, 126, 87, 0.9489619135856628, -1, 1.0
316, 10317, 679, 847, 304, 216, 0.9398434162139891, -1, 1.0
316, 10281, 540, 721, 141, 107, 0.8003072738647461, -1, 1.0
316, 10006, 1217, 700, 356, 157, 0.7239289879798889, -1, 1.0
317, 10330, 761, 703, 128, 89, 0.9514565467834472, -1, 1.0
317, 10317, 710, 852, 328, 230, 0.9386030435562134, -1, 1.0
317, 10281, 533, 721, 135, 104, 0.6808810830116272, -1, 1.0
317, 10006, 1217, 700, 356, 157, 0.6573034524917603, -1, 1.0
318, 10330, 760, 702, 129, 91, 0.9585193991661072, -1, 1.0
318, 10317, 744, 859, 354, 247, 0.940084993839264, -1, 1.0
318, 10281, 527, 719, 129, 102, 0.6891718506813049, -1, 1.0
318, 10006, 1217, 700, 356, 157, 0.6411335468292236, -1, 1.0
319, 10330, 759, 701, 130, 92, 0.9472309350967408, -1, 1.0
319, 10317, 782, 867, 387, 266, 0.935958743095398, -1, 1.0
319, 10281, 522, 722, 124, 99, 0.7244870662689209, -1, 1.0
319, 10006, 1217, 700, 356, 157, 0.6322459578514099, -1, 1.0
320, 10330, 759, 701, 131, 92, 0.9351531267166138, -1, 1.0
320, 10317, 827, 878, 422, 287, 0.6995160579681396, -1, 1.0
320, 10281, 517, 718, 122, 98, 0.6464034914970398, -1, 1.0
320, 10006, 1217, 700, 356, 157, 0.5910028219223022, -1, 1.0
321, 10330, 759, 701, 131, 92, 0.9342901110649108, -1, 1.0
321, 10317, 879, 889, 466, 311, 0.7463322281837463, -1, 1.0
321, 10006, 1216, 700, 356, 157, 0.6736002564430237, -1, 1.0
322, 10330, 759, 701, 131, 92, 0.8785926699638367, -1, 1.0
322, 10317, 942, 902, 521, 342, 0.6848085522651672, -1, 1.0
322, 10006, 1215, 700, 357, 156, 0.5977688431739807, -1, 1.0
323, 10330, 759, 699, 131, 94, 0.9144875407218932, -1, 1.0
323, 10317, 1022, 922, 585, 375, 0.7046648859977722, -1, 1.0
323, 10281, 497, 712, 134, 96, 0.6654141545295715, -1, 1.0
323, 10006, 1216, 700, 357, 156, 0.5657533407211304, -1, 1.0
324, 10330, 758, 697, 131, 96, 0.8656913638114929, -1, 1.0
324, 10317, 1108, 940, 676, 419, 0.7128156423568726, -1, 1.0
324, 10006, 1217, 700, 356, 156, 0.6767820119857788, -1, 1.0
325, 10345, 632, 719, 91, 66, 0.941677987575531, -1, 1.0
325, 10330, 759, 698, 131, 96, 0.7513942122459412, -1, 1.0
325, 10317, 1199, 974, 745, 475, 0.6760299205780029, -1, 1.0
325, 10006, 1218, 700, 356, 156, 0.6315113306045532, -1, 1.0
326, 10345, 633, 719, 91, 65, 0.9395760297775269, -1, 1.0
326, 10330, 759, 699, 130, 95, 0.7676277756690979, -1, 1.0
326, 10317, 1311, 1010, 777, 526, 0.660266101360321, -1, 1.0
326, 10006, 1218, 700, 356, 157, 0.6478047966957092, -1, 1.0
327, 10345, 633, 719, 90, 65, 0.9388737678527832, -1, 1.0
327, 10330, 760, 699, 130, 95, 0.7354045510292053, -1, 1.0
327, 10006, 1218, 699, 356, 157, 0.6604646444320679, -1, 1.0
328, 10345, 633, 719, 91, 65, 0.9395400285720824, -1, 1.0
328, 10330, 760, 699, 130, 95, 0.7347095608711243, -1, 1.0
328, 10006, 1218, 699, 356, 158, 0.6719681024551392, -1, 1.0
329, 10345, 633, 719, 91, 65, 0.9392601251602172, -1, 1.0
329, 10330, 759, 699, 129, 94, 0.7376322150230408, -1, 1.0
329, 10006, 1218, 699, 357, 158, 0.7101558446884155, -1, 1.0
330, 10345, 633, 719, 91, 65, 0.9389573931694032, -1, 1.0
330, 10330, 759, 700, 129, 94, 0.7318181991577148, -1, 1.0
330, 10006, 1217, 699, 356, 158, 0.7115444540977478, -1, 1.0
331, 10345, 633, 717, 92, 66, 0.9386103749275208, -1, 1.0
331, 10330, 759, 700, 129, 94, 0.7528727054595947, -1, 1.0
331, 10006, 1217, 699, 356, 158, 0.7066490650177002, -1, 1.0
332, 10345, 633, 717, 93, 67, 0.9386173486709596, -1, 1.0
332, 10330, 759, 700, 129, 94, 0.7463199496269226, -1, 1.0
332, 10006, 1218, 699, 356, 158, 0.7122151851654053, -1, 1.0
333, 10345, 633, 716, 93, 67, 0.9420445561408995, -1, 1.0
333, 10330, 759, 701, 128, 93, 0.6922432780265808, -1, 1.0
333, 10006, 1216, 699, 357, 158, 0.626623272895813, -1, 1.0
334, 10345, 633, 717, 93, 66, 0.9425665140151978, -1, 1.0
334, 10330, 759, 702, 127, 92, 0.6970203518867493, -1, 1.0
334, 10006, 1216, 699, 357, 158, 0.6238871216773987, -1, 1.0
335, 10345, 633, 717, 93, 66, 0.9424683451652528, -1, 1.0
335, 10330, 760, 702, 127, 92, 0.6833464503288269, -1, 1.0
335, 10006, 1216, 699, 357, 158, 0.6208055019378662, -1, 1.0
336, 10345, 633, 718, 93, 66, 0.9424471259117126, -1, 1.0
336, 10330, 760, 701, 126, 92, 0.6792823672294617, -1, 1.0
336, 10006, 1216, 699, 357, 158, 0.6107081174850464, -1, 1.0
337, 10345, 632, 717, 94, 67, 0.9390848278999328, -1, 1.0
337, 10330, 761, 702, 127, 91, 0.7077184319496155, -1, 1.0
337, 10006, 1216, 699, 357, 158, 0.6968948841094971, -1, 1.0
338, 10345, 632, 717, 94, 67, 0.9390344619750975, -1, 1.0
338, 10330, 761, 702, 127, 91, 0.698298454284668, -1, 1.0
338, 10006, 1216, 699, 357, 158, 0.6902778148651123, -1, 1.0
339, 10345, 632, 716, 95, 68, 0.9391927123069764, -1, 1.0
339, 10330, 761, 703, 127, 91, 0.6984389424324036, -1, 1.0
339, 10006, 1216, 699, 357, 158, 0.6962496638298035, -1, 1.0
340, 10345, 631, 716, 95, 68, 0.9389321804046632, -1, 1.0
340, 10330, 761, 703, 127, 91, 0.7032275199890137, -1, 1.0
340, 10006, 1216, 699, 357, 158, 0.689346432685852, -1, 1.0
341, 10345, 631, 716, 95, 68, 0.938572883605957, -1, 1.0
341, 10330, 761, 703, 127, 90, 0.6930107474327087, -1, 1.0
341, 10006, 1216, 698, 357, 158, 0.6907736659049988, -1, 1.0
342, 10345, 631, 716, 95, 68, 0.9382338523864746, -1, 1.0
342, 10330, 761, 703, 127, 90, 0.6925258040428162, -1, 1.0
342, 10006, 1216, 698, 357, 159, 0.6883466839790344, -1, 1.0
343, 10345, 631, 716, 95, 68, 0.9378582239151, -1, 1.0
343, 10330, 761, 703, 127, 90, 0.703231930732727, -1, 1.0
343, 10006, 1216, 698, 357, 159, 0.6896898746490479, -1, 1.0
344, 10345, 631, 716, 95, 68, 0.9377843141555786, -1, 1.0
344, 10330, 761, 703, 127, 89, 0.7151130437850952, -1, 1.0
344, 10006, 1216, 698, 357, 159, 0.7077640891075134, -1, 1.0
345, 10345, 631, 716, 96, 68, 0.9385324716567992, -1, 1.0
345, 10330, 761, 704, 126, 89, 0.7115984559059143, -1, 1.0
345, 10006, 1216, 698, 357, 159, 0.7067353129386902, -1, 1.0
346, 10345, 631, 716, 96, 69, 0.9386364221572876, -1, 1.0
346, 10330, 761, 703, 126, 89, 0.7199519276618958, -1, 1.0
346, 10006, 1216, 698, 357, 159, 0.7102402448654175, -1, 1.0
347, 10345, 631, 716, 96, 69, 0.9387077689170836, -1, 1.0
347, 10330, 761, 703, 126, 89, 0.714569091796875, -1, 1.0
347, 10006, 1216, 698, 357, 159, 0.7076813578605652, -1, 1.0
348, 10345, 631, 716, 96, 69, 0.7202579975128174, -1, 1.0
348, 10330, 761, 703, 126, 89, 0.7079421281814575, -1, 1.0
348, 10006, 1216, 698, 357, 159, 0.5260629653930664, -1, 1.0
349, 10345, 631, 716, 96, 69, 0.9377772808074952, -1, 1.0
349, 10330, 761, 703, 126, 89, 0.6998124718666077, -1, 1.0
349, 10006, 1216, 698, 357, 159, 0.6931042671203613, -1, 1.0
350, 10345, 631, 716, 96, 69, 0.9373054504394532, -1, 1.0
350, 10330, 761, 703, 126, 89, 0.7106459140777588, -1, 1.0
350, 10006, 1216, 698, 357, 159, 0.702798068523407, -1, 1.0
351, 10345, 631, 716, 96, 69, 0.9372968673706056, -1, 1.0
351, 10330, 761, 703, 126, 89, 0.7124225497245789, -1, 1.0
351, 10006, 1215, 698, 358, 159, 0.6997501850128174, -1, 1.0
352, 10357, 572, 714, 86, 63, 0.9371341466903688, -1, 1.0
352, 10345, 631, 716, 96, 69, 0.7234743237495422, -1, 1.0
352, 10330, 761, 703, 126, 90, 0.7056545615196228, -1, 1.0
352, 10006, 1215, 698, 358, 159, 0.5042662024497986, -1, 1.0
353, 10345, 631, 716, 96, 69, 0.9374786019325256, -1, 1.0
353, 10330, 761, 703, 126, 90, 0.730168879032135, -1, 1.0
353, 10006, 1216, 698, 358, 159, 0.7094388008117676, -1, 1.0
354, 10345, 631, 716, 96, 69, 0.9371370673179626, -1, 1.0
354, 10330, 761, 704, 126, 90, 0.7290080189704895, -1, 1.0
354, 10006, 1216, 698, 358, 159, 0.7084482312202454, -1, 1.0
355, 10357, 572, 713, 86, 64, 0.9371684789657592, -1, 1.0
355, 10345, 631, 716, 96, 69, 0.7250654101371765, -1, 1.0
355, 10330, 761, 704, 125, 89, 0.7065563797950745, -1, 1.0
355, 10006, 1216, 698, 358, 159, 0.5294475555419922, -1, 1.0
356, 10357, 572, 713, 86, 64, 0.936970591545105, -1, 1.0
356, 10345, 631, 716, 96, 69, 0.7254123687744141, -1, 1.0
356, 10330, 761, 704, 125, 89, 0.699328601360321, -1, 1.0
356, 10006, 1216, 698, 358, 159, 0.5061309933662415, -1, 1.0
357, 10357, 572, 713, 87, 64, 0.9371340274810792, -1, 1.0
357, 10345, 631, 716, 96, 69, 0.7252175807952881, -1, 1.0
357, 10330, 761, 704, 125, 89, 0.6942046880722046, -1, 1.0
357, 10006, 1216, 698, 358, 159, 0.5069288015365601, -1, 1.0
358, 10345, 631, 716, 96, 69, 0.9372981786727904, -1, 1.0
358, 10330, 761, 704, 125, 89, 0.7219913601875305, -1, 1.0
358, 10006, 1215, 698, 358, 159, 0.6912857294082642, -1, 1.0
359, 10345, 631, 716, 96, 69, 0.9369897842407228, -1, 1.0
359, 10330, 761, 704, 125, 90, 0.7274255156517029, -1, 1.0
359, 10006, 1215, 698, 358, 159, 0.6960737109184265, -1, 1.0
360, 10345, 631, 715, 96, 69, 0.9371753931045532, -1, 1.0
360, 10330, 761, 703, 125, 90, 0.7290157079696655, -1, 1.0
360, 10006, 1215, 698, 358, 159, 0.6974990963935852, -1, 1.0
361, 10345, 631, 716, 96, 69, 0.9374629855155944, -1, 1.0
361, 10330, 761, 703, 125, 90, 0.7449885606765747, -1, 1.0
361, 10006, 1216, 698, 358, 159, 0.6918280124664307, -1, 1.0
362, 10357, 572, 714, 87, 63, 0.937217652797699, -1, 1.0
362, 10345, 631, 716, 96, 69, 0.7424078583717346, -1, 1.0
362, 10330, 761, 703, 125, 90, 0.6947069764137268, -1, 1.0
362, 10006, 1216, 698, 358, 159, 0.506594181060791, -1, 1.0
363, 10345, 632, 716, 95, 69, 0.9371833205223083, -1, 1.0
363, 10330, 761, 703, 125, 90, 0.7397019863128662, -1, 1.0
363, 10006, 1216, 698, 358, 159, 0.6934879422187805, -1, 1.0
364, 10345, 632, 716, 95, 69, 0.9372944235801696, -1, 1.0
364, 10330, 761, 702, 125, 91, 0.735366702079773, -1, 1.0
364, 10006, 1216, 698, 358, 159, 0.6901906728744507, -1, 1.0
365, 10345, 632, 716, 95, 69, 0.9372196793556212, -1, 1.0
365, 10330, 761, 702, 125, 91, 0.7378939986228943, -1, 1.0
365, 10006, 1216, 698, 358, 159, 0.6923322677612305, -1, 1.0
366, 10345, 632, 716, 95, 69, 0.9373591542243958, -1, 1.0
366, 10330, 761, 702, 125, 91, 0.7400463223457336, -1, 1.0
366, 10006, 1216, 698, 358, 159, 0.695838451385498, -1, 1.0
367, 10345, 632, 716, 95, 69, 0.9373883605003356, -1, 1.0
367, 10330, 761, 702, 125, 91, 0.7376290559768677, -1, 1.0
367, 10006, 1216, 698, 359, 159, 0.6954408884048462, -1, 1.0
368, 10345, 632, 716, 95, 69, 0.93729430437088, -1, 1.0
368, 10330, 761, 702, 125, 91, 0.7369705438613892, -1, 1.0
368, 10006, 1215, 698, 359, 159, 0.6975552439689636, -1, 1.0
369, 10345, 632, 716, 95, 69, 0.936842143535614, -1, 1.0
369, 10330, 761, 702, 125, 91, 0.7375393509864807, -1, 1.0
369, 10006, 1215, 698, 359, 159, 0.6997445225715637, -1, 1.0
370, 10345, 632, 716, 95, 69, 0.937202513217926, -1, 1.0
370, 10330, 761, 702, 125, 91, 0.7396026253700256, -1, 1.0
370, 10006, 1215, 698, 359, 159, 0.7026346921920776, -1, 1.0
371, 10345, 632, 716, 95, 69, 0.937344491481781, -1, 1.0
371, 10330, 761, 702, 125, 91, 0.7376857399940491, -1, 1.0
371, 10006, 1215, 698, 359, 159, 0.7039512991905212, -1, 1.0
372, 10345, 632, 716, 95, 69, 0.9371461868286132, -1, 1.0
372, 10330, 761, 702, 125, 91, 0.7395967841148376, -1, 1.0
372, 10006, 1215, 698, 359, 159, 0.706680953502655, -1, 1.0
373, 10345, 631, 716, 95, 69, 0.9369504451751708, -1, 1.0
373, 10330, 761, 703, 125, 90, 0.7999168634414673, -1, 1.0
373, 10006, 1215, 698, 359, 159, 0.7227655649185181, -1, 1.0
374, 10345, 631, 716, 95, 68, 0.9361615777015686, -1, 1.0
374, 10330, 762, 703, 125, 90, 0.7649574875831604, -1, 1.0
374, 10006, 1216, 698, 358, 159, 0.7152787446975708, -1, 1.0
375, 10362, 1803, 757, 728, 451, 0.9367162585258484, -1, 1.0
375, 10345, 632, 717, 95, 68, 0.7566924095153809, -1, 1.0
375, 10330, 762, 703, 126, 90, 0.7458691596984863, -1, 1.0
375, 10006, 1216, 699, 358, 158, 0.706049919128418, -1, 1.0
376, 10362, 1840, 745, 714, 427, 0.9350492358207704, -1, 1.0
376, 10345, 632, 717, 95, 67, 0.8325219750404358, -1, 1.0
376, 10330, 762, 703, 126, 90, 0.7540111541748047, -1, 1.0
376, 10006, 1216, 699, 357, 158, 0.7053909301757812, -1, 1.0
377, 10362, 1682, 740, 732, 396, 0.8592550754547119, -1, 1.0
377, 10345, 631, 717, 95, 67, 0.7546176910400391, -1, 1.0
377, 10330, 762, 703, 126, 90, 0.707216739654541, -1, 1.0
377, 10006, 1216, 700, 357, 158, 0.5120974183082581, -1, 1.0
378, 10364, 572, 712, 86, 66, 0.9374870657920836, -1, 1.0
378, 10362, 1512, 743, 710, 359, 0.8936567902565002, -1, 1.0
378, 10345, 631, 717, 95, 67, 0.7400959134101868, -1, 1.0
378, 10330, 762, 703, 126, 90, 0.7042209506034851, -1, 1.0
378, 10006, 1215, 701, 357, 157, 0.5036314129829407, -1, 1.0
379, 10362, 1353, 743, 685, 330, 0.919812798500061, -1, 1.0
379, 10345, 631, 717, 96, 66, 0.7355924248695374, -1, 1.0
379, 10330, 762, 702, 126, 91, 0.7044870853424072, -1, 1.0
379, 10006, 1216, 703, 356, 153, 0.6917327046394348, -1, 1.0
380, 10362, 1215, 714, 664, 320, 0.8912160992622375, -1, 1.0
380, 10345, 631, 717, 96, 66, 0.7354448437690735, -1, 1.0
380, 10330, 762, 702, 126, 91, 0.7046648859977722, -1, 1.0
381, 10362, 1134, 700, 613, 305, 0.9448230862617492, -1, 1.0
381, 10345, 631, 717, 96, 66, 0.7646716833114624, -1, 1.0
381, 10330, 763, 702, 126, 91, 0.7080028057098389, -1, 1.0
382, 10362, 1062, 695, 563, 289, 0.9350126385688782, -1, 1.0
382, 10345, 631, 717, 96, 66, 0.7652507424354553, -1, 1.0
382, 10330, 763, 702, 126, 91, 0.705494225025177, -1, 1.0
383, 10362, 1018, 694, 532, 274, 0.9251205325126648, -1, 1.0
383, 10345, 631, 717, 96, 66, 0.7647698521614075, -1, 1.0
383, 10330, 762, 702, 126, 91, 0.711264431476593, -1, 1.0
384, 10362, 981, 707, 509, 254, 0.9179803133010864, -1, 1.0
384, 10345, 630, 716, 96, 67, 0.7917801737785339, -1, 1.0
384, 10330, 762, 701, 127, 92, 0.711002767086029, -1, 1.0
385, 10345, 630, 716, 96, 67, 0.9134202003479004, -1, 1.0
385, 10330, 762, 700, 128, 93, 0.8834531903266907, -1, 1.0
385, 10006, 1241, 699, 335, 153, 0.6980840563774109, -1, 1.0
386, 10367, 931, 752, 346, 176, 0.9173331260681152, -1, 1.0
386, 10345, 630, 716, 95, 67, 0.9018744826316832, -1, 1.0
386, 10330, 762, 699, 128, 93, 0.6966069340705872, -1, 1.0
386, 10006, 1244, 699, 331, 155, 0.6554489135742188, -1, 1.0
387, 10367, 893, 749, 322, 168, 0.9329662919044496, -1, 1.0
387, 10345, 630, 716, 95, 66, 0.9225127696990968, -1, 1.0
387, 10330, 762, 703, 129, 91, 0.7242682576179504, -1, 1.0
387, 10006, 1234, 700, 336, 155, 0.698283851146698, -1, 1.0
388, 10367, 866, 749, 297, 160, 0.9392337203025818, -1, 1.0
388, 10345, 630, 717, 95, 66, 0.9390993118286132, -1, 1.0
388, 10330, 761, 705, 128, 89, 0.7050356864929199, -1, 1.0
388, 10006, 1227, 699, 341, 156, 0.6419113278388977, -1, 1.0
389, 10367, 838, 749, 272, 151, 0.9417251348495485, -1, 1.0
389, 10345, 630, 717, 95, 66, 0.9346345067024232, -1, 1.0
389, 10330, 762, 706, 128, 88, 0.7255707383155823, -1, 1.0
389, 10006, 1224, 699, 345, 156, 0.6916877627372742, -1, 1.0
390, 10367, 815, 751, 249, 142, 0.9430109858512878, -1, 1.0
390, 10345, 630, 717, 94, 66, 0.924728512763977, -1, 1.0
390, 10330, 760, 709, 125, 87, 0.7381576895713806, -1, 1.0
390, 10006, 1221, 699, 348, 157, 0.6916824579238892, -1, 1.0
391, 10367, 791, 750, 232, 135, 0.9441835284233092, -1, 1.0
391, 10345, 631, 717, 95, 66, 0.9148075580596924, -1, 1.0
391, 10330, 761, 711, 126, 86, 0.7059101462364197, -1, 1.0
391, 10006, 1220, 699, 350, 157, 0.6570459604263306, -1, 1.0
392, 10367, 794, 755, 198, 122, 0.9439600110054016, -1, 1.0
392, 10345, 631, 717, 95, 66, 0.9138015508651732, -1, 1.0
392, 10330, 780, 736, 161, 108, 0.7030435800552368, -1, 1.0
392, 10006, 1220, 699, 351, 157, 0.5714399218559265, -1, 1.0
393, 10345, 631, 717, 95, 66, 0.9425954222679138, -1, 1.0
393, 10330, 770, 740, 179, 120, 0.9242466688156128, -1, 1.0
393, 10006, 1219, 699, 352, 158, 0.6879171133041382, -1, 1.0
394, 10345, 630, 717, 94, 66, 0.9361755847930908, -1, 1.0
394, 10330, 748, 736, 186, 129, 0.9340250492095948, -1, 1.0
394, 10006, 1220, 699, 353, 158, 0.6760610342025757, -1, 1.0
395, 10345, 631, 717, 95, 66, 0.934597909450531, -1, 1.0
395, 10330, 727, 731, 188, 133, 0.8773390650749207, -1, 1.0
395, 10006, 1220, 699, 353, 158, 0.637387752532959, -1, 1.0
396, 10345, 632, 717, 96, 66, 0.935636818408966, -1, 1.0
396, 10330, 708, 731, 187, 134, 0.873467206954956, -1, 1.0
396, 10006, 1220, 699, 354, 158, 0.6655109524726868, -1, 1.0
397, 10345, 631, 717, 95, 66, 0.9319872856140136, -1, 1.0
397, 10330, 692, 724, 189, 136, 0.8179715275764465, -1, 1.0
397, 10006, 1220, 699, 354, 158, 0.6925559043884277, -1, 1.0
398, 10330, 674, 727, 181, 133, 0.7603000402450562, -1, 1.0
398, 10006, 1219, 699, 354, 158, 0.5223552584648132, -1, 1.0
399, 10330, 663, 729, 172, 128, 0.8725858926773071, -1, 1.0
399, 10006, 1219, 699, 354, 158, 0.627906858921051, -1, 1.0
400, 10330, 645, 723, 170, 128, 0.8848730325698853, -1, 1.0
400, 10006, 1219, 699, 354, 158, 0.8362606763839722, -1, 1.0
401, 10374, 1875, 779, 640, 448, 0.9326673746109008, -1, 1.0
401, 10373, 770, 714, 115, 76, 0.8637374639511108, -1, 1.0
401, 10330, 627, 722, 166, 125, 0.7970654964447021, -1, 1.0
401, 10006, 1218, 699, 354, 158, 0.6569724678993225, -1, 1.0
402, 10374, 1629, 788, 548, 368, 0.932580590248108, -1, 1.0
402, 10373, 769, 713, 116, 78, 0.865985631942749, -1, 1.0
402, 10330, 611, 720, 160, 122, 0.7293083667755127, -1, 1.0
402, 10006, 1218, 699, 354, 158, 0.672705888748169, -1, 1.0
403, 10374, 1556, 759, 595, 359, 0.937941551208496, -1, 1.0
403, 10373, 766, 712, 119, 80, 0.9186717867851256, -1, 1.0
403, 10330, 600, 720, 155, 119, 0.9172872304916382, -1, 1.0
403, 10006, 1218, 699, 353, 158, 0.6904616951942444, -1, 1.0
404, 10374, 1416, 752, 592, 333, 0.938584804534912, -1, 1.0
404, 10373, 765, 710, 121, 82, 0.8843521475791931, -1, 1.0
404, 10330, 591, 719, 150, 116, 0.8790480494499207, -1, 1.0
404, 10006, 1217, 700, 354, 158, 0.7068825364112854, -1, 1.0
405, 10374, 1276, 741, 573, 307, 0.9300711154937744, -1, 1.0
405, 10373, 763, 708, 123, 84, 0.8503202199935913, -1, 1.0
405, 10330, 579, 719, 148, 114, 0.7319490313529968, -1, 1.0
405, 10006, 1210, 701, 346, 155, 0.5289706587791443, -1, 1.0
406, 10374, 1171, 711, 539, 300, 0.9050623774528505, -1, 1.0
406, 10373, 762, 706, 125, 85, 0.8296999931335449, -1, 1.0
406, 10330, 570, 716, 146, 114, 0.7038270831108093, -1, 1.0
407, 10374, 1092, 696, 498, 286, 0.9424532055854796, -1, 1.0
407, 10373, 762, 706, 125, 86, 0.8834289908409119, -1, 1.0
407, 10330, 558, 718, 140, 111, 0.646084725856781, -1, 1.0
408, 10374, 1029, 703, 455, 266, 0.9238475561141968, -1, 1.0
408, 10373, 762, 705, 126, 88, 0.7903375625610352, -1, 1.0
408, 10330, 549, 722, 134, 106, 0.6573509573936462, -1, 1.0
409, 10374, 975, 725, 411, 231, 0.8742842674255371, -1, 1.0
409, 10373, 762, 702, 128, 90, 0.7638684511184692, -1, 1.0
409, 10330, 542, 724, 128, 103, 0.732974648475647, -1, 1.0
409, 10006, 1282, 698, 301, 149, 0.7211031913757324, -1, 1.0
410, 10374, 929, 738, 365, 204, 0.9339373111724854, -1, 1.0
410, 10373, 760, 702, 129, 91, 0.890444815158844, -1, 1.0
410, 10330, 536, 725, 123, 100, 0.6845268607139587, -1, 1.0
410, 10006, 1258, 698, 312, 153, 0.6743263602256775, -1, 1.0
411, 10374, 893, 742, 324, 182, 0.9275525212287904, -1, 1.0
411, 10373, 761, 702, 132, 92, 0.9253357648849488, -1, 1.0
411, 10330, 530, 725, 119, 98, 0.6776347160339355, -1, 1.0
411, 10006, 1243, 700, 321, 154, 0.6592464447021484, -1, 1.0
412, 10376, 628, 720, 96, 71, 0.9389172792434692, -1, 1.0
412, 10374, 861, 745, 285, 164, 0.9312618970870972, -1, 1.0
412, 10373, 760, 701, 133, 92, 0.6960079669952393, -1, 1.0
412, 10330, 525, 722, 116, 97, 0.6877824068069458, -1, 1.0
412, 10006, 1234, 700, 330, 155, 0.648245632648468, -1, 1.0
413, 10376, 630, 718, 90, 66, 0.937392234802246, -1, 1.0
413, 10374, 834, 749, 251, 147, 0.930324137210846, -1, 1.0
413, 10373, 759, 704, 132, 91, 0.7128220796585083, -1, 1.0
413, 10330, 519, 719, 116, 96, 0.6971677541732788, -1, 1.0
413, 10006, 1227, 700, 337, 156, 0.697070300579071, -1, 1.0
414, 10376, 635, 719, 85, 63, 0.9410575032234192, -1, 1.0
414, 10374, 812, 754, 219, 131, 0.9330747723579408, -1, 1.0
414, 10373, 760, 705, 131, 91, 0.6618090271949768, -1, 1.0
414, 10330, 516, 716, 118, 95, 0.6534257531166077, -1, 1.0
414, 10006, 1224, 700, 342, 157, 0.6043216586112976, -1, 1.0
415, 10376, 637, 720, 83, 61, 0.9404619932174684, -1, 1.0
415, 10374, 788, 755, 193, 117, 0.8623437881469727, -1, 1.0
415, 10373, 760, 708, 131, 90, 0.6890130639076233, -1, 1.0
415, 10330, 510, 716, 123, 94, 0.6450051665306091, -1, 1.0
415, 10006, 1222, 700, 345, 157, 0.6285975575447083, -1, 1.0
416, 10376, 637, 720, 82, 61, 0.9408459663391112, -1, 1.0
416, 10374, 766, 755, 171, 107, 0.920420229434967, -1, 1.0
416, 10006, 1220, 700, 348, 157, 0.6040245890617371, -1, 1.0
417, 10376, 638, 721, 81, 60, 0.938584804534912, -1, 1.0
417, 10006, 1220, 700, 350, 157, 0.8971611261367798, -1, 1.0
418, 10376, 637, 722, 80, 60, 0.9373360276222228, -1, 1.0
418, 10373, 744, 737, 174, 123, 0.8937894105911255, -1, 1.0
418, 10006, 1219, 700, 351, 157, 0.6305467486381531, -1, 1.0
419, 10376, 638, 722, 81, 60, 0.9388092756271362, -1, 1.0
419, 10373, 723, 736, 176, 126, 0.8648049235343933, -1, 1.0
419, 10006, 1218, 700, 352, 157, 0.6496961712837219, -1, 1.0
420, 10376, 638, 722, 84, 61, 0.9387677311897278, -1, 1.0
420, 10373, 700, 737, 176, 126, 0.8606660962104797, -1, 1.0
420, 10006, 1218, 700, 353, 157, 0.6578615307807922, -1, 1.0
421, 10378, 776, 714, 110, 65, 0.9396467208862304, -1, 1.0
421, 10376, 635, 721, 86, 63, 0.7965593338012695, -1, 1.0
421, 10373, 680, 735, 173, 125, 0.5784032940864563, -1, 1.0
421, 10006, 1218, 700, 353, 157, 0.553655743598938, -1, 1.0
422, 10373, 665, 735, 167, 123, 0.9409111738204956, -1, 1.0
422, 10006, 1218, 700, 354, 157, 0.8327910304069519, -1, 1.0
423, 10373, 641, 728, 166, 123, 0.9405195713043212, -1, 1.0
423, 10006, 1218, 700, 354, 157, 0.7760109305381775, -1, 1.0
424, 10378, 768, 713, 118, 76, 0.9408148527145386, -1, 1.0
424, 10373, 622, 727, 162, 121, 0.8478929996490479, -1, 1.0
424, 10006, 1218, 700, 355, 157, 0.6135549545288086, -1, 1.0
425, 10378, 764, 711, 121, 80, 0.9404343962669371, -1, 1.0
425, 10373, 607, 727, 157, 118, 0.8820610642433167, -1, 1.0
425, 10006, 1218, 700, 355, 158, 0.7010271549224854, -1, 1.0
426, 10378, 763, 710, 123, 82, 0.9399539828300476, -1, 1.0
426, 10373, 593, 725, 153, 115, 0.8456064462661743, -1, 1.0
426, 10006, 1218, 700, 355, 158, 0.7342758178710938, -1, 1.0
427, 10378, 761, 707, 125, 85, 0.9402172565460204, -1, 1.0
427, 10373, 581, 724, 148, 114, 0.7787530422210693, -1, 1.0
427, 10006, 1218, 700, 355, 158, 0.7662932872772217, -1, 1.0
428, 10380, 440, 702, 98, 90, 0.940503478050232, -1, 1.0
428, 10378, 761, 706, 125, 87, 0.8317422270774841, -1, 1.0
428, 10373, 567, 723, 143, 111, 0.7391948699951172, -1, 1.0
428, 10006, 1217, 700, 355, 158, 0.6240542531013489, -1, 1.0
429, 10380, 439, 696, 103, 94, 0.9406731724739076, -1, 1.0
429, 10378, 761, 706, 125, 88, 0.8601586818695068, -1, 1.0
429, 10373, 557, 724, 137, 108, 0.7398083209991455, -1, 1.0
429, 10006, 1217, 700, 355, 158, 0.5994078516960144, -1, 1.0
430, 10378, 760, 704, 126, 89, 0.9401795268058776, -1, 1.0
430, 10373, 547, 726, 131, 104, 0.8653935194015503, -1, 1.0
430, 10006, 1217, 700, 355, 158, 0.7243724465370178, -1, 1.0
431, 10378, 760, 703, 126, 90, 0.9401586651802064, -1, 1.0
431, 10373, 539, 725, 126, 102, 0.8346086144447327, -1, 1.0
431, 10006, 1217, 700, 355, 158, 0.7103204727172852, -1, 1.0
432, 10378, 759, 702, 127, 91, 0.9402743577957152, -1, 1.0
432, 10373, 531, 727, 122, 99, 0.7343689203262329, -1, 1.0
432, 10006, 1217, 700, 356, 158, 0.6973710656166077, -1, 1.0
433, 10378, 759, 700, 127, 93, 0.940457820892334, -1, 1.0
433, 10373, 526, 728, 118, 96, 0.6532987356185913, -1, 1.0
433, 10006, 1217, 700, 356, 158, 0.6155445575714111, -1, 1.0
434, 10382, 628, 719, 95, 67, 0.9404441118240356, -1, 1.0
434, 10378, 759, 701, 127, 93, 0.6654514074325562, -1, 1.0
434, 10373, 521, 725, 119, 95, 0.6647254824638367, -1, 1.0
434, 10006, 1217, 700, 356, 158, 0.6216702461242676, -1, 1.0
435, 10382, 632, 720, 90, 64, 0.94101881980896, -1, 1.0
435, 10378, 759, 700, 127, 94, 0.7145926356315613, -1, 1.0
435, 10373, 516, 724, 121, 95, 0.6868403553962708, -1, 1.0
435, 10006, 1217, 700, 356, 158, 0.6470608115196228, -1, 1.0
436, 10382, 633, 720, 89, 63, 0.94071626663208, -1, 1.0
436, 10378, 759, 700, 127, 94, 0.6454967856407166, -1, 1.0
436, 10006, 1217, 700, 356, 158, 0.5637619495391846, -1, 1.0
437, 10382, 633, 720, 89, 63, 0.9407314658164978, -1, 1.0
437, 10378, 759, 700, 127, 94, 0.6624054312705994, -1, 1.0
437, 10006, 1217, 699, 356, 158, 0.5542088150978088, -1, 1.0
438, 10382, 633, 720, 90, 64, 0.9402132630348206, -1, 1.0
438, 10378, 759, 699, 127, 94, 0.6646762490272522, -1, 1.0
438, 10006, 1216, 699, 356, 158, 0.648098886013031, -1, 1.0
439, 10382, 633, 720, 89, 63, 0.9400089383125304, -1, 1.0
439, 10378, 759, 700, 127, 94, 0.7021047472953796, -1, 1.0
439, 10006, 1217, 699, 356, 158, 0.6569616794586182, -1, 1.0
440, 10382, 634, 720, 89, 63, 0.940160870552063, -1, 1.0
440, 10378, 759, 700, 127, 94, 0.6495696902275085, -1, 1.0
440, 10006, 1217, 699, 356, 158, 0.62664794921875, -1, 1.0
441, 10382, 634, 720, 88, 63, 0.9402061104774476, -1, 1.0
441, 10378, 759, 700, 127, 94, 0.6558611989021301, -1, 1.0
441, 10006, 1217, 699, 356, 158, 0.6278564929962158, -1, 1.0
442, 10382, 634, 720, 89, 63, 0.9404519200325012, -1, 1.0
442, 10378, 759, 700, 127, 94, 0.6517430543899536, -1, 1.0
442, 10006, 1217, 699, 356, 158, 0.6482871770858765, -1, 1.0
443, 10382, 633, 719, 89, 64, 0.9402758479118348, -1, 1.0
443, 10378, 759, 700, 127, 94, 0.656753659248352, -1, 1.0
443, 10006, 1217, 699, 356, 158, 0.63665372133255, -1, 1.0
444, 10382, 633, 718, 90, 65, 0.9404256343841552, -1, 1.0
444, 10378, 759, 700, 127, 94, 0.702397882938385, -1, 1.0
444, 10006, 1217, 699, 356, 158, 0.6597320437431335, -1, 1.0
445, 10382, 633, 717, 91, 65, 0.93917578458786, -1, 1.0
445, 10378, 759, 701, 126, 93, 0.7442290782928467, -1, 1.0
445, 10006, 1217, 699, 356, 158, 0.6850958466529846, -1, 1.0
446, 10382, 632, 716, 92, 66, 0.9389394521713256, -1, 1.0
446, 10378, 760, 702, 126, 92, 0.7347913384437561, -1, 1.0
446, 10006, 1217, 699, 356, 158, 0.6774908900260925, -1, 1.0
447, 10382, 632, 716, 93, 66, 0.9389485716819764, -1, 1.0
447, 10378, 760, 702, 126, 92, 0.730464518070221, -1, 1.0
447, 10006, 1217, 699, 356, 158, 0.6684820055961609, -1, 1.0
448, 10382, 631, 716, 93, 67, 0.9388287663459778, -1, 1.0
448, 10378, 760, 702, 126, 92, 0.7297472357749939, -1, 1.0
448, 10006, 1217, 699, 356, 158, 0.675262451171875, -1, 1.0
449, 10382, 631, 716, 94, 67, 0.9387803673744202, -1, 1.0
449, 10378, 760, 702, 126, 92, 0.7308432459831238, -1, 1.0
449, 10006, 1217, 699, 356, 158, 0.6859568357467651, -1, 1.0
450, 10382, 631, 715, 94, 67, 0.9388960599899292, -1, 1.0
450, 10378, 760, 702, 126, 92, 0.7322830557823181, -1, 1.0
450, 10006, 1217, 699, 356, 158, 0.6842244267463684, -1, 1.0
451, 10382, 631, 717, 94, 67, 0.9391756653785706, -1, 1.0
451, 10378, 760, 703, 126, 91, 0.7286966443061829, -1, 1.0
451, 10006, 1217, 699, 356, 158, 0.6884676218032837, -1, 1.0
452, 10382, 631, 717, 94, 66, 0.939544439315796, -1, 1.0
452, 10378, 760, 703, 126, 91, 0.7237045764923096, -1, 1.0
452, 10006, 1217, 699, 356, 158, 0.6758732199668884, -1, 1.0
453, 10382, 631, 718, 94, 66, 0.939608633518219, -1, 1.0
453, 10378, 760, 703, 126, 91, 0.7299343347549438, -1, 1.0
453, 10006, 1217, 699, 356, 158, 0.6741145849227905, -1, 1.0
454, 10382, 631, 718, 94, 66, 0.9394076466560364, -1, 1.0
454, 10378, 760, 703, 126, 91, 0.7247493267059326, -1, 1.0
454, 10006, 1217, 699, 356, 158, 0.6810712814331055, -1, 1.0
455, 10382, 631, 718, 94, 65, 0.9393113255500792, -1, 1.0
455, 10378, 760, 703, 126, 91, 0.7173495888710022, -1, 1.0
455, 10006, 1217, 699, 356, 158, 0.6889276504516602, -1, 1.0
456, 10382, 631, 718, 94, 65, 0.9394164085388184, -1, 1.0
456, 10378, 760, 704, 125, 90, 0.7141828536987305, -1, 1.0
456, 10006, 1217, 699, 356, 158, 0.6917576789855957, -1, 1.0
457, 10382, 631, 718, 94, 66, 0.9383963942527772, -1, 1.0
457, 10378, 760, 704, 125, 90, 0.7130817174911499, -1, 1.0
457, 10006, 1217, 699, 356, 158, 0.6937713027000427, -1, 1.0
458, 10382, 631, 717, 95, 66, 0.938288390636444, -1, 1.0
458, 10378, 760, 704, 125, 90, 0.7095203995704651, -1, 1.0
458, 10006, 1217, 699, 356, 158, 0.6961351037025452, -1, 1.0
459, 10382, 631, 717, 95, 66, 0.9383031129837036, -1, 1.0
459, 10378, 760, 704, 125, 90, 0.7081006169319153, -1, 1.0
459, 10006, 1217, 699, 356, 158, 0.6981409788131714, -1, 1.0
460, 10382, 630, 717, 95, 66, 0.9382420182228088, -1, 1.0
460, 10378, 760, 704, 125, 90, 0.6965467929840088, -1, 1.0
460, 10006, 1217, 699, 356, 158, 0.6933121681213379, -1, 1.0
461, 10382, 631, 717, 95, 66, 0.9382085204124452, -1, 1.0
461, 10378, 760, 704, 125, 90, 0.7060994505882263, -1, 1.0
461, 10006, 1217, 699, 356, 158, 0.6949104070663452, -1, 1.0
462, 10382, 631, 717, 95, 66, 0.9378902912139891, -1, 1.0
462, 10378, 760, 704, 125, 89, 0.6984473466873169, -1, 1.0
462, 10006, 1217, 699, 356, 158, 0.6941866874694824, -1, 1.0
463, 10382, 630, 717, 96, 66, 0.9377482533454896, -1, 1.0
463, 10378, 760, 704, 125, 90, 0.6916434168815613, -1, 1.0
463, 10006, 1217, 699, 356, 158, 0.6905843615531921, -1, 1.0
464, 10382, 630, 717, 96, 66, 0.9377954006195068, -1, 1.0
464, 10378, 760, 703, 125, 90, 0.6895726919174194, -1, 1.0
464, 10006, 1217, 699, 356, 158, 0.6880034804344177, -1, 1.0
465, 10382, 630, 717, 96, 66, 0.9378218054771424, -1, 1.0
465, 10378, 760, 703, 125, 90, 0.6946964263916016, -1, 1.0
465, 10006, 1217, 699, 356, 158, 0.690992534160614, -1, 1.0
466, 10382, 630, 718, 96, 66, 0.9379789233207704, -1, 1.0
466, 10378, 760, 703, 125, 90, 0.706391453742981, -1, 1.0
466, 10006, 1217, 699, 356, 158, 0.6938225626945496, -1, 1.0
467, 10382, 630, 718, 96, 66, 0.9377686977386476, -1, 1.0
467, 10378, 760, 703, 125, 90, 0.7021257281303406, -1, 1.0
467, 10006, 1217, 699, 356, 158, 0.6935848593711853, -1, 1.0
468, 10382, 630, 717, 96, 66, 0.9376651048660278, -1, 1.0
468, 10378, 760, 703, 125, 90, 0.7028024196624756, -1, 1.0
468, 10006, 1217, 699, 356, 158, 0.6876115798950195, -1, 1.0
469, 10382, 630, 717, 96, 66, 0.9382893443107604, -1, 1.0
469, 10378, 760, 703, 125, 90, 0.7143934369087219, -1, 1.0
469, 10006, 1217, 699, 356, 158, 0.6651740074157715, -1, 1.0
470, 10382, 630, 718, 96, 66, 0.9381409883499146, -1, 1.0
470, 10378, 760, 703, 125, 90, 0.7131585478782654, -1, 1.0
470, 10006, 1217, 699, 356, 158, 0.6637076735496521, -1, 1.0
471, 10382, 630, 718, 96, 66, 0.9378774166107178, -1, 1.0
471, 10378, 760, 703, 125, 90, 0.709568977355957, -1, 1.0
471, 10006, 1217, 699, 356, 158, 0.6644287109375, -1, 1.0
472, 10382, 630, 718, 96, 66, 0.9378766417503356, -1, 1.0
472, 10378, 760, 703, 125, 90, 0.7079892754554749, -1, 1.0
472, 10006, 1217, 699, 356, 158, 0.6610840559005737, -1, 1.0
473, 10382, 630, 717, 96, 66, 0.9378063082695008, -1, 1.0
473, 10378, 760, 703, 125, 90, 0.7035031318664551, -1, 1.0
473, 10006, 1217, 699, 356, 158, 0.6624452471733093, -1, 1.0
