1, 10036, 194, 595, 172, 90, 0.9085486531257628, -1, 1.0
2, 10036, 192, 595, 173, 90, 0.9033800959587096, -1, 1.0
3, 10036, 193, 595, 172, 90, 0.9018729329109192, -1, 1.0
4, 10036, 193, 595, 172, 90, 0.900642991065979, -1, 1.0
5, 10036, 193, 595, 172, 90, 0.8993760347366333, -1, 1.0
6, 10036, 193, 594, 171, 90, 0.8996885418891907, -1, 1.0
7, 10036, 193, 594, 171, 90, 0.9004999995231628, -1, 1.0
8, 10036, 193, 594, 171, 90, 0.901165783405304, -1, 1.0
9, 10036, 193, 594, 171, 90, 0.9012179374694824, -1, 1.0
10, 10036, 193, 595, 171, 90, 0.900921106338501, -1, 1.0
11, 10036, 192, 595, 172, 90, 0.9025373458862304, -1, 1.0
12, 10036, 192, 595, 173, 90, 0.903811514377594, -1, 1.0
13, 10036, 193, 594, 172, 90, 0.8959508538246155, -1, 1.0
14, 10036, 193, 595, 172, 90, 0.8966674208641052, -1, 1.0
15, 10036, 193, 595, 172, 90, 0.8976049423217773, -1, 1.0
16, 10036, 193, 595, 172, 90, 0.8951378464698792, -1, 1.0
17, 10036, 193, 594, 172, 90, 0.8955612182617188, -1, 1.0
18, 10036, 193, 594, 172, 90, 0.8924900889396667, -1, 1.0
19, 10036, 193, 594, 172, 90, 0.8909321427345276, -1, 1.0
20, 10036, 193, 594, 172, 90, 0.8903101086616516, -1, 1.0
21, 10036, 193, 594, 172, 90, 0.8895973563194275, -1, 1.0
22, 10074, 1346, 207, 236, 278, 0.9324454069137572, -1, 1.0
22, 10036, 192, 595, 172, 90, 0.8919127583503723, -1, 1.0
23, 10074, 1296, 206, 282, 285, 0.9185112714767456, -1, 1.0
23, 10036, 191, 595, 173, 90, 0.8921270370483398, -1, 1.0
24, 10074, 1239, 211, 333, 284, 0.8968996405601501, -1, 1.0
24, 10036, 190, 595, 173, 90, 0.8939653635025024, -1, 1.0
25, 10074, 1177, 214, 386, 282, 0.8989253640174866, -1, 1.0
25, 10036, 190, 595, 174, 90, 0.878210723400116, -1, 1.0
26, 10074, 1118, 237, 390, 265, 0.9074275493621826, -1, 1.0
26, 10036, 190, 595, 174, 90, 0.8975088000297546, -1, 1.0
27, 10074, 1062, 253, 381, 252, 0.9013992547988892, -1, 1.0
27, 10036, 190, 595, 174, 90, 0.8921977281570435, -1, 1.0
28, 10074, 1015, 269, 365, 238, 0.9243465662002563, -1, 1.0
28, 10036, 190, 595, 174, 91, 0.8967783451080322, -1, 1.0
29, 10082, 465, 519, 99, 63, 0.9409867525100708, -1, 1.0
29, 10074, 972, 288, 345, 222, 0.8950821757316589, -1, 1.0
29, 10036, 190, 595, 174, 91, 0.5765381455421448, -1, 1.0
30, 10082, 482, 520, 90, 62, 0.9431830644607544, -1, 1.0
30, 10074, 936, 302, 323, 209, 0.8920589089393616, -1, 1.0
30, 10036, 190, 594, 174, 91, 0.6389010548591614, -1, 1.0
31, 10082, 494, 521, 85, 61, 0.9466117024421692, -1, 1.0
31, 10074, 906, 314, 302, 198, 0.8896151185035706, -1, 1.0
31, 10036, 190, 595, 174, 90, 0.6004871129989624, -1, 1.0
32, 10082, 502, 522, 83, 61, 0.9282562136650084, -1, 1.0
32, 10074, 879, 324, 281, 186, 0.899420976638794, -1, 1.0
32, 10036, 190, 595, 175, 91, 0.8140565752983093, -1, 1.0
33, 10082, 509, 523, 82, 63, 0.9026215076446532, -1, 1.0
33, 10074, 856, 334, 261, 176, 0.8992567658424377, -1, 1.0
33, 10036, 190, 595, 175, 91, 0.854356586933136, -1, 1.0
34, 10082, 515, 523, 83, 65, 0.8998607397079468, -1, 1.0
34, 10074, 829, 343, 248, 166, 0.8555213809013367, -1, 1.0
34, 10036, 190, 595, 175, 91, 0.8529990315437317, -1, 1.0
35, 10082, 521, 523, 84, 67, 0.8997151255607605, -1, 1.0
35, 10074, 808, 352, 230, 157, 0.8128049373626709, -1, 1.0
35, 10036, 190, 595, 175, 91, 0.7225990891456604, -1, 1.0
36, 10082, 526, 524, 86, 69, 0.8993054628372192, -1, 1.0
36, 10074, 791, 360, 215, 149, 0.8551188111305237, -1, 1.0
36, 10036, 190, 595, 175, 91, 0.8303163647651672, -1, 1.0
37, 10082, 532, 523, 88, 73, 0.9015467166900636, -1, 1.0
37, 10074, 773, 369, 200, 140, 0.850456178188324, -1, 1.0
37, 10036, 190, 595, 175, 91, 0.8252442479133606, -1, 1.0
38, 10082, 538, 525, 92, 74, 0.929003894329071, -1, 1.0
38, 10074, 759, 378, 186, 132, 0.9015944600105286, -1, 1.0
38, 10036, 190, 595, 175, 92, 0.830447793006897, -1, 1.0
39, 10082, 544, 525, 94, 77, 0.9162027835845948, -1, 1.0
39, 10074, 746, 384, 172, 125, 0.9020731449127196, -1, 1.0
39, 10036, 190, 595, 175, 92, 0.7832850813865662, -1, 1.0
40, 10082, 549, 524, 99, 80, 0.9009605050086976, -1, 1.0
40, 10074, 733, 391, 161, 118, 0.8864204287528992, -1, 1.0
40, 10036, 190, 594, 175, 92, 0.8089172840118408, -1, 1.0
41, 10082, 555, 523, 104, 85, 0.9013368487358092, -1, 1.0
41, 10074, 720, 400, 150, 110, 0.8608984351158142, -1, 1.0
41, 10036, 190, 594, 175, 92, 0.8566226363182068, -1, 1.0
42, 10082, 562, 523, 109, 89, 0.8998398780822754, -1, 1.0
42, 10074, 707, 406, 140, 103, 0.864611804485321, -1, 1.0
42, 10036, 189, 594, 175, 92, 0.8479331731796265, -1, 1.0
43, 10082, 570, 524, 114, 93, 0.9003985524177551, -1, 1.0
43, 10074, 697, 411, 129, 97, 0.8978798985481262, -1, 1.0
43, 10036, 189, 594, 175, 92, 0.8934342861175537, -1, 1.0
44, 10082, 577, 525, 119, 97, 0.900589644908905, -1, 1.0
44, 10074, 688, 415, 122, 93, 0.8997430801391602, -1, 1.0
44, 10036, 189, 594, 176, 92, 0.8516456484794617, -1, 1.0
45, 10082, 585, 525, 124, 102, 0.8953251242637634, -1, 1.0
45, 10074, 676, 420, 115, 89, 0.8833086490631104, -1, 1.0
45, 10036, 190, 594, 175, 92, 0.8627201914787292, -1, 1.0
46, 10082, 593, 526, 131, 107, 0.9006281495094299, -1, 1.0
46, 10074, 668, 424, 107, 83, 0.8792423605918884, -1, 1.0
46, 10036, 190, 595, 175, 91, 0.8584384918212891, -1, 1.0
47, 10082, 604, 526, 137, 113, 0.9062430262565612, -1, 1.0
47, 10074, 659, 428, 100, 78, 0.8665371537208557, -1, 1.0
47, 10036, 190, 595, 175, 91, 0.7129612565040588, -1, 1.0
48, 10082, 615, 528, 145, 118, 0.90609210729599, -1, 1.0
48, 10074, 653, 433, 93, 74, 0.9041792750358582, -1, 1.0
48, 10036, 191, 595, 175, 91, 0.8198606967926025, -1, 1.0
49, 10082, 626, 532, 153, 123, 0.9300383925437928, -1, 1.0
49, 10074, 642, 436, 89, 72, 0.9053012132644652, -1, 1.0
49, 10036, 192, 594, 175, 92, 0.8757597208023071, -1, 1.0
50, 10082, 641, 534, 162, 130, 0.9078342318534852, -1, 1.0
50, 10074, 636, 439, 84, 69, 0.9033711552619934, -1, 1.0
50, 10036, 193, 594, 175, 92, 0.8733486533164978, -1, 1.0
51, 10082, 654, 534, 172, 136, 0.925533413887024, -1, 1.0
51, 10074, 628, 440, 79, 67, 0.9090054631233216, -1, 1.0
51, 10036, 193, 594, 175, 92, 0.7798200249671936, -1, 1.0
52, 10082, 670, 537, 183, 144, 0.936959743499756, -1, 1.0
52, 10074, 621, 444, 74, 64, 0.8979669809341431, -1, 1.0
52, 10036, 194, 594, 175, 92, 0.7320212721824646, -1, 1.0
53, 10082, 687, 537, 195, 153, 0.8998915553092957, -1, 1.0
53, 10074, 616, 451, 68, 59, 0.8471893668174744, -1, 1.0
53, 10036, 194, 593, 176, 92, 0.6000370383262634, -1, 1.0
54, 10101, 517, 529, 78, 62, 0.9264322519302368, -1, 1.0
54, 10082, 705, 540, 208, 164, 0.9080018997192384, -1, 1.0
54, 10074, 611, 454, 65, 56, 0.7954912781715393, -1, 1.0
54, 10036, 196, 592, 176, 91, 0.7323295474052429, -1, 1.0
55, 10101, 522, 531, 81, 63, 0.9029784202575684, -1, 1.0
55, 10082, 727, 543, 224, 177, 0.8657436370849609, -1, 1.0
55, 10074, 603, 456, 62, 53, 0.818957507610321, -1, 1.0
55, 10036, 196, 591, 178, 92, 0.6676552891731262, -1, 1.0
56, 10101, 531, 532, 83, 64, 0.909607708454132, -1, 1.0
56, 10082, 753, 548, 244, 190, 0.899313747882843, -1, 1.0
56, 10074, 596, 458, 59, 51, 0.7494891881942749, -1, 1.0
56, 10036, 199, 590, 178, 93, 0.6937789916992188, -1, 1.0
57, 10101, 537, 532, 87, 68, 0.9098692536354064, -1, 1.0
57, 10082, 781, 555, 269, 206, 0.9060301780700684, -1, 1.0
57, 10074, 591, 459, 56, 49, 0.8162768483161926, -1, 1.0
57, 10036, 208, 589, 177, 94, 0.7565445303916931, -1, 1.0
58, 10101, 545, 532, 91, 70, 0.9091604351997375, -1, 1.0
58, 10082, 815, 563, 298, 226, 0.8222430944442749, -1, 1.0
58, 10074, 586, 461, 52, 46, 0.7818593978881836, -1, 1.0
58, 10036, 212, 589, 178, 95, 0.7601985931396484, -1, 1.0
59, 10101, 554, 531, 95, 72, 0.9107273817062378, -1, 1.0
59, 10082, 857, 572, 332, 249, 0.7797715663909912, -1, 1.0
59, 10074, 581, 463, 51, 45, 0.740466296672821, -1, 1.0
59, 10036, 213, 588, 181, 96, 0.7357169389724731, -1, 1.0
60, 10101, 564, 531, 100, 75, 0.8937526941299438, -1, 1.0
60, 10082, 913, 582, 377, 277, 0.8133525848388672, -1, 1.0
60, 10074, 576, 466, 48, 42, 0.6777746677398682, -1, 1.0
60, 10036, 217, 587, 184, 97, 0.6614962816238403, -1, 1.0
61, 10101, 573, 529, 105, 79, 0.8447657823562622, -1, 1.0
61, 10074, 573, 469, 44, 40, 0.7755143046379089, -1, 1.0
61, 10036, 235, 584, 177, 97, 0.5622902512550354, -1, 1.0
62, 10101, 583, 527, 111, 83, 0.8770209550857544, -1, 1.0
62, 10074, 571, 474, 40, 36, 0.829752504825592, -1, 1.0
62, 10036, 243, 582, 177, 99, 0.5533493757247925, -1, 1.0
63, 10101, 597, 528, 116, 86, 0.8925530314445496, -1, 1.0
63, 10036, 254, 581, 174, 101, 0.8139156103134155, -1, 1.0
64, 10101, 611, 530, 122, 89, 0.8659003376960754, -1, 1.0
64, 10036, 260, 579, 176, 103, 0.831034779548645, -1, 1.0
65, 10101, 626, 529, 130, 96, 0.8973488211631775, -1, 1.0
65, 10036, 268, 576, 177, 105, 0.8484023809432983, -1, 1.0
66, 10101, 644, 528, 138, 101, 0.8916084170341492, -1, 1.0
66, 10036, 275, 573, 178, 108, 0.865807056427002, -1, 1.0
67, 10101, 664, 527, 147, 106, 0.9253556132316588, -1, 1.0
67, 10036, 281, 570, 182, 110, 0.8975248336791992, -1, 1.0
68, 10101, 685, 526, 157, 113, 0.9130880236625672, -1, 1.0
68, 10036, 289, 566, 183, 111, 0.9046523571014404, -1, 1.0
69, 10101, 709, 526, 170, 120, 0.9280608296394348, -1, 1.0
69, 10036, 306, 564, 181, 110, 0.877680778503418, -1, 1.0
70, 10101, 735, 525, 184, 127, 0.938823938369751, -1, 1.0
70, 10036, 318, 563, 180, 111, 0.8967747092247009, -1, 1.0
71, 10101, 766, 524, 200, 136, 0.9312726855278016, -1, 1.0
71, 10036, 326, 560, 181, 111, 0.8760746121406555, -1, 1.0
72, 10101, 803, 524, 218, 144, 0.9228338599205016, -1, 1.0
72, 10036, 344, 558, 178, 112, 0.8465175628662109, -1, 1.0
73, 10101, 842, 523, 241, 153, 0.9416826367378236, -1, 1.0
73, 10036, 356, 553, 177, 113, 0.9086920619010924, -1, 1.0
74, 10101, 888, 522, 268, 166, 0.9177966117858888, -1, 1.0
74, 10036, 366, 548, 179, 114, 0.9002059698104858, -1, 1.0
75, 10101, 944, 521, 300, 177, 0.9116292595863342, -1, 1.0
75, 10036, 377, 543, 180, 114, 0.8492104411125183, -1, 1.0
76, 10101, 1016, 521, 338, 194, 0.8784988522529602, -1, 1.0
76, 10036, 390, 540, 181, 116, 0.8648790717124939, -1, 1.0
77, 10101, 1096, 522, 389, 210, 0.8929535150527954, -1, 1.0
77, 10036, 407, 536, 180, 116, 0.8819419145584106, -1, 1.0
78, 10101, 1166, 518, 403, 225, 0.8747960925102234, -1, 1.0
78, 10036, 418, 535, 182, 120, 0.8668559193611145, -1, 1.0
79, 10101, 1236, 522, 363, 233, 0.8797879815101624, -1, 1.0
79, 10036, 430, 531, 184, 122, 0.8602908849716187, -1, 1.0
80, 10101, 1328, 532, 271, 237, 0.895577073097229, -1, 1.0
80, 10036, 441, 528, 187, 125, 0.7339189648628235, -1, 1.0
81, 10036, 455, 524, 189, 130, 0.8998851776123047, -1, 1.0
82, 10036, 466, 520, 193, 135, 0.8912426233291626, -1, 1.0
83, 10036, 479, 517, 196, 139, 0.8773074746131897, -1, 1.0
84, 10036, 494, 512, 199, 141, 0.914330780506134, -1, 1.0
85, 10036, 509, 509, 203, 145, 0.8729389309883118, -1, 1.0
86, 10036, 521, 506, 208, 147, 0.91122305393219, -1, 1.0
87, 10036, 539, 503, 212, 151, 0.81731778383255, -1, 1.0
88, 10036, 556, 499, 216, 155, 0.8928646445274353, -1, 1.0
89, 10036, 575, 496, 221, 159, 0.8995986580848694, -1, 1.0
90, 10036, 592, 492, 227, 163, 0.8996410965919495, -1, 1.0
91, 10036, 609, 488, 234, 167, 0.8996297121047974, -1, 1.0
92, 10036, 628, 484, 244, 172, 0.92094224691391, -1, 1.0
93, 10137, 1349, 302, 230, 181, 0.9318976402282716, -1, 1.0
93, 10036, 649, 480, 255, 178, 0.914958655834198, -1, 1.0
94, 10137, 1294, 303, 279, 183, 0.9334359765052797, -1, 1.0
94, 10036, 670, 475, 270, 187, 0.912173628807068, -1, 1.0
95, 10137, 1226, 311, 290, 177, 0.9284916520118712, -1, 1.0
95, 10036, 693, 472, 287, 195, 0.8945255279541016, -1, 1.0
96, 10137, 1166, 327, 283, 165, 0.9229101538658142, -1, 1.0
96, 10036, 720, 471, 305, 203, 0.8427488803863525, -1, 1.0
97, 10137, 1114, 339, 271, 155, 0.9497749209403992, -1, 1.0
97, 10036, 751, 466, 326, 217, 0.9066234827041626, -1, 1.0
98, 10137, 1067, 348, 257, 147, 0.9334708452224731, -1, 1.0
98, 10036, 784, 461, 351, 230, 0.8852784037590027, -1, 1.0
99, 10137, 1037, 357, 234, 137, 0.82567298412323, -1, 1.0
99, 10036, 836, 454, 374, 244, 0.7495146989822388, -1, 1.0
100, 10036, 896, 456, 396, 255, 0.8492587804794312, -1, 1.0
101, 10036, 982, 453, 413, 273, 0.5788760185241699, -1, 1.0
102, 10036, 1128, 453, 405, 289, 0.6050050258636475, -1, 1.0
103, 10137, 887, 401, 153, 100, 0.8749929070472717, -1, 1.0
104, 10137, 869, 404, 145, 96, 0.8695625066757202, -1, 1.0
105, 10137, 849, 410, 136, 90, 0.8421087861061096, -1, 1.0
106, 10137, 832, 415, 129, 86, 0.8080376386642456, -1, 1.0
107, 10137, 813, 419, 123, 83, 0.8195690512657166, -1, 1.0
108, 10137, 791, 420, 121, 81, 0.7086819410324097, -1, 1.0
109, 10137, 776, 426, 115, 77, 0.6926129460334778, -1, 1.0
110, 10137, 764, 433, 107, 72, 0.8399951457977295, -1, 1.0
111, 10137, 752, 437, 101, 68, 0.8088372349739075, -1, 1.0
112, 10137, 741, 441, 95, 64, 0.759658932685852, -1, 1.0
113, 10137, 729, 445, 89, 60, 0.8460636138916016, -1, 1.0
114, 10137, 719, 449, 82, 56, 0.860970675945282, -1, 1.0
115, 10137, 708, 450, 78, 54, 0.7774249315261841, -1, 1.0
116, 10137, 698, 453, 74, 52, 0.806213915348053, -1, 1.0
117, 10137, 688, 456, 70, 50, 0.83440762758255, -1, 1.0
118, 10137, 679, 459, 66, 47, 0.7831655740737915, -1, 1.0
119, 10137, 671, 460, 62, 45, 0.8201712965965271, -1, 1.0
120, 10137, 661, 461, 60, 45, 0.5813336968421936, -1, 1.0
121, 10137, 654, 462, 57, 44, 0.807171106338501, -1, 1.0
122, 10137, 647, 468, 53, 40, 0.8052223920822144, -1, 1.0
123, 10137, 641, 470, 51, 38, 0.8046743869781494, -1, 1.0
124, 10137, 633, 472, 47, 35, 0.6211516261100769, -1, 1.0
125, 10137, 626, 472, 46, 35, 0.7791125178337097, -1, 1.0
126, 10137, 620, 474, 45, 34, 0.7825592756271362, -1, 1.0
127, 10137, 614, 476, 42, 31, 0.7940325736999512, -1, 1.0
128, 10137, 609, 478, 39, 29, 0.7312115430831909, -1, 1.0
129, 10137, 605, 480, 37, 28, 0.7500197887420654, -1, 1.0
130, 10171, 485, 520, 70, 61, 0.7474462985992432, -1, 1.0
131, 10171, 488, 520, 70, 62, 0.7023071050643921, -1, 1.0
132, 10171, 491, 522, 72, 62, 0.7006422281265259, -1, 1.0
133, 10176, 575, 473, 56, 46, 0.7475154995918274, -1, 1.0
133, 10171, 495, 523, 73, 63, 0.6555618643760681, -1, 1.0
134, 10176, 564, 474, 60, 46, 0.8449342846870422, -1, 1.0
134, 10171, 499, 522, 75, 64, 0.612280547618866, -1, 1.0
135, 10176, 565, 475, 56, 45, 0.8150317072868347, -1, 1.0
135, 10171, 501, 523, 78, 67, 0.6089211106300354, -1, 1.0
136, 10171, 504, 524, 82, 71, 0.7734420895576477, -1, 1.0
137, 10171, 507, 526, 85, 73, 0.800110936164856, -1, 1.0
138, 10171, 520, 530, 91, 80, 0.5355839729309082, -1, 1.0
139, 10171, 525, 537, 93, 79, 0.6326135993003845, -1, 1.0
140, 10171, 530, 536, 97, 83, 0.6494258642196655, -1, 1.0
141, 10171, 553, 541, 122, 103, 0.8472391366958618, -1, 1.0
142, 10171, 560, 543, 127, 108, 0.8787485957145691, -1, 1.0
143, 10171, 569, 544, 133, 113, 0.857012152671814, -1, 1.0
144, 10171, 577, 546, 140, 118, 0.8700177669525146, -1, 1.0
145, 10171, 585, 547, 147, 124, 0.9143109321594238, -1, 1.0
146, 10171, 597, 551, 155, 130, 0.9142849445343018, -1, 1.0
147, 10171, 608, 552, 164, 138, 0.9291150569915771, -1, 1.0
148, 10171, 620, 557, 174, 145, 0.906317174434662, -1, 1.0
149, 10171, 632, 561, 186, 153, 0.8840051889419556, -1, 1.0
150, 10171, 649, 566, 199, 163, 0.9273890852928162, -1, 1.0
151, 10171, 667, 571, 218, 174, 0.8250855803489685, -1, 1.0
152, 10171, 690, 577, 237, 187, 0.917036235332489, -1, 1.0
153, 10171, 713, 583, 262, 204, 0.8581402897834778, -1, 1.0
154, 10171, 744, 590, 288, 220, 0.9086359739303588, -1, 1.0
155, 10171, 781, 600, 321, 240, 0.7664816379547119, -1, 1.0
156, 10171, 828, 613, 359, 265, 0.7263283729553223, -1, 1.0
157, 10171, 888, 629, 412, 297, 0.5605303645133972, -1, 1.0
159, 10204, 1297, 324, 269, 157, 0.9232553839683532, -1, 1.0
160, 10204, 1227, 335, 275, 148, 0.9332623481750488, -1, 1.0
161, 10204, 1165, 348, 269, 138, 0.9286550283432008, -1, 1.0
162, 10204, 1110, 360, 255, 129, 0.918252170085907, -1, 1.0
163, 10204, 1064, 370, 238, 120, 0.9278324246406556, -1, 1.0
164, 10204, 1022, 379, 223, 113, 0.9376652836799622, -1, 1.0
165, 10204, 986, 388, 206, 106, 0.928821623325348, -1, 1.0
166, 10204, 954, 395, 191, 100, 0.8906822800636292, -1, 1.0
167, 10204, 923, 404, 178, 93, 0.8331004977226257, -1, 1.0
168, 10204, 896, 410, 165, 87, 0.849933385848999, -1, 1.0
169, 10204, 873, 417, 152, 82, 0.8308636546134949, -1, 1.0
170, 10204, 850, 423, 141, 77, 0.8356337547302246, -1, 1.0
171, 10204, 831, 429, 131, 73, 0.8456111550331116, -1, 1.0
172, 10204, 812, 432, 123, 70, 0.8518396019935608, -1, 1.0
173, 10204, 793, 435, 114, 66, 0.8514258861541748, -1, 1.0
174, 10204, 775, 439, 108, 64, 0.8576985001564026, -1, 1.0
175, 10204, 761, 444, 101, 61, 0.8694770932197571, -1, 1.0
176, 10204, 746, 448, 95, 57, 0.8410857915878296, -1, 1.0
177, 10204, 734, 452, 88, 54, 0.7881194353103638, -1, 1.0
178, 10204, 721, 456, 82, 51, 0.7610718011856079, -1, 1.0
179, 10204, 709, 456, 78, 50, 0.7550240159034729, -1, 1.0
180, 10204, 697, 459, 75, 48, 0.6837577223777771, -1, 1.0
181, 10204, 686, 464, 69, 45, 0.7735713720321655, -1, 1.0
182, 10204, 676, 467, 65, 42, 0.7256913185119629, -1, 1.0
183, 10204, 668, 470, 61, 39, 0.7377575039863586, -1, 1.0
184, 10204, 659, 472, 58, 37, 0.8186867237091064, -1, 1.0
185, 10204, 651, 475, 53, 35, 0.6854822635650635, -1, 1.0
186, 10204, 643, 475, 52, 35, 0.6793931126594543, -1, 1.0
187, 10204, 634, 474, 50, 35, 0.680421769618988, -1, 1.0
188, 10204, 628, 476, 47, 33, 0.7159494757652283, -1, 1.0
189, 10204, 622, 478, 44, 32, 0.640318751335144, -1, 1.0
190, 10204, 615, 479, 42, 31, 0.6756985187530518, -1, 1.0
191, 10204, 592, 476, 48, 37, 0.5352141857147217, -1, 1.0
192, 10234, 1290, 364, 293, 201, 0.9086597561836244, -1, 1.0
193, 10234, 1235, 366, 340, 201, 0.9018937945365906, -1, 1.0
194, 10234, 1169, 374, 352, 192, 0.9252223372459412, -1, 1.0
195, 10234, 1110, 385, 342, 178, 0.9174837470054626, -1, 1.0
196, 10237, 473, 508, 77, 71, 0.926610231399536, -1, 1.0
196, 10234, 1060, 394, 326, 166, 0.7745866775512695, -1, 1.0
197, 10237, 480, 509, 77, 70, 0.9439301490783693, -1, 1.0
197, 10234, 1017, 403, 307, 156, 0.7352337837219238, -1, 1.0
198, 10237, 484, 510, 78, 71, 0.9489180445671082, -1, 1.0
198, 10234, 979, 411, 286, 145, 0.7434776425361633, -1, 1.0
199, 10237, 490, 512, 79, 71, 0.9438731074333192, -1, 1.0
199, 10234, 948, 418, 265, 136, 0.8188331127166748, -1, 1.0
200, 10237, 495, 513, 81, 71, 0.9358759522438048, -1, 1.0
200, 10234, 922, 425, 244, 127, 0.8329915404319763, -1, 1.0
201, 10237, 497, 514, 85, 72, 0.9153806567192078, -1, 1.0
201, 10234, 897, 431, 225, 119, 0.8249555230140686, -1, 1.0
202, 10237, 503, 514, 87, 74, 0.9302868843078612, -1, 1.0
202, 10234, 872, 437, 209, 112, 0.8899582624435425, -1, 1.0
203, 10237, 510, 515, 89, 75, 0.945459485054016, -1, 1.0
203, 10234, 851, 441, 193, 106, 0.7833060026168823, -1, 1.0
204, 10237, 517, 518, 93, 78, 0.9275201559066772, -1, 1.0
204, 10234, 831, 446, 180, 100, 0.7227701544761658, -1, 1.0
205, 10237, 522, 519, 96, 80, 0.942601442337036, -1, 1.0
205, 10234, 815, 450, 165, 95, 0.8108600378036499, -1, 1.0
206, 10237, 528, 516, 101, 84, 0.8815680146217346, -1, 1.0
206, 10234, 798, 455, 154, 89, 0.7615513801574707, -1, 1.0
207, 10237, 535, 515, 107, 88, 0.830516517162323, -1, 1.0
207, 10234, 782, 460, 144, 83, 0.7994635701179504, -1, 1.0
208, 10237, 541, 514, 112, 93, 0.8385002613067627, -1, 1.0
208, 10234, 766, 464, 134, 79, 0.7906572818756104, -1, 1.0
209, 10237, 550, 516, 116, 96, 0.8734866976737976, -1, 1.0
209, 10234, 751, 467, 126, 75, 0.7781642079353333, -1, 1.0
210, 10237, 558, 515, 123, 101, 0.9015131592750548, -1, 1.0
210, 10234, 737, 470, 119, 71, 0.8796271085739136, -1, 1.0
211, 10237, 568, 517, 129, 105, 0.8822959661483765, -1, 1.0
211, 10234, 722, 474, 114, 69, 0.7797141671180725, -1, 1.0
212, 10237, 578, 519, 136, 109, 0.8465938568115234, -1, 1.0
212, 10234, 704, 476, 111, 66, 0.80046546459198, -1, 1.0
213, 10237, 590, 521, 144, 114, 0.8249583840370178, -1, 1.0
213, 10234, 692, 479, 105, 62, 0.814583420753479, -1, 1.0
214, 10237, 608, 516, 155, 124, 0.8078973293304443, -1, 1.0
214, 10234, 690, 484, 92, 56, 0.5810796618461609, -1, 1.0
215, 10237, 619, 512, 164, 135, 0.8775646686553955, -1, 1.0
215, 10234, 674, 486, 85, 49, 0.8436269760131836, -1, 1.0
216, 10237, 634, 507, 176, 147, 0.911060631275177, -1, 1.0
217, 10255, 1329, 323, 252, 150, 0.935819447040558, -1, 1.0
217, 10237, 637, 506, 197, 160, 0.8644238710403442, -1, 1.0
218, 10255, 1282, 330, 289, 146, 0.9221155643463136, -1, 1.0
218, 10237, 670, 517, 204, 168, 0.861504077911377, -1, 1.0
219, 10255, 1224, 339, 295, 139, 0.94777512550354, -1, 1.0
219, 10237, 692, 524, 222, 180, 0.688347339630127, -1, 1.0
220, 10259, 560, 502, 117, 67, 0.9335598945617676, -1, 1.0
220, 10255, 1175, 350, 288, 131, 0.9046977162361144, -1, 1.0
220, 10237, 726, 529, 238, 190, 0.7354364395141602, -1, 1.0
221, 10259, 541, 507, 116, 67, 0.9276449680328368, -1, 1.0
221, 10255, 1133, 358, 276, 125, 0.8873303532600403, -1, 1.0
221, 10237, 762, 536, 260, 207, 0.7753584980964661, -1, 1.0
222, 10259, 523, 512, 114, 66, 0.926319420337677, -1, 1.0
222, 10255, 1092, 364, 263, 120, 0.9140361547470092, -1, 1.0
222, 10237, 808, 540, 289, 228, 0.7914901971817017, -1, 1.0
223, 10259, 501, 517, 116, 67, 0.9380936622619628, -1, 1.0
223, 10255, 1055, 371, 249, 114, 0.90146803855896, -1, 1.0
223, 10237, 844, 547, 334, 256, 0.7731141448020935, -1, 1.0
224, 10259, 478, 521, 118, 69, 0.9101198315620422, -1, 1.0
224, 10255, 1024, 380, 234, 108, 0.7287592887878418, -1, 1.0
224, 10237, 918, 556, 377, 286, 0.7283062934875488, -1, 1.0
225, 10259, 455, 525, 120, 71, 0.911784827709198, -1, 1.0
225, 10255, 995, 385, 220, 103, 0.8002322316169739, -1, 1.0
225, 10237, 1031, 568, 425, 322, 0.6156833171844482, -1, 1.0
226, 10259, 436, 533, 118, 71, 0.9151526093482972, -1, 1.0
226, 10255, 968, 391, 206, 99, 0.7943109273910522, -1, 1.0
227, 10259, 416, 538, 118, 73, 0.8367782235145569, -1, 1.0
227, 10255, 942, 399, 192, 94, 0.6757098436355591, -1, 1.0
228, 10259, 395, 545, 116, 74, 0.8354331851005554, -1, 1.0
228, 10255, 921, 405, 180, 89, 0.5752484202384949, -1, 1.0
229, 10255, 900, 411, 169, 85, 0.8686781525611877, -1, 1.0
230, 10255, 880, 414, 159, 81, 0.7875778079032898, -1, 1.0
231, 10255, 860, 421, 150, 76, 0.7095742225646973, -1, 1.0
232, 10255, 843, 427, 142, 72, 0.7541152834892273, -1, 1.0
233, 10255, 825, 430, 136, 70, 0.7753702402114868, -1, 1.0
234, 10255, 810, 432, 130, 68, 0.8365771174430847, -1, 1.0
235, 10255, 794, 432, 124, 67, 0.8042333126068115, -1, 1.0
236, 10255, 781, 436, 117, 65, 0.7611600756645203, -1, 1.0
237, 10255, 767, 441, 110, 62, 0.870963990688324, -1, 1.0
238, 10255, 756, 445, 104, 59, 0.8290429711341858, -1, 1.0
239, 10255, 744, 447, 99, 58, 0.8199505805969238, -1, 1.0
240, 10255, 733, 451, 94, 55, 0.8189577460289001, -1, 1.0
241, 10255, 722, 453, 89, 53, 0.8341663479804993, -1, 1.0
242, 10255, 712, 454, 85, 51, 0.7918912172317505, -1, 1.0
243, 10255, 702, 456, 83, 51, 0.6693519949913025, -1, 1.0
244, 10255, 691, 456, 80, 51, 0.7639282941818237, -1, 1.0
245, 10255, 682, 461, 76, 48, 0.857194185256958, -1, 1.0
246, 10255, 674, 465, 71, 45, 0.8217587471008301, -1, 1.0
247, 10255, 666, 468, 67, 43, 0.7503059506416321, -1, 1.0
248, 10255, 658, 471, 64, 41, 0.8101895451545715, -1, 1.0
249, 10255, 651, 473, 61, 39, 0.741252064704895, -1, 1.0
250, 10255, 643, 473, 59, 38, 0.7540811896324158, -1, 1.0
251, 10255, 636, 475, 57, 37, 0.7509257197380066, -1, 1.0
252, 10255, 630, 473, 55, 38, 0.6835567355155945, -1, 1.0
253, 10255, 624, 474, 54, 37, 0.608963131904602, -1, 1.0
254, 10255, 618, 476, 52, 35, 0.722017765045166, -1, 1.0
255, 10285, 508, 528, 66, 51, 0.7332176566123962, -1, 1.0
255, 10255, 613, 477, 49, 34, 0.5911731719970703, -1, 1.0
256, 10285, 513, 527, 70, 54, 0.7922106981277466, -1, 1.0
257, 10285, 519, 528, 72, 55, 0.7687097787857056, -1, 1.0
258, 10285, 525, 529, 74, 56, 0.6881586909294128, -1, 1.0
259, 10285, 532, 528, 78, 59, 0.8628407716751099, -1, 1.0
260, 10285, 539, 529, 81, 61, 0.7408919334411621, -1, 1.0
261, 10285, 547, 530, 84, 64, 0.8188509345054626, -1, 1.0
262, 10285, 555, 529, 88, 66, 0.8565293550491333, -1, 1.0
263, 10285, 565, 528, 92, 69, 0.8148738741874695, -1, 1.0
264, 10285, 575, 529, 96, 71, 0.8663343191146851, -1, 1.0
265, 10285, 586, 529, 99, 73, 0.8046286702156067, -1, 1.0
266, 10285, 597, 529, 104, 77, 0.8159465193748474, -1, 1.0
267, 10285, 609, 528, 110, 80, 0.8937392234802246, -1, 1.0
268, 10285, 623, 527, 116, 84, 0.9016194939613342, -1, 1.0
269, 10285, 638, 526, 123, 89, 0.8702364563941956, -1, 1.0
270, 10285, 654, 524, 131, 94, 0.9193076491355896, -1, 1.0
271, 10285, 672, 524, 139, 100, 0.9353353977203368, -1, 1.0
272, 10285, 693, 524, 148, 105, 0.926657497882843, -1, 1.0
273, 10285, 715, 524, 159, 111, 0.9361655712127686, -1, 1.0
274, 10285, 740, 523, 171, 118, 0.91713148355484, -1, 1.0
275, 10285, 770, 524, 185, 124, 0.9420167207717896, -1, 1.0
276, 10285, 804, 524, 200, 132, 0.9404950141906738, -1, 1.0
277, 10285, 841, 524, 220, 141, 0.9089688658714294, -1, 1.0
278, 10285, 884, 523, 243, 152, 0.9476414918899536, -1, 1.0
279, 10285, 932, 523, 273, 164, 0.8903718590736389, -1, 1.0
280, 10285, 990, 522, 307, 179, 0.9051547646522522, -1, 1.0
281, 10285, 1063, 523, 347, 196, 0.9002168774604797, -1, 1.0
282, 10285, 1136, 523, 391, 216, 0.7491196393966675, -1, 1.0
283, 10285, 1202, 521, 393, 230, 0.919026494026184, -1, 1.0
284, 10285, 1277, 524, 322, 236, 0.7052212357521057, -1, 1.0
285, 10303, 1310, 364, 275, 192, 0.8884613513946533, -1, 1.0
286, 10303, 1254, 358, 325, 198, 0.9311100840568542, -1, 1.0
287, 10303, 1202, 363, 360, 195, 0.8871563673019409, -1, 1.0
288, 10303, 1144, 376, 368, 184, 0.8277338147163391, -1, 1.0
289, 10303, 1092, 383, 361, 175, 0.8151040077209473, -1, 1.0
290, 10303, 1048, 389, 345, 166, 0.935322880744934, -1, 1.0
291, 10303, 1009, 397, 325, 157, 0.8774683475494385, -1, 1.0
292, 10303, 977, 406, 304, 147, 0.8661218285560608, -1, 1.0
293, 10315, 1177, 326, 282, 150, 0.9394909739494324, -1, 1.0
293, 10303, 951, 414, 283, 138, 0.9043217301368712, -1, 1.0
294, 10315, 1131, 335, 265, 142, 0.9155979752540588, -1, 1.0
294, 10303, 930, 421, 263, 129, 0.912067711353302, -1, 1.0
295, 10315, 1091, 345, 247, 133, 0.9144408106803894, -1, 1.0
295, 10303, 909, 428, 246, 121, 0.8978835344314575, -1, 1.0
296, 10315, 1052, 355, 228, 126, 0.8944475054740906, -1, 1.0
296, 10303, 889, 432, 229, 114, 0.8879963159561157, -1, 1.0
297, 10315, 1021, 361, 208, 119, 0.8637526631355286, -1, 1.0
297, 10303, 871, 436, 214, 109, 0.834069013595581, -1, 1.0
298, 10315, 1007, 371, 178, 109, 0.8366022109985352, -1, 1.0
298, 10303, 856, 438, 201, 104, 0.7217981219291687, -1, 1.0
299, 10303, 815, 447, 171, 94, 0.7610129714012146, -1, 1.0
300, 10303, 803, 450, 162, 91, 0.6932012438774109, -1, 1.0
301, 10323, 68, 672, 117, 67, 0.8481354117393494, -1, 1.0
301, 10303, 795, 448, 160, 92, 0.6488603949546814, -1, 1.0
302, 10324, 495, 523, 64, 54, 0.8721765279769897, -1, 1.0
302, 10303, 787, 432, 165, 100, 0.6280713081359863, -1, 1.0
303, 10324, 499, 525, 63, 53, 0.8877696394920349, -1, 1.0
303, 10303, 776, 427, 162, 105, 0.6896119117736816, -1, 1.0
304, 10324, 504, 525, 64, 53, 0.8318544030189514, -1, 1.0
304, 10303, 762, 434, 154, 103, 0.7301842570304871, -1, 1.0
305, 10324, 507, 525, 67, 54, 0.909208118915558, -1, 1.0
305, 10303, 753, 437, 146, 100, 0.8008254170417786, -1, 1.0
306, 10324, 510, 525, 69, 56, 0.8810359239578247, -1, 1.0
306, 10303, 744, 437, 140, 100, 0.7516371011734009, -1, 1.0
307, 10324, 515, 525, 72, 57, 0.8801383972167969, -1, 1.0
307, 10303, 736, 444, 134, 96, 0.8231685757637024, -1, 1.0
308, 10324, 521, 526, 73, 58, 0.8833725452423096, -1, 1.0
308, 10303, 728, 446, 130, 95, 0.8476446270942688, -1, 1.0
309, 10324, 525, 526, 77, 61, 0.8472533822059631, -1, 1.0
309, 10303, 720, 451, 127, 92, 0.7972187399864197, -1, 1.0
310, 10324, 531, 528, 80, 64, 0.8046578764915466, -1, 1.0
310, 10303, 711, 453, 126, 89, 0.8031196594238281, -1, 1.0
311, 10324, 537, 528, 84, 67, 0.8347159624099731, -1, 1.0
311, 10303, 701, 449, 127, 91, 0.8164750337600708, -1, 1.0
312, 10324, 544, 529, 87, 69, 0.8163958191871643, -1, 1.0
312, 10303, 691, 447, 128, 92, 0.7717138528823853, -1, 1.0
313, 10324, 553, 529, 92, 72, 0.9221583604812622, -1, 1.0
313, 10303, 689, 449, 126, 91, 0.8369160294532776, -1, 1.0
314, 10332, 698, 471, 122, 73, 0.8075119256973267, -1, 1.0
314, 10324, 560, 528, 95, 74, 0.7072599530220032, -1, 1.0
314, 10303, 671, 448, 124, 85, 0.5703819394111633, -1, 1.0
315, 10332, 692, 469, 121, 75, 0.8445413708686829, -1, 1.0
315, 10324, 570, 527, 100, 76, 0.8177449703216553, -1, 1.0
315, 10303, 649, 448, 109, 79, 0.5410746932029724, -1, 1.0
316, 10332, 688, 468, 120, 76, 0.8138942718505859, -1, 1.0
316, 10324, 581, 528, 105, 79, 0.7952567338943481, -1, 1.0
316, 10303, 646, 452, 110, 75, 0.5886656045913696, -1, 1.0
317, 10335, 1158, 357, 261, 125, 0.923564314842224, -1, 1.0
317, 10332, 682, 468, 121, 76, 0.8382710814476013, -1, 1.0
317, 10324, 593, 529, 111, 83, 0.7522607445716858, -1, 1.0
317, 10303, 632, 456, 96, 67, 0.5500584244728088, -1, 1.0
318, 10335, 1111, 368, 248, 118, 0.9338582754135132, -1, 1.0
318, 10332, 679, 471, 118, 73, 0.8047178387641907, -1, 1.0
318, 10324, 604, 529, 117, 86, 0.7563180327415466, -1, 1.0
318, 10303, 626, 461, 86, 60, 0.6716324687004089, -1, 1.0
319, 10335, 1071, 377, 232, 111, 0.8998717665672302, -1, 1.0
319, 10332, 684, 472, 112, 71, 0.7761265635490417, -1, 1.0
319, 10324, 618, 530, 123, 89, 0.6688054800033569, -1, 1.0
319, 10303, 617, 463, 76, 54, 0.6444729566574097, -1, 1.0
320, 10335, 1034, 384, 217, 105, 0.9190214276313782, -1, 1.0
320, 10332, 679, 470, 111, 68, 0.8848724961280823, -1, 1.0
320, 10324, 632, 531, 131, 92, 0.7315194010734558, -1, 1.0
320, 10303, 613, 466, 68, 49, 0.5755050778388977, -1, 1.0
321, 10335, 1001, 391, 204, 98, 0.9185370802879332, -1, 1.0
321, 10339, 644, 464, 138, 70, 0.914079487323761, -1, 1.0
321, 10332, 673, 470, 110, 65, 0.7828868627548218, -1, 1.0
321, 10324, 649, 530, 139, 97, 0.6094814538955688, -1, 1.0
321, 10303, 610, 469, 60, 44, 0.5086594223976135, -1, 1.0
322, 10335, 972, 398, 188, 93, 0.896760106086731, -1, 1.0
322, 10332, 671, 474, 110, 66, 0.8966686725616455, -1, 1.0
322, 10324, 669, 529, 148, 103, 0.6752185225486755, -1, 1.0
322, 10303, 606, 473, 51, 38, 0.600677490234375, -1, 1.0
323, 10335, 946, 406, 172, 88, 0.8738322854042053, -1, 1.0
323, 10332, 670, 476, 109, 68, 0.8522889614105225, -1, 1.0
323, 10324, 688, 529, 159, 108, 0.6731339693069458, -1, 1.0
324, 10335, 921, 411, 160, 83, 0.8930789232254028, -1, 1.0
324, 10332, 668, 477, 109, 69, 0.8171444535255432, -1, 1.0
324, 10324, 711, 528, 171, 115, 0.7441774010658264, -1, 1.0
325, 10335, 898, 418, 148, 77, 0.9122711420059204, -1, 1.0
325, 10332, 666, 478, 107, 69, 0.7958362102508545, -1, 1.0
325, 10324, 737, 527, 186, 123, 0.7646741271018982, -1, 1.0
325, 10323, 227, 628, 124, 55, 0.6347787976264954, -1, 1.0
326, 10335, 877, 424, 138, 71, 0.9456357359886168, -1, 1.0
326, 10332, 666, 478, 105, 68, 0.7962117791175842, -1, 1.0
326, 10324, 769, 526, 201, 131, 0.7419531345367432, -1, 1.0
326, 10323, 229, 629, 126, 54, 0.6016204357147217, -1, 1.0
327, 10335, 857, 429, 128, 67, 0.9450569152832032, -1, 1.0
327, 10332, 665, 480, 104, 67, 0.7762570381164551, -1, 1.0
327, 10324, 805, 526, 220, 139, 0.7754671573638916, -1, 1.0
327, 10323, 230, 630, 127, 53, 0.5915729403495789, -1, 1.0
328, 10335, 839, 434, 119, 63, 0.9465057849884032, -1, 1.0
328, 10332, 664, 482, 102, 65, 0.8698049783706665, -1, 1.0
328, 10324, 846, 525, 243, 149, 0.7696167826652527, -1, 1.0
328, 10323, 232, 629, 128, 53, 0.6459121704101562, -1, 1.0
329, 10335, 822, 439, 112, 60, 0.938784658908844, -1, 1.0
329, 10332, 664, 481, 101, 65, 0.8620156645774841, -1, 1.0
329, 10324, 893, 523, 270, 162, 0.7842162847518921, -1, 1.0
329, 10323, 232, 629, 130, 54, 0.6060962080955505, -1, 1.0
330, 10335, 806, 441, 104, 59, 0.9387903213500975, -1, 1.0
330, 10332, 662, 482, 100, 64, 0.8184579610824585, -1, 1.0
330, 10324, 949, 522, 303, 176, 0.7734451293945312, -1, 1.0
330, 10323, 234, 628, 131, 55, 0.6611973643302917, -1, 1.0
331, 10335, 790, 444, 98, 56, 0.9407406449317932, -1, 1.0
331, 10332, 661, 482, 101, 64, 0.8481191992759705, -1, 1.0
331, 10324, 1018, 522, 343, 192, 0.8309785723686218, -1, 1.0
331, 10323, 234, 626, 132, 56, 0.5811436176300049, -1, 1.0
332, 10335, 775, 447, 92, 54, 0.8556632995605469, -1, 1.0
332, 10332, 659, 483, 101, 64, 0.810945451259613, -1, 1.0
332, 10324, 1097, 521, 400, 214, 0.8074478507041931, -1, 1.0
332, 10323, 235, 625, 132, 57, 0.601092517375946, -1, 1.0
333, 10335, 764, 452, 85, 50, 0.9314191937446594, -1, 1.0
333, 10332, 659, 483, 102, 64, 0.8160908222198486, -1, 1.0
333, 10324, 1171, 523, 410, 233, 0.7529559135437012, -1, 1.0
333, 10323, 236, 624, 133, 58, 0.6159312725067139, -1, 1.0
334, 10335, 752, 455, 79, 46, 0.7545644044876099, -1, 1.0
334, 10332, 656, 483, 101, 63, 0.7518653273582458, -1, 1.0
334, 10324, 1240, 529, 359, 238, 0.6797345876693726, -1, 1.0
334, 10323, 238, 624, 133, 59, 0.5577406287193298, -1, 1.0
335, 10335, 739, 459, 74, 44, 0.7543059587478638, -1, 1.0
335, 10332, 655, 478, 102, 67, 0.6781242489814758, -1, 1.0
335, 10324, 1335, 535, 264, 241, 0.5679818987846375, -1, 1.0
335, 10323, 239, 623, 133, 60, 0.5466049909591675, -1, 1.0
336, 10335, 684, 465, 93, 58, 0.7654073238372803, -1, 1.0
336, 10332, 656, 475, 103, 70, 0.6611822247505188, -1, 1.0
337, 10335, 661, 470, 97, 64, 0.7283191680908203, -1, 1.0
337, 10332, 656, 477, 103, 70, 0.6812436580657959, -1, 1.0
338, 10332, 659, 470, 110, 74, 0.784698486328125, -1, 1.0
339, 10332, 656, 469, 110, 76, 0.838035523891449, -1, 1.0
340, 10332, 655, 469, 108, 77, 0.8698012232780457, -1, 1.0
341, 10332, 654, 469, 106, 78, 0.89459228515625, -1, 1.0
342, 10332, 653, 469, 105, 78, 0.852141797542572, -1, 1.0
343, 10332, 651, 469, 105, 78, 0.8232226967811584, -1, 1.0
344, 10332, 649, 469, 106, 78, 0.7483861446380615, -1, 1.0
345, 10332, 647, 473, 106, 76, 0.7833717465400696, -1, 1.0
346, 10332, 645, 475, 107, 74, 0.8212989568710327, -1, 1.0
347, 10332, 648, 476, 106, 73, 0.7120710611343384, -1, 1.0
348, 10332, 651, 479, 104, 70, 0.7189313769340515, -1, 1.0
349, 10332, 652, 480, 103, 69, 0.7296835780143738, -1, 1.0
350, 10332, 652, 480, 103, 68, 0.7657082080841064, -1, 1.0
351, 10355, 1111, 338, 228, 144, 0.9263826608657836, -1, 1.0
351, 10332, 651, 479, 103, 68, 0.7652534246444702, -1, 1.0
352, 10355, 1076, 347, 212, 135, 0.9261006116867064, -1, 1.0
352, 10332, 651, 481, 103, 68, 0.8095764517784119, -1, 1.0
353, 10355, 1041, 356, 199, 128, 0.9027331471443176, -1, 1.0
353, 10332, 652, 483, 102, 66, 0.8165479898452759, -1, 1.0
354, 10355, 1010, 356, 189, 126, 0.8527014255523682, -1, 1.0
354, 10332, 653, 484, 101, 65, 0.5320504903793335, -1, 1.0
355, 10355, 984, 365, 176, 119, 0.8531067371368408, -1, 1.0
355, 10332, 654, 484, 101, 64, 0.6500530242919922, -1, 1.0
356, 10355, 960, 375, 164, 111, 0.8403462171554565, -1, 1.0
356, 10332, 654, 484, 101, 64, 0.7306312322616577, -1, 1.0
357, 10355, 935, 383, 154, 104, 0.8141965866088867, -1, 1.0
357, 10332, 654, 484, 100, 63, 0.5580506324768066, -1, 1.0
358, 10355, 915, 389, 144, 99, 0.8063123822212219, -1, 1.0
358, 10332, 655, 485, 100, 63, 0.6957504749298096, -1, 1.0
359, 10355, 896, 395, 135, 94, 0.8073152899742126, -1, 1.0
359, 10332, 655, 485, 99, 63, 0.7927077412605286, -1, 1.0
360, 10355, 877, 399, 129, 90, 0.7954073548316956, -1, 1.0
360, 10332, 656, 485, 99, 62, 0.684496283531189, -1, 1.0
361, 10355, 859, 407, 120, 84, 0.8203412890434265, -1, 1.0
361, 10332, 655, 485, 99, 63, 0.7936272025108337, -1, 1.0
362, 10355, 843, 413, 113, 79, 0.8060845136642456, -1, 1.0
362, 10332, 655, 485, 99, 63, 0.7902860045433044, -1, 1.0
363, 10355, 825, 417, 107, 75, 0.8457807898521423, -1, 1.0
363, 10332, 655, 485, 99, 63, 0.8156213164329529, -1, 1.0
364, 10355, 811, 421, 101, 71, 0.7941327095031738, -1, 1.0
364, 10332, 655, 485, 99, 63, 0.7912900447845459, -1, 1.0
365, 10355, 794, 427, 97, 66, 0.7898415923118591, -1, 1.0
365, 10332, 655, 485, 99, 63, 0.5199490785598755, -1, 1.0
366, 10355, 781, 432, 92, 62, 0.7923434376716614, -1, 1.0
366, 10332, 655, 485, 99, 63, 0.7449588775634766, -1, 1.0
367, 10355, 769, 436, 85, 57, 0.7809982299804688, -1, 1.0
367, 10332, 655, 484, 99, 63, 0.7451528906822205, -1, 1.0
368, 10355, 760, 440, 77, 53, 0.7362924814224243, -1, 1.0
368, 10332, 655, 482, 100, 64, 0.7117262482643127, -1, 1.0
369, 10355, 751, 444, 70, 49, 0.756613552570343, -1, 1.0
369, 10332, 654, 481, 99, 65, 0.7436733841896057, -1, 1.0
370, 10355, 738, 448, 65, 45, 0.6529684066772461, -1, 1.0
370, 10332, 655, 483, 99, 64, 0.6449059247970581, -1, 1.0
371, 10355, 725, 452, 61, 41, 0.7132869362831116, -1, 1.0
371, 10332, 656, 480, 100, 66, 0.6072558760643005, -1, 1.0
372, 10355, 718, 453, 56, 37, 0.720386266708374, -1, 1.0
372, 10332, 655, 480, 99, 66, 0.6763826012611389, -1, 1.0
373, 10355, 711, 456, 48, 32, 0.7603862881660461, -1, 1.0
373, 10332, 655, 481, 101, 67, 0.5835998058319092, -1, 1.0
375, 10362, 653, 468, 100, 80, 0.8665847778320312, -1, 1.0
376, 10362, 652, 473, 97, 76, 0.7884528040885925, -1, 1.0
377, 10362, 651, 471, 97, 76, 0.6949997544288635, -1, 1.0
378, 10362, 649, 474, 98, 74, 0.6056931614875793, -1, 1.0
379, 10362, 650, 479, 97, 70, 0.7093539834022522, -1, 1.0
380, 10362, 653, 482, 95, 67, 0.6717879176139832, -1, 1.0
381, 10362, 656, 484, 92, 63, 0.6484139561653137, -1, 1.0
382, 10362, 660, 484, 89, 61, 0.6936699748039246, -1, 1.0
382, 10332, 614, 464, 71, 54, 0.6175773739814758, -1, 1.0
383, 10362, 657, 485, 90, 61, 0.7632296085357666, -1, 1.0
383, 10332, 608, 466, 67, 52, 0.5882663130760193, -1, 1.0
384, 10362, 655, 483, 92, 62, 0.7842459678649902, -1, 1.0
384, 10332, 601, 467, 67, 51, 0.5303882360458374, -1, 1.0
385, 10366, 477, 519, 75, 64, 0.8198016285896301, -1, 1.0
385, 10362, 652, 484, 93, 61, 0.7653438448905945, -1, 1.0
386, 10366, 478, 520, 77, 65, 0.8362007737159729, -1, 1.0
386, 10362, 651, 484, 94, 62, 0.8352099061012268, -1, 1.0
387, 10366, 481, 521, 79, 65, 0.8640637397766113, -1, 1.0
387, 10362, 650, 485, 94, 62, 0.8301514983177185, -1, 1.0
388, 10366, 486, 524, 80, 64, 0.8665211200714111, -1, 1.0
388, 10362, 650, 486, 93, 61, 0.8559948801994324, -1, 1.0
389, 10366, 490, 524, 82, 65, 0.8813168406486511, -1, 1.0
389, 10362, 648, 486, 93, 62, 0.8615155816078186, -1, 1.0
390, 10366, 493, 521, 85, 69, 0.8496213555335999, -1, 1.0
390, 10362, 646, 486, 94, 62, 0.8474183678627014, -1, 1.0
391, 10366, 496, 521, 88, 71, 0.8827569484710693, -1, 1.0
391, 10362, 645, 486, 93, 62, 0.8284887671470642, -1, 1.0
392, 10366, 499, 521, 92, 73, 0.8489318490028381, -1, 1.0
392, 10362, 643, 486, 93, 62, 0.8093311190605164, -1, 1.0
393, 10366, 503, 524, 94, 73, 0.8721602559089661, -1, 1.0
393, 10362, 641, 486, 94, 62, 0.8441452980041504, -1, 1.0
394, 10366, 507, 525, 98, 74, 0.8219195604324341, -1, 1.0
394, 10362, 638, 485, 94, 62, 0.8196098208427429, -1, 1.0
395, 10366, 511, 521, 103, 78, 0.7769413590431213, -1, 1.0
395, 10362, 636, 486, 94, 62, 0.7766173481941223, -1, 1.0
396, 10366, 519, 521, 106, 81, 0.7761881947517395, -1, 1.0
396, 10362, 632, 486, 94, 61, 0.7433704137802124, -1, 1.0
397, 10372, 280, 612, 135, 65, 0.7748681306838989, -1, 1.0
397, 10366, 525, 524, 108, 82, 0.6700341701507568, -1, 1.0
397, 10362, 630, 488, 93, 59, 0.6454048156738281, -1, 1.0
398, 10372, 285, 612, 136, 65, 0.7912697196006775, -1, 1.0
398, 10366, 530, 524, 113, 84, 0.6018230319023132, -1, 1.0
398, 10362, 626, 490, 92, 57, 0.563651442527771, -1, 1.0
399, 10372, 292, 607, 137, 66, 0.8050753474235535, -1, 1.0
399, 10366, 536, 522, 118, 87, 0.7394371032714844, -1, 1.0
399, 10362, 623, 490, 91, 56, 0.7234590649604797, -1, 1.0
400, 10372, 300, 600, 138, 69, 0.7942284941673279, -1, 1.0
400, 10366, 554, 521, 116, 89, 0.746463418006897, -1, 1.0
400, 10362, 621, 490, 90, 54, 0.7217671275138855, -1, 1.0
401, 10372, 309, 600, 138, 69, 0.7284850478172302, -1, 1.0
401, 10366, 563, 526, 120, 90, 0.6957112550735474, -1, 1.0
401, 10362, 620, 489, 87, 52, 0.65065598487854, -1, 1.0
402, 10375, 1349, 357, 234, 193, 0.9158312678337096, -1, 1.0
402, 10372, 317, 598, 138, 70, 0.7919560670852661, -1, 1.0
402, 10366, 564, 517, 130, 98, 0.5691564679145813, -1, 1.0
402, 10362, 603, 490, 93, 49, 0.559582531452179, -1, 1.0
403, 10375, 1302, 352, 277, 201, 0.9069672226905824, -1, 1.0
403, 10372, 324, 594, 138, 72, 0.7882399559020996, -1, 1.0
403, 10366, 569, 511, 138, 105, 0.6713643074035645, -1, 1.0
403, 10362, 590, 490, 98, 48, 0.506321370601654, -1, 1.0
404, 10375, 1261, 356, 316, 198, 0.926602065563202, -1, 1.0
404, 10372, 333, 592, 139, 73, 0.8926645517349243, -1, 1.0
404, 10366, 578, 506, 146, 112, 0.6639503240585327, -1, 1.0
405, 10375, 1215, 364, 342, 190, 0.9248865246772766, -1, 1.0
405, 10372, 344, 592, 138, 72, 0.8373259902000427, -1, 1.0
405, 10366, 580, 506, 159, 116, 0.706454336643219, -1, 1.0
406, 10375, 1167, 373, 347, 183, 0.8896759748458862, -1, 1.0
406, 10372, 354, 588, 137, 71, 0.7772712111473083, -1, 1.0
406, 10366, 590, 508, 170, 119, 0.6260440349578857, -1, 1.0
407, 10375, 1123, 381, 343, 175, 0.8982503414154053, -1, 1.0
407, 10372, 366, 586, 137, 70, 0.879834771156311, -1, 1.0
407, 10366, 609, 507, 176, 122, 0.5083224177360535, -1, 1.0
408, 10375, 1085, 387, 332, 166, 0.9215883016586304, -1, 1.0
408, 10372, 376, 582, 136, 71, 0.8859882950782776, -1, 1.0
408, 10366, 624, 507, 185, 127, 0.556950032711029, -1, 1.0
409, 10375, 1054, 393, 317, 158, 0.9378974437713624, -1, 1.0
409, 10372, 386, 580, 136, 70, 0.9005936980247498, -1, 1.0
409, 10366, 641, 507, 193, 132, 0.6957291960716248, -1, 1.0
409, 10362, 534, 501, 110, 60, 0.5379782915115356, -1, 1.0
410, 10375, 1025, 398, 302, 151, 0.9378274083137512, -1, 1.0
410, 10372, 396, 574, 138, 71, 0.9331047534942628, -1, 1.0
410, 10366, 658, 506, 203, 137, 0.6827464699745178, -1, 1.0
410, 10362, 523, 505, 110, 59, 0.6502708196640015, -1, 1.0
411, 10375, 999, 404, 286, 143, 0.9319191575050354, -1, 1.0
411, 10372, 407, 573, 138, 71, 0.9217740893363952, -1, 1.0
411, 10366, 677, 504, 215, 142, 0.5896011590957642, -1, 1.0
411, 10362, 511, 510, 110, 60, 0.5324649214744568, -1, 1.0
412, 10375, 976, 409, 272, 135, 0.9542197585105896, -1, 1.0
412, 10372, 417, 568, 139, 71, 0.939282476902008, -1, 1.0
412, 10366, 696, 502, 228, 150, 0.5570825338363647, -1, 1.0
412, 10362, 499, 512, 112, 60, 0.5418962240219116, -1, 1.0
413, 10375, 955, 415, 257, 128, 0.9420758485794068, -1, 1.0
413, 10372, 430, 559, 142, 76, 0.9339118003845216, -1, 1.0
413, 10366, 719, 499, 242, 156, 0.7350873351097107, -1, 1.0
413, 10362, 490, 517, 109, 57, 0.6298355460166931, -1, 1.0
414, 10375, 933, 420, 245, 121, 0.9148984551429749, -1, 1.0
414, 10372, 439, 542, 145, 86, 0.9015873074531556, -1, 1.0
414, 10366, 741, 497, 259, 163, 0.819494903087616, -1, 1.0
415, 10375, 926, 423, 226, 113, 0.9050939679145812, -1, 1.0
415, 10372, 448, 541, 143, 90, 0.8335692286491394, -1, 1.0
415, 10366, 766, 495, 280, 172, 0.8125065565109253, -1, 1.0
416, 10372, 450, 537, 146, 94, 0.7927548885345459, -1, 1.0
416, 10366, 795, 488, 301, 184, 0.5492760539054871, -1, 1.0
417, 10372, 467, 542, 144, 92, 0.8211334943771362, -1, 1.0
418, 10372, 480, 544, 141, 89, 0.7607489824295044, -1, 1.0
419, 10372, 481, 544, 147, 87, 0.7206421494483948, -1, 1.0
419, 10362, 404, 548, 126, 66, 0.6890458464622498, -1, 1.0
420, 10372, 500, 544, 143, 87, 0.9074867367744446, -1, 1.0
420, 10362, 386, 551, 122, 67, 0.7522065043449402, -1, 1.0
421, 10375, 833, 443, 173, 96, 0.8812931180000305, -1, 1.0
421, 10372, 514, 543, 141, 86, 0.8162505626678467, -1, 1.0
421, 10362, 369, 559, 120, 67, 0.6697086691856384, -1, 1.0
422, 10375, 822, 445, 163, 92, 0.8555411100387573, -1, 1.0
422, 10372, 527, 542, 140, 86, 0.6187226176261902, -1, 1.0
423, 10375, 811, 450, 154, 88, 0.8399041295051575, -1, 1.0
423, 10372, 537, 541, 139, 86, 0.5810112357139587, -1, 1.0
424, 10375, 800, 453, 148, 84, 0.8188508152961731, -1, 1.0
424, 10372, 548, 541, 140, 86, 0.7857678532600403, -1, 1.0
425, 10375, 787, 456, 142, 81, 0.874752938747406, -1, 1.0
425, 10372, 560, 540, 140, 87, 0.7687267661094666, -1, 1.0
426, 10375, 775, 458, 136, 78, 0.8763357400894165, -1, 1.0
426, 10372, 573, 539, 140, 88, 0.8360735177993774, -1, 1.0
427, 10375, 764, 460, 132, 77, 0.8603562712669373, -1, 1.0
427, 10372, 584, 538, 142, 89, 0.7361347675323486, -1, 1.0
428, 10375, 751, 463, 128, 74, 0.8153506517410278, -1, 1.0
428, 10372, 596, 537, 146, 92, 0.8141120672225952, -1, 1.0
429, 10375, 741, 467, 124, 71, 0.8471672534942627, -1, 1.0
429, 10372, 609, 537, 149, 93, 0.8437954783439636, -1, 1.0
430, 10375, 730, 468, 120, 69, 0.8905290961265564, -1, 1.0
430, 10372, 622, 534, 152, 96, 0.8163249492645264, -1, 1.0
431, 10375, 719, 472, 115, 65, 0.7325291037559509, -1, 1.0
431, 10372, 636, 532, 158, 99, 0.624962329864502, -1, 1.0
432, 10375, 705, 474, 114, 63, 0.8029841780662537, -1, 1.0
432, 10372, 651, 532, 164, 102, 0.7754272818565369, -1, 1.0
433, 10381, 321, 604, 136, 67, 0.8858468532562256, -1, 1.0
433, 10375, 692, 476, 112, 62, 0.8085866570472717, -1, 1.0
433, 10372, 666, 529, 170, 106, 0.7532497644424438, -1, 1.0
434, 10381, 329, 604, 134, 67, 0.8807877898216248, -1, 1.0
434, 10375, 682, 480, 110, 64, 0.838784396648407, -1, 1.0
434, 10372, 682, 518, 177, 115, 0.6534461975097656, -1, 1.0
435, 10383, 1096, 367, 233, 114, 0.9239062666893004, -1, 1.0
435, 10381, 342, 603, 130, 67, 0.8880292773246765, -1, 1.0
435, 10375, 670, 483, 108, 63, 0.825804591178894, -1, 1.0
435, 10372, 698, 521, 183, 118, 0.7924804091453552, -1, 1.0
436, 10383, 1056, 376, 220, 109, 0.9292452335357666, -1, 1.0
436, 10381, 351, 600, 127, 68, 0.8886023759841919, -1, 1.0
436, 10375, 657, 485, 107, 62, 0.7871841788291931, -1, 1.0
436, 10372, 718, 523, 191, 121, 0.7626073360443115, -1, 1.0
437, 10383, 1019, 383, 206, 103, 0.9373119473457336, -1, 1.0
437, 10381, 358, 599, 126, 69, 0.9340314269065856, -1, 1.0
437, 10375, 644, 488, 105, 61, 0.8321477174758911, -1, 1.0
437, 10372, 739, 522, 199, 125, 0.7708234786987305, -1, 1.0
438, 10383, 987, 391, 191, 98, 0.937900960445404, -1, 1.0
438, 10381, 368, 598, 124, 70, 0.9305998682975768, -1, 1.0
438, 10375, 630, 491, 103, 59, 0.8014626502990723, -1, 1.0
438, 10372, 763, 522, 209, 130, 0.7947220802307129, -1, 1.0
439, 10383, 958, 398, 177, 92, 0.931292712688446, -1, 1.0
439, 10381, 377, 596, 123, 72, 0.881885826587677, -1, 1.0
439, 10375, 618, 492, 102, 59, 0.8474915623664856, -1, 1.0
439, 10372, 787, 520, 221, 135, 0.8001678586006165, -1, 1.0
440, 10383, 932, 408, 163, 85, 0.9452868700027466, -1, 1.0
440, 10381, 385, 595, 122, 73, 0.861595630645752, -1, 1.0
440, 10375, 605, 496, 101, 57, 0.8583564162254333, -1, 1.0
440, 10372, 815, 521, 234, 140, 0.7507880330085754, -1, 1.0
441, 10383, 907, 413, 152, 80, 0.9273919463157654, -1, 1.0
441, 10381, 393, 595, 120, 74, 0.8542189598083496, -1, 1.0
441, 10375, 590, 499, 100, 57, 0.8503875732421875, -1, 1.0
441, 10372, 845, 519, 249, 145, 0.7757018804550171, -1, 1.0
442, 10383, 884, 419, 140, 75, 0.925666570663452, -1, 1.0
442, 10381, 402, 595, 118, 75, 0.8708484768867493, -1, 1.0
442, 10375, 577, 502, 100, 57, 0.833931028842926, -1, 1.0
442, 10372, 881, 518, 266, 153, 0.7318803668022156, -1, 1.0
443, 10383, 862, 426, 130, 70, 0.9345970153808594, -1, 1.0
443, 10381, 409, 595, 117, 77, 0.9072839617729188, -1, 1.0
443, 10375, 562, 505, 100, 57, 0.7979627847671509, -1, 1.0
443, 10372, 917, 515, 289, 163, 0.7016162276268005, -1, 1.0
444, 10383, 842, 429, 122, 67, 0.933126986026764, -1, 1.0
444, 10381, 415, 594, 117, 79, 0.932500660419464, -1, 1.0
444, 10375, 549, 508, 99, 57, 0.8493328094482422, -1, 1.0
444, 10372, 958, 513, 314, 173, 0.7662017345428467, -1, 1.0
445, 10383, 823, 432, 115, 65, 0.9264834523200988, -1, 1.0
445, 10381, 422, 593, 117, 81, 0.910253643989563, -1, 1.0
445, 10375, 535, 512, 98, 57, 0.796317994594574, -1, 1.0
445, 10372, 1009, 512, 343, 185, 0.664360761642456, -1, 1.0
446, 10383, 806, 435, 107, 63, 0.9116922616958618, -1, 1.0
446, 10381, 429, 596, 117, 81, 0.8860973119735718, -1, 1.0
446, 10375, 521, 516, 98, 58, 0.8115896582603455, -1, 1.0
446, 10372, 1063, 508, 381, 201, 0.691142201423645, -1, 1.0
447, 10383, 787, 437, 103, 62, 0.9098654985427856, -1, 1.0
447, 10381, 436, 598, 118, 82, 0.8868921995162964, -1, 1.0
447, 10375, 506, 520, 98, 57, 0.8389039039611816, -1, 1.0
447, 10372, 1117, 506, 420, 217, 0.6032395958900452, -1, 1.0
448, 10383, 770, 433, 100, 64, 0.9238973259925842, -1, 1.0
448, 10381, 443, 598, 118, 83, 0.8740261197090149, -1, 1.0
448, 10375, 491, 526, 98, 55, 0.8698552250862122, -1, 1.0
448, 10372, 1163, 502, 427, 229, 0.61919105052948, -1, 1.0
449, 10383, 756, 442, 93, 59, 0.8667168021202087, -1, 1.0
449, 10381, 449, 598, 119, 86, 0.8508316874504089, -1, 1.0
449, 10375, 475, 532, 97, 55, 0.8231378197669983, -1, 1.0
449, 10372, 1226, 496, 373, 238, 0.748066246509552, -1, 1.0
450, 10383, 744, 448, 87, 54, 0.9091951251029968, -1, 1.0
450, 10381, 455, 600, 122, 88, 0.8254046440124512, -1, 1.0
450, 10375, 460, 537, 100, 57, 0.8183455467224121, -1, 1.0
450, 10372, 1291, 495, 308, 244, 0.735873818397522, -1, 1.0
451, 10383, 731, 453, 81, 51, 0.8324114680290222, -1, 1.0
451, 10381, 459, 598, 125, 92, 0.8236958384513855, -1, 1.0
451, 10375, 446, 543, 102, 58, 0.5405382513999939, -1, 1.0
452, 10383, 719, 453, 76, 49, 0.74919193983078, -1, 1.0
452, 10381, 466, 599, 126, 95, 0.7272887825965881, -1, 1.0
452, 10375, 428, 548, 101, 58, 0.5532647371292114, -1, 1.0
453, 10383, 709, 455, 73, 48, 0.897696852684021, -1, 1.0
453, 10381, 474, 600, 128, 98, 0.6322178840637207, -1, 1.0
453, 10375, 414, 553, 98, 58, 0.5649376511573792, -1, 1.0
454, 10383, 697, 453, 73, 50, 0.9120553135871888, -1, 1.0
454, 10381, 482, 602, 132, 102, 0.6930977702140808, -1, 1.0
455, 10383, 686, 459, 68, 48, 0.9253661632537842, -1, 1.0
455, 10381, 490, 604, 135, 106, 0.6159693002700806, -1, 1.0
456, 10383, 677, 465, 63, 43, 0.948560893535614, -1, 1.0
456, 10381, 498, 607, 138, 110, 0.736465573310852, -1, 1.0
457, 10383, 669, 470, 58, 39, 0.9315146207809448, -1, 1.0
457, 10381, 505, 609, 142, 114, 0.5505974888801575, -1, 1.0
458, 10383, 660, 474, 54, 36, 0.9338573217391968, -1, 1.0
458, 10381, 514, 611, 147, 118, 0.7916122078895569, -1, 1.0
459, 10381, 522, 613, 153, 122, 0.9312514662742616, -1, 1.0
460, 10381, 533, 616, 160, 127, 0.9316668510437012, -1, 1.0
461, 10383, 629, 473, 58, 40, 0.9232001900672911, -1, 1.0
461, 10381, 544, 619, 169, 132, 0.6335902810096741, -1, 1.0
462, 10383, 620, 472, 62, 43, 0.9313098788261414, -1, 1.0
462, 10381, 556, 623, 177, 140, 0.6836789846420288, -1, 1.0
463, 10383, 612, 473, 63, 44, 0.9078691005706788, -1, 1.0
463, 10381, 568, 627, 187, 146, 0.6859630346298218, -1, 1.0
464, 10383, 605, 472, 63, 45, 0.8863372802734375, -1, 1.0
464, 10381, 580, 632, 197, 155, 0.7567474842071533, -1, 1.0
465, 10383, 598, 472, 62, 45, 0.9020643830299376, -1, 1.0
465, 10381, 598, 638, 208, 164, 0.5863678455352783, -1, 1.0
466, 10383, 592, 472, 62, 46, 0.8968467712402344, -1, 1.0
466, 10381, 618, 643, 224, 174, 0.6085684299468994, -1, 1.0
467, 10381, 639, 650, 240, 185, 0.9062573313713074, -1, 1.0
468, 10381, 661, 658, 261, 198, 0.9112359881401062, -1, 1.0
469, 10381, 689, 667, 287, 214, 0.9054523706436156, -1, 1.0
470, 10381, 722, 680, 318, 235, 0.914647102355957, -1, 1.0
471, 10381, 760, 694, 353, 257, 0.9031517505645752, -1, 1.0
472, 10386, 692, 421, 104, 62, 0.8368282914161682, -1, 1.0
472, 10381, 824, 711, 387, 282, 0.6612319350242615, -1, 1.0
473, 10386, 690, 420, 103, 64, 0.7442282438278198, -1, 1.0
473, 10381, 929, 765, 411, 293, 0.5837895274162292, -1, 1.0
474, 10386, 691, 420, 102, 65, 0.6520758867263794, -1, 1.0
474, 10381, 1100, 817, 420, 314, 0.5973835587501526, -1, 1.0
478, 10387, 567, 477, 62, 41, 0.6685132384300232, -1, 1.0
479, 10387, 565, 478, 60, 41, 0.689460813999176, -1, 1.0
480, 10388, 1361, 319, 219, 150, 0.90565288066864, -1, 1.0
481, 10388, 1322, 323, 256, 147, 0.9166951179504396, -1, 1.0
482, 10388, 1276, 327, 282, 145, 0.909134328365326, -1, 1.0
483, 10388, 1228, 335, 286, 139, 0.913251519203186, -1, 1.0
484, 10388, 1183, 342, 280, 133, 0.940514087677002, -1, 1.0
485, 10388, 1143, 352, 269, 125, 0.9443068504333496, -1, 1.0
486, 10388, 1107, 359, 257, 121, 0.922938585281372, -1, 1.0
487, 10388, 1076, 363, 244, 116, 0.9186074137687684, -1, 1.0
488, 10388, 1047, 367, 232, 113, 0.9055389761924744, -1, 1.0
489, 10388, 1021, 375, 219, 107, 0.9023991823196412, -1, 1.0
490, 10388, 996, 381, 206, 102, 0.8875971436500549, -1, 1.0
491, 10388, 975, 387, 194, 98, 0.9064704179763794, -1, 1.0
492, 10388, 953, 392, 182, 94, 0.8723675012588501, -1, 1.0
493, 10388, 934, 397, 171, 90, 0.8381624221801758, -1, 1.0
494, 10388, 917, 404, 161, 85, 0.8263944983482361, -1, 1.0
495, 10388, 899, 409, 152, 82, 0.8274638056755066, -1, 1.0
496, 10388, 883, 413, 144, 78, 0.829862117767334, -1, 1.0
497, 10388, 867, 415, 139, 76, 0.7886986136436462, -1, 1.0
498, 10388, 852, 417, 131, 73, 0.7941182851791382, -1, 1.0
