1, 10003, 1712, 1179, 222, 122, 0.706790030002594, -1, 1.0
2, 10003, 1712, 1178, 222, 122, 0.7111188173294067, -1, 1.0
3, 10003, 1712, 1178, 222, 122, 0.7113772630691528, -1, 1.0
4, 10003, 1712, 1178, 223, 122, 0.7099382877349854, -1, 1.0
5, 10003, 1712, 1178, 223, 122, 0.7109984159469604, -1, 1.0
6, 10003, 1711, 1178, 223, 122, 0.7099924087524414, -1, 1.0
7, 10003, 1711, 1178, 223, 122, 0.7091320157051086, -1, 1.0
8, 10003, 1711, 1178, 223, 122, 0.7089173197746277, -1, 1.0
9, 10003, 1712, 1179, 222, 122, 0.708999514579773, -1, 1.0
10, 10003, 1712, 1179, 222, 121, 0.7108160257339478, -1, 1.0
11, 10003, 1712, 1179, 222, 121, 0.712412416934967, -1, 1.0
12, 10003, 1712, 1179, 222, 121, 0.714080274105072, -1, 1.0
13, 10003, 1712, 1179, 222, 121, 0.7237392663955688, -1, 1.0
14, 10003, 1712, 1179, 222, 122, 0.7218645811080933, -1, 1.0
15, 10003, 1712, 1179, 222, 122, 0.7240738868713379, -1, 1.0
16, 10003, 1712, 1178, 222, 122, 0.727097749710083, -1, 1.0
17, 10003, 1711, 1178, 223, 122, 0.7240124344825745, -1, 1.0
18, 10003, 1711, 1178, 223, 122, 0.7244824171066284, -1, 1.0
19, 10003, 1711, 1178, 223, 122, 0.7209845781326294, -1, 1.0
20, 10003, 1711, 1178, 223, 122, 0.7188878655433655, -1, 1.0
21, 10003, 1711, 1178, 223, 122, 0.7178851962089539, -1, 1.0
22, 10003, 1711, 1178, 223, 122, 0.7173246741294861, -1, 1.0
23, 10003, 1711, 1178, 223, 122, 0.7176905870437622, -1, 1.0
24, 10003, 1711, 1178, 223, 122, 0.7178566455841064, -1, 1.0
25, 10003, 1711, 1178, 223, 122, 0.7090163826942444, -1, 1.0
26, 10003, 1711, 1179, 223, 122, 0.7090594172477722, -1, 1.0
27, 10003, 1711, 1179, 223, 122, 0.708315908908844, -1, 1.0
28, 10003, 1711, 1179, 223, 122, 0.7096579670906067, -1, 1.0
29, 10003, 1711, 1179, 223, 122, 0.709801971912384, -1, 1.0
30, 10003, 1711, 1179, 223, 122, 0.7098883986473083, -1, 1.0
31, 10003, 1711, 1179, 223, 122, 0.7101155519485474, -1, 1.0
32, 10003, 1711, 1178, 223, 122, 0.7101616263389587, -1, 1.0
33, 10003, 1711, 1178, 223, 122, 0.7110260128974915, -1, 1.0
34, 10003, 1711, 1178, 223, 122, 0.7130904793739319, -1, 1.0
35, 10003, 1711, 1179, 223, 122, 0.713401198387146, -1, 1.0
36, 10003, 1711, 1179, 223, 122, 0.7128954529762268, -1, 1.0
37, 10003, 1711, 1179, 223, 122, 0.7155402898788452, -1, 1.0
38, 10003, 1711, 1179, 223, 122, 0.7167036533355713, -1, 1.0
39, 10003, 1711, 1179, 223, 122, 0.718277633190155, -1, 1.0
40, 10003, 1711, 1178, 223, 122, 0.7167685627937317, -1, 1.0
41, 10003, 1711, 1179, 223, 122, 0.7144136428833008, -1, 1.0
42, 10003, 1711, 1179, 223, 122, 0.715191125869751, -1, 1.0
43, 10003, 1711, 1178, 223, 122, 0.7148460745811462, -1, 1.0
44, 10003, 1711, 1178, 223, 122, 0.7162484526634216, -1, 1.0
45, 10003, 1711, 1178, 223, 122, 0.7161414623260498, -1, 1.0
46, 10003, 1711, 1178, 223, 122, 0.7164362668991089, -1, 1.0
47, 10003, 1711, 1178, 223, 122, 0.7167882323265076, -1, 1.0
48, 10003, 1711, 1178, 223, 122, 0.7160676121711731, -1, 1.0
49, 10003, 1711, 1178, 223, 122, 0.7100523710250854, -1, 1.0
50, 10003, 1711, 1178, 223, 122, 0.7101273536682129, -1, 1.0
51, 10003, 1711, 1178, 223, 122, 0.7087500691413879, -1, 1.0
52, 10003, 1712, 1178, 223, 122, 0.7080735564231873, -1, 1.0
53, 10003, 1712, 1178, 223, 122, 0.7063239812850952, -1, 1.0
54, 10003, 1712, 1178, 223, 122, 0.7058731913566589, -1, 1.0
55, 10003, 1712, 1178, 223, 122, 0.7047889232635498, -1, 1.0
56, 10003, 1712, 1178, 223, 122, 0.7035057544708252, -1, 1.0
57, 10003, 1712, 1178, 223, 122, 0.7044342756271362, -1, 1.0
58, 10003, 1712, 1178, 223, 122, 0.7060485482215881, -1, 1.0
59, 10003, 1712, 1178, 223, 122, 0.706759512424469, -1, 1.0
60, 10003, 1712, 1178, 223, 122, 0.7082509398460388, -1, 1.0
61, 10003, 1712, 1178, 223, 122, 0.70842045545578, -1, 1.0
62, 10003, 1712, 1178, 223, 122, 0.7065532207489014, -1, 1.0
63, 10003, 1712, 1179, 223, 122, 0.7063348889350891, -1, 1.0
64, 10003, 1712, 1179, 223, 122, 0.7057236433029175, -1, 1.0
65, 10003, 1712, 1179, 223, 122, 0.7053020000457764, -1, 1.0
66, 10003, 1712, 1179, 223, 122, 0.7050347328186035, -1, 1.0
67, 10003, 1712, 1179, 223, 122, 0.7059080004692078, -1, 1.0
68, 10003, 1712, 1179, 223, 122, 0.7066583633422852, -1, 1.0
69, 10003, 1712, 1179, 223, 122, 0.7078198194503784, -1, 1.0
70, 10003, 1712, 1179, 223, 122, 0.706686794757843, -1, 1.0
71, 10003, 1711, 1179, 223, 122, 0.7037354111671448, -1, 1.0
72, 10003, 1711, 1179, 223, 122, 0.7013343572616577, -1, 1.0
73, 10003, 1712, 1179, 222, 122, 0.7003138065338135, -1, 1.0
74, 10003, 1712, 1179, 222, 122, 0.6990490555763245, -1, 1.0
75, 10003, 1712, 1179, 222, 122, 0.6982868313789368, -1, 1.0
76, 10003, 1712, 1178, 222, 122, 0.6988105177879333, -1, 1.0
77, 10003, 1712, 1178, 222, 122, 0.701273500919342, -1, 1.0
78, 10003, 1712, 1178, 222, 122, 0.7402526140213013, -1, 1.0
79, 10003, 1712, 1178, 222, 122, 0.7021733522415161, -1, 1.0
80, 10127, 2428, 1342, 129, 100, 0.7025676965713501, -1, 1.0
80, 10003, 1712, 1178, 222, 122, 0.5982626676559448, -1, 1.0
81, 10127, 2418, 1344, 137, 98, 0.704254686832428, -1, 1.0
81, 10003, 1712, 1178, 222, 122, 0.558664858341217, -1, 1.0
82, 10127, 2406, 1346, 146, 96, 0.7041600346565247, -1, 1.0
82, 10003, 1713, 1179, 222, 122, 0.5929493308067322, -1, 1.0
83, 10003, 1713, 1179, 222, 122, 0.7080292701721191, -1, 1.0
84, 10003, 1713, 1179, 222, 122, 0.7154389023780823, -1, 1.0
85, 10003, 1713, 1179, 222, 121, 0.7018146514892578, -1, 1.0
86, 10003, 1713, 1179, 222, 121, 0.7049515843391418, -1, 1.0
87, 10003, 1713, 1179, 221, 121, 0.7066971063613892, -1, 1.0
88, 10003, 1713, 1179, 221, 121, 0.7060312032699585, -1, 1.0
89, 10127, 2283, 1330, 149, 94, 0.8007417321205139, -1, 1.0
89, 10003, 1713, 1179, 221, 121, 0.7031950354576111, -1, 1.0
90, 10127, 2271, 1325, 154, 95, 0.8179066181182861, -1, 1.0
90, 10003, 1713, 1179, 221, 121, 0.7011674046516418, -1, 1.0
91, 10127, 2247, 1319, 164, 98, 0.7080541253089905, -1, 1.0
91, 10003, 1712, 1179, 222, 122, 0.6613116264343262, -1, 1.0
92, 10127, 2225, 1315, 166, 100, 0.7687162160873413, -1, 1.0
92, 10003, 1712, 1179, 222, 122, 0.7044762969017029, -1, 1.0
93, 10003, 1712, 1179, 222, 122, 0.7053338885307312, -1, 1.0
94, 10003, 1712, 1179, 222, 122, 0.7069791555404663, -1, 1.0
95, 10003, 1712, 1179, 222, 122, 0.712723433971405, -1, 1.0
96, 10003, 1712, 1179, 222, 121, 0.7052183151245117, -1, 1.0
97, 10003, 1712, 1179, 222, 121, 0.7105507850646973, -1, 1.0
98, 10003, 1712, 1178, 222, 122, 0.7212285399436951, -1, 1.0
99, 10003, 1712, 1178, 222, 122, 0.7958225607872009, -1, 1.0
100, 10127, 2031, 1263, 190, 118, 0.7931057214736938, -1, 1.0
100, 10003, 1712, 1178, 222, 122, 0.7202383875846863, -1, 1.0
101, 10127, 2004, 1257, 198, 120, 0.7273469567298889, -1, 1.0
101, 10003, 1711, 1178, 222, 121, 0.6783105134963989, -1, 1.0
102, 10127, 1971, 1252, 200, 123, 0.7659661769866943, -1, 1.0
102, 10003, 1710, 1178, 221, 120, 0.6762949228286743, -1, 1.0
103, 10127, 1939, 1245, 205, 127, 0.7601715922355652, -1, 1.0
103, 10003, 1711, 1178, 220, 119, 0.6901437640190125, -1, 1.0
104, 10127, 1907, 1236, 216, 132, 0.6732046604156494, -1, 1.0
104, 10003, 1711, 1179, 218, 117, 0.5594248175621033, -1, 1.0
105, 10127, 1871, 1225, 223, 137, 0.777481734752655, -1, 1.0
105, 10003, 1704, 1179, 207, 117, 0.5231688022613525, -1, 1.0
106, 10127, 1833, 1217, 229, 141, 0.8153468370437622, -1, 1.0
107, 10127, 1784, 1199, 241, 151, 0.687463104724884, -1, 1.0
108, 10127, 1739, 1184, 250, 157, 0.8466733694076538, -1, 1.0
109, 10127, 1711, 1181, 264, 162, 0.910211980342865, -1, 1.0
110, 10148, 85, 1283, 892, 540, 0.8855313062667847, -1, 1.0
110, 10127, 1673, 1177, 276, 164, 0.6640518307685852, -1, 1.0
111, 10127, 1633, 1168, 289, 168, 0.8933508992195129, -1, 1.0
112, 10127, 1594, 1158, 310, 174, 0.8326175808906555, -1, 1.0
113, 10127, 1549, 1151, 329, 179, 0.795720100402832, -1, 1.0
114, 10154, 924, 1277, 597, 336, 0.9164601564407348, -1, 1.0
114, 10127, 1477, 1146, 313, 176, 0.7818465232849121, -1, 1.0
115, 10154, 1056, 1283, 522, 297, 0.8854773044586182, -1, 1.0
115, 10127, 1422, 1138, 305, 179, 0.8728966116905212, -1, 1.0
116, 10154, 1174, 1289, 453, 261, 0.874710738658905, -1, 1.0
116, 10127, 1381, 1129, 321, 187, 0.7825297117233276, -1, 1.0
117, 10154, 1274, 1300, 383, 225, 0.8281316757202148, -1, 1.0
117, 10127, 1324, 1119, 331, 193, 0.7395799160003662, -1, 1.0
118, 10127, 1260, 1106, 334, 199, 0.6420104503631592, -1, 1.0
119, 10158, 1704, 1179, 232, 125, 0.7494127154350281, -1, 1.0
119, 10127, 1200, 1100, 349, 208, 0.7285217046737671, -1, 1.0
120, 10158, 1704, 1181, 232, 124, 0.7192657589912415, -1, 1.0
120, 10154, 1474, 1285, 332, 204, 0.6683659553527832, -1, 1.0
120, 10127, 1127, 1093, 357, 218, 0.5951534509658813, -1, 1.0
121, 10158, 1707, 1181, 230, 123, 0.8249483704566956, -1, 1.0
121, 10154, 1528, 1275, 335, 201, 0.7438478469848633, -1, 1.0
121, 10127, 1070, 1089, 400, 231, 0.6385367512702942, -1, 1.0
122, 10158, 1708, 1181, 229, 121, 0.8488805890083313, -1, 1.0
122, 10154, 1579, 1270, 329, 188, 0.8135522603988647, -1, 1.0
122, 10127, 986, 1075, 438, 248, 0.7458454370498657, -1, 1.0
123, 10158, 1707, 1180, 228, 120, 0.801301121711731, -1, 1.0
123, 10127, 886, 1067, 470, 265, 0.6974672675132751, -1, 1.0
124, 10158, 1705, 1180, 229, 117, 0.8527043461799622, -1, 1.0
124, 10127, 790, 1058, 518, 283, 0.585770308971405, -1, 1.0
125, 10158, 1709, 1180, 227, 115, 0.8061540722846985, -1, 1.0
125, 10127, 671, 1048, 559, 305, 0.5246933698654175, -1, 1.0
126, 10158, 1711, 1180, 223, 114, 0.6683644652366638, -1, 1.0
126, 10127, 507, 1039, 573, 324, 0.6289617419242859, -1, 1.0
127, 10158, 1712, 1181, 221, 113, 0.7735676765441895, -1, 1.0
127, 10127, 334, 1026, 648, 356, 0.654632568359375, -1, 1.0
128, 10158, 1713, 1181, 220, 114, 0.8312091827392578, -1, 1.0
128, 10127, 114, 1015, 703, 393, 0.6489466428756714, -1, 1.0
129, 10158, 1713, 1181, 219, 114, 0.8186700344085693, -1, 1.0
129, 10127, 0, 987, 688, 407, 0.7073516845703125, -1, 1.0
130, 10158, 1714, 1181, 219, 114, 0.6618127822875977, -1, 1.0
130, 10127, 0, 964, 545, 418, 0.638950526714325, -1, 1.0
131, 10172, 1936, 1317, 212, 139, 0.9129825830459596, -1, 1.0
131, 10158, 1714, 1181, 219, 115, 0.6988705992698669, -1, 1.0
132, 10172, 1980, 1318, 236, 142, 0.8382863402366638, -1, 1.0
132, 10158, 1714, 1181, 219, 116, 0.7223165035247803, -1, 1.0
133, 10172, 2007, 1322, 232, 134, 0.8514889478683472, -1, 1.0
133, 10158, 1713, 1181, 220, 117, 0.7028607130050659, -1, 1.0
134, 10158, 1713, 1180, 220, 118, 0.7243749499320984, -1, 1.0
135, 10158, 1712, 1180, 221, 119, 0.7175725698471069, -1, 1.0
136, 10172, 2082, 1333, 199, 121, 0.722503125667572, -1, 1.0
136, 10158, 1713, 1179, 221, 120, 0.5615891218185425, -1, 1.0
137, 10172, 2113, 1337, 188, 119, 0.7164725065231323, -1, 1.0
137, 10158, 1713, 1179, 221, 120, 0.7152939438819885, -1, 1.0
138, 10172, 2139, 1348, 180, 113, 0.7505621314048767, -1, 1.0
138, 10158, 1713, 1179, 221, 120, 0.7171342968940735, -1, 1.0
139, 10172, 2162, 1349, 177, 113, 0.8442144989967346, -1, 1.0
139, 10158, 1712, 1180, 221, 120, 0.7151479721069336, -1, 1.0
140, 10172, 2191, 1354, 171, 112, 0.7627174258232117, -1, 1.0
140, 10158, 1712, 1180, 221, 120, 0.7112571001052856, -1, 1.0
141, 10172, 2206, 1356, 170, 112, 0.7413098812103271, -1, 1.0
141, 10158, 1712, 1179, 222, 121, 0.6751841306686401, -1, 1.0
142, 10172, 2225, 1358, 177, 112, 0.6798840165138245, -1, 1.0
142, 10158, 1712, 1179, 222, 121, 0.6389662027359009, -1, 1.0
143, 10172, 2255, 1366, 168, 106, 0.7027215957641602, -1, 1.0
143, 10158, 1712, 1179, 222, 121, 0.5660243630409241, -1, 1.0
144, 10158, 1712, 1179, 222, 121, 0.69121253490448, -1, 1.0
145, 10158, 1711, 1179, 222, 121, 0.6644316911697388, -1, 1.0
146, 10158, 1711, 1179, 223, 121, 0.6540769934654236, -1, 1.0
147, 10158, 1711, 1179, 222, 121, 0.6591237783432007, -1, 1.0
148, 10158, 1711, 1179, 222, 121, 0.6570686101913452, -1, 1.0
149, 10158, 1712, 1179, 222, 122, 0.6585850119590759, -1, 1.0
150, 10158, 1712, 1179, 222, 122, 0.6629432439804077, -1, 1.0
151, 10172, 2413, 1381, 146, 100, 0.6863558888435364, -1, 1.0
151, 10158, 1711, 1179, 223, 121, 0.5872254967689514, -1, 1.0
152, 10172, 2424, 1364, 135, 110, 0.6807428002357483, -1, 1.0
152, 10158, 1711, 1179, 223, 121, 0.6380138993263245, -1, 1.0
153, 10172, 2437, 1358, 122, 115, 0.68216472864151, -1, 1.0
153, 10158, 1711, 1179, 224, 121, 0.6254216432571411, -1, 1.0
154, 10172, 2451, 1357, 108, 117, 0.6736677885055542, -1, 1.0
154, 10158, 1711, 1179, 224, 121, 0.5438072085380554, -1, 1.0
155, 10158, 1711, 1179, 224, 121, 0.6772342324256897, -1, 1.0
156, 10158, 1711, 1179, 224, 121, 0.6792102456092834, -1, 1.0
157, 10158, 1710, 1179, 224, 121, 0.7124143242835999, -1, 1.0
158, 10158, 1710, 1179, 224, 121, 0.7110839486122131, -1, 1.0
159, 10158, 1710, 1178, 225, 122, 0.7101846933364868, -1, 1.0
160, 10158, 1710, 1178, 225, 122, 0.7091357707977295, -1, 1.0
161, 10158, 1711, 1178, 224, 122, 0.7223515510559082, -1, 1.0
162, 10158, 1711, 1178, 223, 122, 0.7184634208679199, -1, 1.0
163, 10158, 1712, 1179, 222, 122, 0.7176129221916199, -1, 1.0
164, 10158, 1712, 1179, 222, 122, 0.7196056246757507, -1, 1.0
165, 10158, 1712, 1179, 222, 122, 0.720740020275116, -1, 1.0
166, 10158, 1712, 1179, 221, 122, 0.7230592370033264, -1, 1.0
167, 10158, 1712, 1179, 221, 122, 0.7222089767456055, -1, 1.0
168, 10158, 1712, 1179, 221, 122, 0.719245970249176, -1, 1.0
169, 10158, 1712, 1179, 221, 122, 0.7105761766433716, -1, 1.0
170, 10158, 1712, 1179, 221, 122, 0.707844078540802, -1, 1.0
171, 10158, 1712, 1178, 222, 122, 0.7066637873649597, -1, 1.0
172, 10158, 1712, 1178, 222, 122, 0.7035031318664551, -1, 1.0
173, 10158, 1712, 1178, 222, 122, 0.706401526927948, -1, 1.0
174, 10158, 1712, 1178, 222, 122, 0.7050572633743286, -1, 1.0
175, 10158, 1712, 1179, 222, 121, 0.7080422639846802, -1, 1.0
176, 10158, 1712, 1179, 222, 121, 0.7066183090209961, -1, 1.0
177, 10158, 1712, 1179, 222, 121, 0.7073139548301697, -1, 1.0
178, 10158, 1712, 1179, 222, 121, 0.704764723777771, -1, 1.0
179, 10158, 1712, 1179, 221, 121, 0.7036787867546082, -1, 1.0
180, 10158, 1712, 1179, 221, 121, 0.7050886750221252, -1, 1.0
181, 10158, 1712, 1178, 221, 121, 0.532742440700531, -1, 1.0
182, 10225, 2397, 1340, 155, 95, 0.7027844786643982, -1, 1.0
182, 10158, 1712, 1178, 221, 121, 0.5044118165969849, -1, 1.0
183, 10158, 1712, 1178, 221, 121, 0.7039926648139954, -1, 1.0
184, 10158, 1712, 1178, 221, 121, 0.7052220106124878, -1, 1.0
185, 10158, 1712, 1178, 221, 121, 0.7020032405853271, -1, 1.0
186, 10158, 1712, 1178, 221, 121, 0.6982173323631287, -1, 1.0
187, 10158, 1712, 1178, 221, 121, 0.7007273435592651, -1, 1.0
188, 10225, 2305, 1339, 131, 85, 0.703641951084137, -1, 1.0
188, 10158, 1712, 1178, 221, 120, 0.5850772857666016, -1, 1.0
189, 10225, 2295, 1334, 135, 86, 0.7046559453010559, -1, 1.0
189, 10158, 1712, 1179, 221, 120, 0.5032698512077332, -1, 1.0
190, 10158, 1712, 1179, 221, 120, 0.7074655890464783, -1, 1.0
191, 10158, 1712, 1179, 221, 120, 0.7112117409706116, -1, 1.0
192, 10158, 1712, 1179, 221, 120, 0.7087770700454712, -1, 1.0
193, 10158, 1712, 1179, 221, 120, 0.702606201171875, -1, 1.0
194, 10158, 1712, 1179, 221, 120, 0.6960257291793823, -1, 1.0
195, 10158, 1712, 1179, 221, 120, 0.7086837291717529, -1, 1.0
196, 10158, 1712, 1179, 221, 120, 0.7073472738265991, -1, 1.0
197, 10158, 1712, 1179, 221, 120, 0.6980563402175903, -1, 1.0
198, 10158, 1712, 1179, 221, 120, 0.7121408581733704, -1, 1.0
199, 10158, 1712, 1179, 221, 120, 0.7125048041343689, -1, 1.0
200, 10158, 1712, 1179, 221, 120, 0.7199877500534058, -1, 1.0
201, 10158, 1712, 1179, 221, 120, 0.7874826192855835, -1, 1.0
202, 10225, 2035, 1273, 179, 106, 0.7204578518867493, -1, 1.0
202, 10158, 1712, 1179, 221, 120, 0.6964101791381836, -1, 1.0
203, 10225, 2007, 1268, 184, 109, 0.6979120373725891, -1, 1.0
203, 10158, 1711, 1179, 221, 120, 0.687393307685852, -1, 1.0
204, 10225, 1977, 1261, 187, 112, 0.7666717767715454, -1, 1.0
204, 10158, 1711, 1179, 221, 119, 0.6638368964195251, -1, 1.0
205, 10225, 1950, 1256, 193, 116, 0.7149445414543152, -1, 1.0
205, 10158, 1711, 1179, 220, 118, 0.7059634327888489, -1, 1.0
206, 10225, 1919, 1250, 198, 118, 0.6668809056282043, -1, 1.0
206, 10158, 1712, 1179, 219, 117, 0.6342869400978088, -1, 1.0
207, 10225, 1889, 1243, 201, 121, 0.6257097721099854, -1, 1.0
208, 10225, 1851, 1233, 208, 126, 0.6305379867553711, -1, 1.0
209, 10225, 1821, 1226, 210, 128, 0.559887170791626, -1, 1.0
210, 10225, 1783, 1216, 219, 134, 0.7358407378196716, -1, 1.0
211, 10225, 1743, 1200, 229, 142, 0.774056077003479, -1, 1.0
212, 10225, 1708, 1188, 236, 148, 0.8500073552131653, -1, 1.0
213, 10225, 1674, 1184, 245, 151, 0.8705003261566162, -1, 1.0
214, 10225, 1638, 1180, 265, 155, 0.9103770852088928, -1, 1.0
215, 10225, 1598, 1172, 288, 159, 0.8431944847106934, -1, 1.0
216, 10225, 1563, 1163, 321, 166, 0.8419633507728577, -1, 1.0
217, 10225, 1493, 1156, 317, 170, 0.8774679899215698, -1, 1.0
218, 10225, 1435, 1151, 316, 173, 0.8838056921958923, -1, 1.0
219, 10225, 1378, 1145, 319, 177, 0.8808196187019348, -1, 1.0
220, 10225, 1322, 1134, 328, 184, 0.9429879784584044, -1, 1.0
220, 10158, 1713, 1179, 218, 120, 0.6867204904556274, -1, 1.0
221, 10225, 1262, 1126, 339, 191, 0.945928990840912, -1, 1.0
221, 10158, 1710, 1178, 221, 121, 0.6965254545211792, -1, 1.0
222, 10225, 1198, 1120, 353, 197, 0.8993229269981384, -1, 1.0
222, 10158, 1709, 1178, 223, 121, 0.6952720880508423, -1, 1.0
223, 10225, 1127, 1113, 370, 206, 0.8948788642883301, -1, 1.0
223, 10158, 1709, 1178, 224, 121, 0.6969949007034302, -1, 1.0
224, 10225, 1049, 1101, 389, 216, 0.9320035576820374, -1, 1.0
224, 10158, 1709, 1178, 224, 121, 0.7036544680595398, -1, 1.0
225, 10225, 962, 1092, 414, 226, 0.9355807900428772, -1, 1.0
225, 10158, 1709, 1178, 224, 122, 0.6964508891105652, -1, 1.0
226, 10225, 866, 1084, 443, 240, 0.945589244365692, -1, 1.0
226, 10158, 1710, 1178, 224, 122, 0.6908881068229675, -1, 1.0
227, 10225, 756, 1079, 478, 254, 0.9282439947128296, -1, 1.0
227, 10158, 1710, 1178, 224, 122, 0.701269268989563, -1, 1.0
228, 10225, 635, 1069, 520, 270, 0.9139537215232848, -1, 1.0
228, 10158, 1710, 1178, 224, 122, 0.6862314343452454, -1, 1.0
229, 10225, 606, 1076, 501, 270, 0.9005221724510193, -1, 1.0
229, 10158, 1710, 1178, 224, 122, 0.6993451118469238, -1, 1.0
230, 10225, 362, 1053, 598, 300, 0.8617861270904541, -1, 1.0
230, 10158, 1711, 1178, 224, 122, 0.737362265586853, -1, 1.0
231, 10225, 153, 1036, 682, 324, 0.8530884385108948, -1, 1.0
231, 10158, 1710, 1178, 224, 122, 0.7117336988449097, -1, 1.0
232, 10225, 35, 1038, 704, 332, 0.7144608497619629, -1, 1.0
232, 10158, 1710, 1178, 224, 122, 0.5309445858001709, -1, 1.0
233, 10225, 0, 1032, 635, 344, 0.908897340297699, -1, 1.0
233, 10158, 1710, 1178, 224, 122, 0.7119259834289551, -1, 1.0
234, 10225, 0, 1014, 511, 362, 0.908807337284088, -1, 1.0
234, 10158, 1710, 1178, 224, 122, 0.7126609683036804, -1, 1.0
235, 10158, 1710, 1178, 224, 122, 0.7120485305786133, -1, 1.0
236, 10158, 1711, 1178, 224, 122, 0.709730863571167, -1, 1.0
237, 10158, 1711, 1179, 224, 122, 0.7101772427558899, -1, 1.0
238, 10158, 1710, 1179, 224, 122, 0.709901750087738, -1, 1.0
239, 10158, 1710, 1179, 223, 122, 0.7082250714302063, -1, 1.0
240, 10158, 1710, 1179, 224, 122, 0.7080905437469482, -1, 1.0
241, 10158, 1710, 1179, 224, 122, 0.7294803261756897, -1, 1.0
242, 10158, 1710, 1179, 224, 122, 0.7295015454292297, -1, 1.0
243, 10158, 1711, 1179, 224, 122, 0.7283448576927185, -1, 1.0
244, 10158, 1711, 1179, 224, 122, 0.7279515862464905, -1, 1.0
245, 10158, 1711, 1179, 224, 122, 0.7276168465614319, -1, 1.0
246, 10158, 1711, 1179, 224, 122, 0.724331796169281, -1, 1.0
247, 10158, 1711, 1179, 224, 122, 0.7248649001121521, -1, 1.0
248, 10158, 1711, 1179, 224, 122, 0.7238619327545166, -1, 1.0
249, 10158, 1711, 1179, 224, 122, 0.7217972278594971, -1, 1.0
250, 10158, 1711, 1179, 224, 122, 0.7214593291282654, -1, 1.0
251, 10158, 1711, 1179, 224, 122, 0.7264541983604431, -1, 1.0
252, 10158, 1711, 1179, 224, 122, 0.7249353528022766, -1, 1.0
253, 10158, 1711, 1178, 224, 122, 0.7212315201759338, -1, 1.0
254, 10158, 1711, 1178, 224, 122, 0.7229154109954834, -1, 1.0
255, 10158, 1711, 1178, 224, 122, 0.7192721962928772, -1, 1.0
256, 10158, 1711, 1178, 224, 122, 0.7215513586997986, -1, 1.0
257, 10158, 1711, 1178, 224, 122, 0.7237468957901001, -1, 1.0
258, 10158, 1711, 1178, 224, 122, 0.7214217185974121, -1, 1.0
259, 10158, 1711, 1178, 224, 122, 0.7206872701644897, -1, 1.0
260, 10158, 1711, 1178, 224, 122, 0.7226325869560242, -1, 1.0
261, 10158, 1711, 1178, 224, 122, 0.7216666340827942, -1, 1.0
262, 10158, 1711, 1178, 224, 122, 0.7189778089523315, -1, 1.0
263, 10158, 1711, 1178, 224, 122, 0.7152274250984192, -1, 1.0
264, 10158, 1711, 1178, 224, 122, 0.7161526679992676, -1, 1.0
265, 10158, 1711, 1178, 224, 122, 0.7138047218322754, -1, 1.0
266, 10158, 1711, 1178, 224, 122, 0.7147229313850403, -1, 1.0
267, 10158, 1711, 1178, 224, 122, 0.7158643007278442, -1, 1.0
268, 10158, 1711, 1179, 224, 122, 0.7156678438186646, -1, 1.0
269, 10158, 1711, 1179, 224, 122, 0.7141713500022888, -1, 1.0
270, 10158, 1711, 1179, 224, 122, 0.7153963446617126, -1, 1.0
271, 10158, 1711, 1179, 224, 122, 0.7086388468742371, -1, 1.0
272, 10158, 1711, 1179, 224, 122, 0.7056980133056641, -1, 1.0
273, 10158, 1711, 1179, 224, 122, 0.703307569026947, -1, 1.0
274, 10158, 1711, 1179, 224, 122, 0.7017362117767334, -1, 1.0
275, 10158, 1711, 1179, 224, 122, 0.6990628242492676, -1, 1.0
276, 10158, 1711, 1179, 224, 121, 0.6970952749252319, -1, 1.0
277, 10158, 1710, 1179, 224, 121, 0.7068532705307007, -1, 1.0
278, 10158, 1710, 1179, 224, 121, 0.7053061723709106, -1, 1.0
279, 10158, 1711, 1179, 224, 121, 0.7065176367759705, -1, 1.0
280, 10158, 1711, 1179, 224, 121, 0.7081742882728577, -1, 1.0
281, 10158, 1710, 1179, 225, 121, 0.7111921310424805, -1, 1.0
282, 10158, 1710, 1179, 225, 121, 0.7105731964111328, -1, 1.0
283, 10158, 1710, 1179, 225, 121, 0.7100852727890015, -1, 1.0
284, 10158, 1710, 1179, 225, 121, 0.644344687461853, -1, 1.0
285, 10304, 2177, 1320, 145, 86, 0.7065385580062866, -1, 1.0
285, 10158, 1710, 1179, 225, 121, 0.639447033405304, -1, 1.0
286, 10158, 1710, 1180, 225, 121, 0.7142507433891296, -1, 1.0
287, 10158, 1710, 1180, 225, 121, 0.7077810764312744, -1, 1.0
288, 10158, 1710, 1180, 225, 121, 0.720798134803772, -1, 1.0
289, 10158, 1711, 1180, 225, 121, 0.7128069996833801, -1, 1.0
290, 10158, 1711, 1179, 225, 120, 0.7229127287864685, -1, 1.0
291, 10304, 2036, 1275, 176, 103, 0.8010661005973816, -1, 1.0
291, 10158, 1710, 1179, 224, 120, 0.7271330952644348, -1, 1.0
292, 10304, 2011, 1272, 188, 106, 0.7509724497795105, -1, 1.0
292, 10158, 1710, 1179, 224, 120, 0.7194491028785706, -1, 1.0
293, 10304, 1982, 1270, 186, 105, 0.7960315346717834, -1, 1.0
293, 10158, 1711, 1180, 224, 119, 0.7212448716163635, -1, 1.0
294, 10304, 1955, 1268, 188, 104, 0.769427478313446, -1, 1.0
294, 10158, 1711, 1180, 223, 118, 0.7067574858665466, -1, 1.0
295, 10304, 1928, 1264, 191, 104, 0.7010664343833923, -1, 1.0
295, 10158, 1711, 1180, 222, 117, 0.6985294818878174, -1, 1.0
296, 10304, 1898, 1259, 198, 105, 0.7219099998474121, -1, 1.0
296, 10158, 1712, 1180, 221, 116, 0.6433268785476685, -1, 1.0
297, 10304, 1863, 1249, 202, 108, 0.6764234900474548, -1, 1.0
298, 10319, 408, 1203, 861, 586, 0.7721751928329468, -1, 1.0
298, 10304, 1827, 1232, 211, 117, 0.6942236423492432, -1, 1.0
299, 10319, 593, 1200, 833, 536, 0.8728414177894592, -1, 1.0
299, 10304, 1794, 1230, 217, 119, 0.8179128766059875, -1, 1.0
300, 10319, 749, 1205, 779, 491, 0.853705644607544, -1, 1.0
300, 10158, 1747, 1201, 237, 136, 0.7783170938491821, -1, 1.0
301, 10319, 886, 1210, 718, 444, 0.9177042841911316, -1, 1.0
302, 10319, 1010, 1217, 656, 403, 0.9247006773948668, -1, 1.0
302, 10304, 1687, 1187, 241, 143, 0.907223641872406, -1, 1.0
303, 10319, 1119, 1224, 595, 364, 0.929667592048645, -1, 1.0
303, 10304, 1653, 1183, 259, 148, 0.8884990215301514, -1, 1.0
304, 10319, 1218, 1234, 535, 331, 0.8675926923751831, -1, 1.0
304, 10304, 1615, 1183, 277, 146, 0.8322644233703613, -1, 1.0
305, 10319, 1305, 1245, 478, 298, 0.7611056566238403, -1, 1.0
305, 10304, 1579, 1183, 289, 144, 0.747050940990448, -1, 1.0
306, 10319, 1385, 1256, 427, 268, 0.8037897348403931, -1, 1.0
307, 10319, 1458, 1266, 380, 237, 0.7353165745735168, -1, 1.0
308, 10304, 1424, 1165, 299, 138, 0.6265919804573059, -1, 1.0
309, 10304, 1374, 1160, 304, 142, 0.8742702603340149, -1, 1.0
309, 10158, 1703, 1179, 233, 124, 0.796635091304779, -1, 1.0
310, 10304, 1323, 1156, 312, 148, 0.907093584537506, -1, 1.0
310, 10158, 1703, 1180, 233, 123, 0.6693501472473145, -1, 1.0
311, 10304, 1268, 1150, 325, 154, 0.922753095626831, -1, 1.0
311, 10158, 1705, 1180, 232, 122, 0.6857961416244507, -1, 1.0
312, 10304, 1206, 1143, 340, 161, 0.8931484222412109, -1, 1.0
312, 10158, 1704, 1179, 230, 119, 0.6280129551887512, -1, 1.0
313, 10304, 1142, 1134, 358, 169, 0.9116475582122804, -1, 1.0
313, 10158, 1707, 1179, 227, 118, 0.651562511920929, -1, 1.0
314, 10304, 1071, 1126, 378, 178, 0.9395540356636048, -1, 1.0
314, 10158, 1708, 1178, 225, 117, 0.7384886145591736, -1, 1.0
315, 10304, 993, 1118, 401, 188, 0.9417296051979064, -1, 1.0
315, 10158, 1709, 1179, 223, 116, 0.6885246634483337, -1, 1.0
316, 10304, 907, 1108, 428, 200, 0.9346056580543518, -1, 1.0
316, 10158, 1710, 1180, 222, 116, 0.7069690823554993, -1, 1.0
317, 10304, 810, 1102, 459, 214, 0.899496853351593, -1, 1.0
317, 10158, 1712, 1180, 222, 117, 0.6991569399833679, -1, 1.0
318, 10304, 703, 1095, 497, 227, 0.9141663312911988, -1, 1.0
318, 10158, 1713, 1181, 221, 117, 0.8840452432632446, -1, 1.0
319, 10338, 1946, 1321, 226, 154, 0.8965020179748535, -1, 1.0
319, 10304, 587, 1091, 537, 239, 0.7966110706329346, -1, 1.0
319, 10158, 1712, 1180, 221, 118, 0.7187598943710327, -1, 1.0
320, 10338, 1975, 1325, 214, 147, 0.916049599647522, -1, 1.0
320, 10304, 452, 1082, 583, 256, 0.8495000004768372, -1, 1.0
320, 10158, 1713, 1180, 221, 119, 0.7082265615463257, -1, 1.0
321, 10338, 2008, 1321, 214, 149, 0.901365339756012, -1, 1.0
321, 10304, 400, 1076, 575, 265, 0.7474916577339172, -1, 1.0
321, 10158, 1713, 1180, 221, 119, 0.6928344368934631, -1, 1.0
322, 10338, 2036, 1318, 214, 153, 0.8481941819190979, -1, 1.0
322, 10158, 1712, 1179, 221, 119, 0.732198178768158, -1, 1.0
323, 10338, 2055, 1303, 223, 165, 0.8537806272506714, -1, 1.0
323, 10158, 1712, 1179, 221, 120, 0.7269035577774048, -1, 1.0
324, 10344, 0, 1040, 647, 333, 0.9160451292991638, -1, 1.0
324, 10338, 2041, 1279, 221, 128, 0.7269365787506104, -1, 1.0
324, 10158, 1711, 1179, 221, 120, 0.6980240941047668, -1, 1.0
325, 10344, 0, 1058, 509, 318, 0.914191961288452, -1, 1.0
325, 10338, 2008, 1270, 195, 112, 0.7316633462905884, -1, 1.0
325, 10158, 1712, 1180, 222, 119, 0.7033859491348267, -1, 1.0
326, 10338, 1980, 1267, 182, 102, 0.7761721014976501, -1, 1.0
326, 10158, 1712, 1179, 222, 119, 0.6616637706756592, -1, 1.0
327, 10346, 2137, 1353, 197, 131, 0.7060695290565491, -1, 1.0
327, 10338, 1950, 1265, 175, 97, 0.6965449452400208, -1, 1.0
327, 10158, 1712, 1179, 221, 117, 0.6853832602500916, -1, 1.0
328, 10346, 2153, 1348, 197, 135, 0.7926264405250549, -1, 1.0
328, 10338, 1918, 1259, 170, 94, 0.6549768447875977, -1, 1.0
328, 10158, 1712, 1179, 221, 116, 0.5053302645683289, -1, 1.0
329, 10346, 2173, 1347, 195, 136, 0.757251501083374, -1, 1.0
329, 10338, 1884, 1254, 171, 94, 0.5358862280845642, -1, 1.0
330, 10346, 2187, 1351, 196, 134, 0.8470084071159363, -1, 1.0
330, 10338, 1839, 1239, 180, 103, 0.8101692795753479, -1, 1.0
331, 10346, 2198, 1356, 202, 132, 0.8186718821525574, -1, 1.0
331, 10338, 1802, 1234, 183, 104, 0.8139671683311462, -1, 1.0
332, 10346, 2222, 1360, 195, 129, 0.9022185802459716, -1, 1.0
333, 10346, 2245, 1364, 191, 128, 0.9051163792610168, -1, 1.0
333, 10158, 1703, 1190, 233, 143, 0.6195337772369385, -1, 1.0
334, 10346, 2267, 1365, 183, 127, 0.8536006808280945, -1, 1.0
334, 10158, 1679, 1187, 247, 147, 0.7918678522109985, -1, 1.0
335, 10346, 2286, 1367, 177, 126, 0.8794182538986206, -1, 1.0
335, 10158, 1645, 1184, 270, 148, 0.6550638675689697, -1, 1.0
336, 10346, 2302, 1371, 170, 123, 0.7993955016136169, -1, 1.0
336, 10338, 1582, 1195, 221, 126, 0.6687589883804321, -1, 1.0
337, 10346, 2318, 1382, 163, 115, 0.8804860711097717, -1, 1.0
337, 10338, 1528, 1185, 232, 134, 0.7226448059082031, -1, 1.0
338, 10338, 1473, 1176, 245, 142, 0.8753302693367004, -1, 1.0
338, 10158, 1696, 1174, 246, 135, 0.6956760883331299, -1, 1.0
339, 10338, 1414, 1171, 257, 148, 0.8784475326538086, -1, 1.0
339, 10158, 1699, 1174, 241, 132, 0.7083632946014404, -1, 1.0
340, 10346, 2363, 1393, 156, 104, 0.920674741268158, -1, 1.0
340, 10338, 1354, 1165, 270, 154, 0.6689572334289551, -1, 1.0
340, 10158, 1702, 1175, 237, 129, 0.5968208909034729, -1, 1.0
341, 10346, 2376, 1393, 153, 101, 0.9329619407653807, -1, 1.0
341, 10338, 1287, 1159, 288, 160, 0.661064088344574, -1, 1.0
341, 10158, 1703, 1176, 234, 127, 0.5554701685905457, -1, 1.0
342, 10346, 2387, 1393, 148, 99, 0.939020812511444, -1, 1.0
342, 10338, 1214, 1154, 306, 166, 0.7284084558486938, -1, 1.0
342, 10158, 1705, 1177, 231, 125, 0.655587375164032, -1, 1.0
343, 10338, 1135, 1148, 327, 174, 0.9097740650177002, -1, 1.0
343, 10158, 1707, 1177, 230, 124, 0.6696725487709045, -1, 1.0
344, 10338, 1045, 1141, 354, 185, 0.9300878047943116, -1, 1.0
344, 10158, 1708, 1178, 228, 123, 0.6668538451194763, -1, 1.0
345, 10338, 944, 1132, 384, 200, 0.936681628227234, -1, 1.0
345, 10158, 1709, 1178, 227, 122, 0.6689672470092773, -1, 1.0
346, 10338, 828, 1123, 423, 216, 0.9431540966033936, -1, 1.0
346, 10158, 1709, 1179, 226, 122, 0.6570350527763367, -1, 1.0
347, 10338, 694, 1113, 468, 234, 0.8969209790229797, -1, 1.0
347, 10158, 1710, 1179, 225, 121, 0.6569319367408752, -1, 1.0
348, 10346, 2443, 1362, 116, 114, 0.9310861825942992, -1, 1.0
348, 10338, 544, 1105, 518, 253, 0.6608360409736633, -1, 1.0
348, 10158, 1710, 1179, 225, 121, 0.579656720161438, -1, 1.0
349, 10338, 483, 1109, 505, 257, 0.8172523379325867, -1, 1.0
349, 10158, 1710, 1179, 225, 121, 0.657897412776947, -1, 1.0
350, 10158, 1710, 1179, 225, 120, 0.822746992111206, -1, 1.0
351, 10355, 0, 1074, 697, 331, 0.9202406406402588, -1, 1.0
351, 10158, 1710, 1179, 225, 120, 0.6655725240707397, -1, 1.0
352, 10355, 0, 1101, 531, 315, 0.937794864177704, -1, 1.0
352, 10158, 1710, 1179, 225, 120, 0.665330708026886, -1, 1.0
353, 10355, 0, 1133, 335, 284, 0.8551926612854004, -1, 1.0
353, 10158, 1710, 1179, 224, 120, 0.689236044883728, -1, 1.0
354, 10158, 1711, 1180, 224, 120, 0.699208676815033, -1, 1.0
355, 10158, 1711, 1180, 223, 120, 0.6972171068191528, -1, 1.0
356, 10158, 1711, 1180, 223, 120, 0.6971514225006104, -1, 1.0
357, 10158, 1711, 1180, 223, 120, 0.6962652802467346, -1, 1.0
358, 10158, 1711, 1180, 223, 120, 0.7017530202865601, -1, 1.0
359, 10158, 1712, 1180, 223, 120, 0.6998176574707031, -1, 1.0
360, 10158, 1712, 1180, 223, 120, 0.7019046545028687, -1, 1.0
361, 10158, 1711, 1180, 223, 120, 0.6848610043525696, -1, 1.0
362, 10158, 1711, 1180, 223, 120, 0.6834657192230225, -1, 1.0
363, 10158, 1711, 1180, 223, 120, 0.6843878030776978, -1, 1.0
364, 10158, 1711, 1180, 223, 120, 0.6839510798454285, -1, 1.0
365, 10158, 1711, 1180, 223, 120, 0.6859561204910278, -1, 1.0
366, 10158, 1711, 1180, 223, 120, 0.6848030090332031, -1, 1.0
367, 10158, 1711, 1180, 223, 120, 0.6844114661216736, -1, 1.0
368, 10158, 1711, 1180, 223, 120, 0.6832586526870728, -1, 1.0
369, 10158, 1711, 1180, 223, 120, 0.6826905608177185, -1, 1.0
370, 10158, 1711, 1180, 223, 120, 0.6822717785835266, -1, 1.0
371, 10158, 1711, 1180, 223, 120, 0.6829840540885925, -1, 1.0
372, 10158, 1711, 1180, 223, 120, 0.6828581690788269, -1, 1.0
373, 10158, 1711, 1180, 223, 120, 0.6911392211914062, -1, 1.0
374, 10158, 1711, 1180, 223, 120, 0.6914777159690857, -1, 1.0
375, 10158, 1711, 1180, 223, 120, 0.6902952790260315, -1, 1.0
376, 10158, 1711, 1180, 223, 120, 0.7605666518211365, -1, 1.0
377, 10158, 1711, 1180, 223, 120, 0.9081467390060424, -1, 1.0
378, 10158, 1712, 1180, 223, 120, 0.6907976269721985, -1, 1.0
379, 10158, 1711, 1180, 223, 120, 0.6764651536941528, -1, 1.0
380, 10158, 1711, 1180, 223, 120, 0.6727043390274048, -1, 1.0
381, 10158, 1711, 1180, 223, 120, 0.664512574672699, -1, 1.0
382, 10158, 1711, 1180, 223, 120, 0.6733546853065491, -1, 1.0
383, 10158, 1711, 1180, 223, 120, 0.6740471124649048, -1, 1.0
384, 10158, 1711, 1180, 223, 120, 0.675806999206543, -1, 1.0
385, 10158, 1710, 1180, 224, 120, 0.6732069849967957, -1, 1.0
386, 10367, 139, 878, 730, 484, 0.8953583836555481, -1, 1.0
386, 10158, 1710, 1180, 224, 120, 0.6730387210845947, -1, 1.0
387, 10367, 184, 902, 758, 469, 0.8677535057067871, -1, 1.0
387, 10158, 1710, 1180, 224, 120, 0.6767532229423523, -1, 1.0
388, 10367, 263, 920, 763, 454, 0.8389171957969666, -1, 1.0
388, 10158, 1710, 1180, 224, 120, 0.6729090809822083, -1, 1.0
389, 10367, 374, 942, 740, 438, 0.8738759756088257, -1, 1.0
389, 10158, 1710, 1179, 224, 121, 0.7011620402336121, -1, 1.0
390, 10367, 444, 960, 734, 424, 0.8119761347770691, -1, 1.0
390, 10158, 1710, 1179, 223, 121, 0.6995518207550049, -1, 1.0
391, 10367, 566, 984, 693, 405, 0.7010639309883118, -1, 1.0
391, 10158, 1710, 1179, 223, 121, 0.677639365196228, -1, 1.0
392, 10367, 663, 999, 658, 389, 0.8102806806564331, -1, 1.0
392, 10158, 1710, 1179, 223, 121, 0.7040184736251831, -1, 1.0
393, 10367, 760, 1014, 620, 375, 0.8074299097061157, -1, 1.0
393, 10158, 1710, 1179, 223, 121, 0.7018319368362427, -1, 1.0
394, 10367, 806, 1020, 608, 366, 0.8311200141906738, -1, 1.0
394, 10158, 1710, 1179, 223, 121, 0.7031176686286926, -1, 1.0
395, 10367, 845, 1033, 606, 353, 0.7019372582435608, -1, 1.0
395, 10158, 1709, 1179, 224, 121, 0.6899212598800659, -1, 1.0
396, 10158, 1709, 1179, 224, 121, 0.6980895400047302, -1, 1.0
397, 10372, 1195, 1125, 320, 242, 0.6914633512496948, -1, 1.0
397, 10158, 1708, 1178, 224, 122, 0.5404233932495117, -1, 1.0
398, 10367, 969, 1069, 592, 319, 0.7440345883369446, -1, 1.0
398, 10158, 1708, 1177, 225, 122, 0.6975327730178833, -1, 1.0
399, 10367, 1037, 1080, 580, 308, 0.8106710314750671, -1, 1.0
399, 10158, 1708, 1178, 225, 122, 0.6833958029747009, -1, 1.0
400, 10372, 1252, 1138, 380, 246, 0.8922911882400513, -1, 1.0
400, 10367, 1103, 1093, 566, 298, 0.6937759518623352, -1, 1.0
400, 10158, 1709, 1178, 225, 122, 0.6662595272064209, -1, 1.0
401, 10373, 1194, 1129, 305, 237, 0.8782941699028015, -1, 1.0
401, 10372, 1307, 1141, 372, 243, 0.7208436727523804, -1, 1.0
401, 10367, 1165, 1107, 546, 288, 0.5336976647377014, -1, 1.0
401, 10158, 1709, 1178, 225, 122, 0.532936692237854, -1, 1.0
402, 10373, 1270, 1139, 330, 238, 0.7022888660430908, -1, 1.0
402, 10158, 1704, 1178, 228, 122, 0.6908876895904541, -1, 1.0
403, 10158, 1704, 1178, 230, 121, 0.8248482942581177, -1, 1.0
404, 10372, 1380, 1146, 402, 241, 0.5326243042945862, -1, 1.0
405, 10372, 1421, 1155, 407, 239, 0.7971291542053223, -1, 1.0
406, 10372, 1479, 1162, 418, 235, 0.8536359667778015, -1, 1.0
407, 10372, 1524, 1172, 410, 230, 0.929905652999878, -1, 1.0
408, 10372, 1565, 1178, 391, 222, 0.6798000931739807, -1, 1.0
409, 10372, 1609, 1181, 374, 215, 0.6388906240463257, -1, 1.0
410, 10372, 1656, 1181, 356, 205, 0.8144238591194153, -1, 1.0
411, 10372, 1697, 1188, 343, 206, 0.7777479290962219, -1, 1.0
412, 10372, 1815, 1230, 308, 196, 0.766160786151886, -1, 1.0
413, 10372, 1854, 1242, 293, 189, 0.8188475966453552, -1, 1.0
414, 10372, 1890, 1252, 278, 182, 0.7777465581893921, -1, 1.0
415, 10377, 1713, 1180, 222, 120, 0.7463850975036621, -1, 1.0
415, 10372, 1926, 1262, 265, 174, 0.6650881767272949, -1, 1.0
416, 10377, 1713, 1179, 225, 120, 0.7949420809745789, -1, 1.0
416, 10372, 1951, 1272, 238, 163, 0.6537279486656189, -1, 1.0
