1, 10004, 1890, 399, 194, 87, 0.5724179744720459, -1, 1.0
2, 10004, 1893, 399, 190, 85, 0.5232825875282288, -1, 1.0
3, 10004, 1894, 400, 189, 84, 0.5132310390472412, -1, 1.0
4, 10004, 1893, 400, 189, 84, 0.503276526927948, -1, 1.0
5, 10004, 1893, 400, 190, 84, 0.5012688636779785, -1, 1.0
6, 10004, 1893, 400, 190, 84, 0.5038325190544128, -1, 1.0
7, 10004, 1894, 400, 189, 84, 0.5126162171363831, -1, 1.0
8, 10004, 1894, 400, 189, 84, 0.5222589373588562, -1, 1.0
9, 10004, 1894, 400, 189, 84, 0.5121783018112183, -1, 1.0
10, 10004, 1893, 400, 190, 84, 0.5163000226020813, -1, 1.0
11, 10004, 1893, 400, 189, 84, 0.520100474357605, -1, 1.0
12, 10004, 1894, 400, 189, 84, 0.5254368185997009, -1, 1.0
13, 10004, 1894, 400, 189, 84, 0.5248030424118042, -1, 1.0
14, 10004, 1894, 400, 189, 84, 0.5264946818351746, -1, 1.0
15, 10004, 1894, 400, 189, 84, 0.5217767357826233, -1, 1.0
16, 10004, 1894, 400, 189, 84, 0.5228946805000305, -1, 1.0
17, 10004, 1894, 400, 189, 84, 0.5228449702262878, -1, 1.0
18, 10004, 1894, 400, 189, 84, 0.5281199812889099, -1, 1.0
19, 10004, 1894, 400, 189, 84, 0.5259786248207092, -1, 1.0
20, 10004, 1892, 399, 190, 85, 0.5396400094032288, -1, 1.0
21, 10004, 1891, 398, 191, 85, 0.5408862233161926, -1, 1.0
22, 10004, 1890, 398, 192, 86, 0.5451242327690125, -1, 1.0
23, 10004, 1890, 398, 192, 86, 0.5349235534667969, -1, 1.0
24, 10004, 1890, 398, 193, 86, 0.5324960947036743, -1, 1.0
25, 10004, 1890, 398, 193, 86, 0.5314334630966187, -1, 1.0
26, 10004, 1890, 398, 193, 86, 0.5349147915840149, -1, 1.0
27, 10004, 1890, 398, 193, 86, 0.5361854434013367, -1, 1.0
28, 10004, 1889, 399, 193, 85, 0.5268867611885071, -1, 1.0
29, 10004, 1889, 399, 193, 85, 0.5252721905708313, -1, 1.0
30, 10004, 1890, 399, 193, 85, 0.5388611555099487, -1, 1.0
31, 10004, 1890, 399, 193, 85, 0.5354998111724854, -1, 1.0
32, 10004, 1891, 400, 192, 84, 0.5051930546760559, -1, 1.0
33, 10004, 1891, 400, 192, 84, 0.5294762849807739, -1, 1.0
34, 10004, 1891, 400, 192, 84, 0.5214033126831055, -1, 1.0
35, 10004, 1891, 399, 192, 85, 0.5307418704032898, -1, 1.0
36, 10004, 1890, 399, 192, 85, 0.510546088218689, -1, 1.0
37, 10004, 1890, 399, 192, 85, 0.5118283629417419, -1, 1.0
38, 10004, 1891, 399, 192, 85, 0.5274075269699097, -1, 1.0
39, 10004, 1891, 399, 192, 85, 0.7254879474639893, -1, 1.0
40, 10004, 1894, 402, 189, 83, 0.5194931030273438, -1, 1.0
41, 10004, 1896, 404, 187, 82, 0.5004066228866577, -1, 1.0
42, 10004, 1900, 403, 184, 81, 0.502368688583374, -1, 1.0
43, 10092, 2060, 362, 236, 143, 0.8101974725723267, -1, 1.0
43, 10004, 1900, 407, 160, 78, 0.5166913866996765, -1, 1.0
44, 10092, 2037, 366, 247, 144, 0.6604548692703247, -1, 1.0
45, 10092, 2014, 371, 254, 141, 0.7509910464286804, -1, 1.0
46, 10092, 2005, 375, 248, 137, 0.5952428579330444, -1, 1.0
47, 10092, 1951, 374, 276, 135, 0.5553973913192749, -1, 1.0
48, 10092, 1920, 385, 287, 125, 0.7768415212631226, -1, 1.0
49, 10092, 1897, 388, 289, 121, 0.8696272373199463, -1, 1.0
50, 10092, 1882, 388, 287, 119, 0.8829160332679749, -1, 1.0
51, 10092, 1866, 386, 283, 116, 0.8839454650878906, -1, 1.0
52, 10092, 1848, 388, 280, 113, 0.8868834972381592, -1, 1.0
53, 10092, 1832, 389, 278, 111, 0.843285322189331, -1, 1.0
54, 10092, 1822, 387, 269, 110, 0.8204044103622437, -1, 1.0
55, 10092, 1808, 385, 267, 109, 0.7952089905738831, -1, 1.0
69, 10117, 1404, 372, 236, 102, 0.7745774984359741, -1, 1.0
70, 10117, 1396, 372, 236, 103, 0.8151262998580933, -1, 1.0
71, 10117, 1388, 374, 236, 103, 0.8449561595916748, -1, 1.0
72, 10117, 1380, 375, 236, 104, 0.8318676352500916, -1, 1.0
73, 10117, 1373, 374, 234, 106, 0.8491145968437195, -1, 1.0
74, 10117, 1366, 374, 230, 107, 0.8675795793533325, -1, 1.0
75, 10117, 1360, 375, 227, 108, 0.8909687399864197, -1, 1.0
76, 10117, 1357, 376, 224, 108, 0.9052663445472716, -1, 1.0
77, 10117, 1354, 377, 220, 109, 0.9193635582923888, -1, 1.0
78, 10117, 1351, 377, 215, 110, 0.915436029434204, -1, 1.0
79, 10117, 1349, 378, 210, 111, 0.9189820885658264, -1, 1.0
80, 10117, 1348, 380, 206, 112, 0.9213043451309204, -1, 1.0
81, 10117, 1346, 381, 202, 114, 0.9167781472206116, -1, 1.0
82, 10117, 1346, 382, 197, 115, 0.9140312075614928, -1, 1.0
83, 10117, 1345, 384, 192, 115, 0.9101489186286926, -1, 1.0
84, 10117, 1345, 387, 186, 115, 0.8975966572761536, -1, 1.0
85, 10117, 1344, 388, 181, 116, 0.8831197619438171, -1, 1.0
86, 10117, 1345, 390, 176, 117, 0.8900135159492493, -1, 1.0
87, 10117, 1346, 393, 169, 118, 0.8972691893577576, -1, 1.0
88, 10117, 1348, 393, 164, 119, 0.8960778713226318, -1, 1.0
89, 10117, 1349, 395, 159, 120, 0.8940333127975464, -1, 1.0
90, 10117, 1352, 397, 155, 122, 0.893395185470581, -1, 1.0
91, 10117, 1353, 399, 152, 123, 0.8943567276000977, -1, 1.0
92, 10117, 1355, 401, 151, 124, 0.8973162174224854, -1, 1.0
93, 10117, 1357, 403, 150, 126, 0.8926154375076294, -1, 1.0
94, 10117, 1361, 404, 149, 128, 0.887965202331543, -1, 1.0
95, 10117, 1365, 405, 149, 130, 0.8793197870254517, -1, 1.0
96, 10117, 1367, 408, 149, 131, 0.90291029214859, -1, 1.0
97, 10117, 1369, 409, 150, 133, 0.903163731098175, -1, 1.0
98, 10117, 1373, 412, 152, 135, 0.9074970483779908, -1, 1.0
99, 10117, 1376, 414, 154, 137, 0.9088554978370668, -1, 1.0
100, 10117, 1378, 416, 154, 139, 0.9137557744979858, -1, 1.0
101, 10117, 1380, 418, 155, 141, 0.9060909152030944, -1, 1.0
102, 10117, 1382, 420, 158, 144, 0.9131414890289308, -1, 1.0
103, 10117, 1384, 421, 160, 146, 0.9174711108207704, -1, 1.0
104, 10117, 1386, 424, 161, 149, 0.9208545088768004, -1, 1.0
105, 10117, 1386, 425, 163, 152, 0.916311264038086, -1, 1.0
106, 10117, 1387, 426, 166, 156, 0.9473617672920228, -1, 1.0
107, 10117, 1388, 427, 169, 161, 0.9357521533966064, -1, 1.0
108, 10117, 1389, 428, 171, 164, 0.9278568625450134, -1, 1.0
109, 10117, 1389, 430, 174, 168, 0.9201822876930236, -1, 1.0
110, 10117, 1388, 433, 177, 171, 0.9197788834571838, -1, 1.0
111, 10117, 1389, 435, 181, 174, 0.9284624457359314, -1, 1.0
112, 10117, 1390, 438, 185, 177, 0.9344117045402528, -1, 1.0
113, 10117, 1390, 444, 187, 178, 0.9524238109588624, -1, 1.0
114, 10117, 1390, 449, 190, 181, 0.9390158653259276, -1, 1.0
115, 10117, 1392, 452, 191, 183, 0.9317441582679749, -1, 1.0
116, 10117, 1393, 454, 194, 186, 0.9350642561912536, -1, 1.0
117, 10117, 1395, 457, 197, 189, 0.9293054342269896, -1, 1.0
118, 10117, 1396, 461, 199, 192, 0.9330464005470276, -1, 1.0
119, 10117, 1398, 465, 202, 195, 0.9339468479156494, -1, 1.0
120, 10117, 1402, 468, 206, 198, 0.9424850344657898, -1, 1.0
121, 10117, 1404, 471, 210, 200, 0.946292757987976, -1, 1.0
122, 10117, 1405, 475, 213, 202, 0.947606325149536, -1, 1.0
123, 10117, 1406, 478, 216, 205, 0.9461296796798706, -1, 1.0
124, 10117, 1407, 480, 220, 209, 0.8166448473930359, -1, 1.0
125, 10117, 1409, 482, 223, 213, 0.5059298276901245, -1, 1.0
126, 10117, 1412, 484, 227, 217, 0.9379588961601256, -1, 1.0
127, 10117, 1414, 489, 231, 220, 0.950733721256256, -1, 1.0
128, 10117, 1416, 493, 235, 222, 0.9509935975074768, -1, 1.0
129, 10170, 77, 752, 768, 512, 0.9550632238388062, -1, 1.0
129, 10169, 843, 844, 732, 569, 0.622895359992981, -1, 1.0
129, 10117, 1418, 495, 239, 224, 0.6014031171798706, -1, 1.0
130, 10170, 0, 748, 507, 455, 0.9520368576049804, -1, 1.0
130, 10169, 464, 812, 749, 549, 0.7818567156791687, -1, 1.0
130, 10117, 1421, 499, 243, 229, 0.7583168745040894, -1, 1.0
131, 10169, 84, 772, 780, 538, 0.9488055109977722, -1, 1.0
131, 10117, 1422, 503, 248, 232, 0.6483432054519653, -1, 1.0
132, 10117, 1423, 506, 252, 235, 0.9497479796409608, -1, 1.0
133, 10117, 1426, 508, 257, 239, 0.9556036591529846, -1, 1.0
134, 10117, 1428, 509, 260, 244, 0.9588587880134584, -1, 1.0
135, 10117, 1431, 512, 264, 249, 0.9591201543807985, -1, 1.0
136, 10117, 1434, 514, 269, 253, 0.9553529024124146, -1, 1.0
137, 10117, 1436, 516, 273, 257, 0.9559770822525024, -1, 1.0
138, 10117, 1438, 520, 278, 261, 0.955809772014618, -1, 1.0
139, 10117, 1439, 523, 283, 265, 0.9556766152381896, -1, 1.0
140, 10117, 1440, 527, 288, 270, 0.9473644495010376, -1, 1.0
141, 10117, 1442, 529, 292, 273, 0.9510350823402404, -1, 1.0
142, 10117, 1443, 533, 297, 276, 0.9631016850471495, -1, 1.0
143, 10117, 1445, 536, 301, 281, 0.9565011858940125, -1, 1.0
144, 10117, 1450, 539, 304, 284, 0.9459667205810548, -1, 1.0
145, 10117, 1453, 543, 307, 287, 0.9502578377723694, -1, 1.0
146, 10117, 1454, 545, 312, 291, 0.9540370106697084, -1, 1.0
147, 10117, 1457, 546, 317, 295, 0.959745228290558, -1, 1.0
148, 10117, 1462, 548, 320, 300, 0.9604433178901672, -1, 1.0
149, 10117, 1465, 552, 324, 303, 0.9593816995620728, -1, 1.0
150, 10117, 1468, 555, 328, 306, 0.9560348987579346, -1, 1.0
151, 10117, 1470, 558, 333, 308, 0.9509457349777222, -1, 1.0
152, 10117, 1472, 560, 338, 311, 0.95473712682724, -1, 1.0
153, 10117, 1475, 562, 342, 316, 0.942502737045288, -1, 1.0
154, 10117, 1476, 568, 348, 318, 0.940889537334442, -1, 1.0
155, 10117, 1480, 575, 352, 320, 0.9356648921966552, -1, 1.0
156, 10117, 1483, 578, 357, 323, 0.9514984488487244, -1, 1.0
157, 10117, 1485, 580, 362, 327, 0.951448142528534, -1, 1.0
158, 10117, 1487, 581, 368, 331, 0.948320746421814, -1, 1.0
159, 10117, 1489, 584, 374, 335, 0.95463228225708, -1, 1.0
160, 10117, 1490, 587, 379, 337, 0.9594746232032776, -1, 1.0
161, 10117, 1492, 589, 384, 340, 0.9569754004478456, -1, 1.0
162, 10117, 1494, 590, 387, 344, 0.9510056972503662, -1, 1.0
163, 10117, 1495, 591, 391, 347, 0.9483783841133118, -1, 1.0
164, 10117, 1495, 593, 395, 349, 0.9440562129020692, -1, 1.0
165, 10117, 1495, 595, 399, 351, 0.7522918581962585, -1, 1.0
166, 10117, 1495, 597, 403, 353, 0.5970799326896667, -1, 1.0
167, 10117, 1496, 598, 406, 355, 0.952979326248169, -1, 1.0
168, 10117, 1496, 598, 408, 357, 0.9517080783843994, -1, 1.0
169, 10117, 1496, 598, 411, 359, 0.9433649778366088, -1, 1.0
170, 10117, 1496, 598, 415, 361, 0.9429863691329956, -1, 1.0
171, 10117, 1496, 597, 417, 363, 0.9421834945678712, -1, 1.0
172, 10117, 1495, 597, 419, 363, 0.9446791410446168, -1, 1.0
173, 10117, 1495, 597, 421, 364, 0.9456807374954224, -1, 1.0
174, 10117, 1494, 597, 422, 364, 0.941775679588318, -1, 1.0
175, 10117, 1494, 597, 423, 364, 0.9398101568222046, -1, 1.0
176, 10117, 1493, 597, 423, 364, 0.9427055716514589, -1, 1.0
177, 10117, 1493, 597, 424, 364, 0.9431201815605164, -1, 1.0
178, 10117, 1493, 596, 423, 364, 0.9445178508758544, -1, 1.0
179, 10117, 1493, 596, 423, 364, 0.9442583322525024, -1, 1.0
180, 10117, 1493, 596, 423, 364, 0.9441699385643004, -1, 1.0
181, 10117, 1493, 596, 423, 364, 0.9441919326782228, -1, 1.0
182, 10117, 1493, 596, 422, 364, 0.9443174600601196, -1, 1.0
183, 10117, 1493, 596, 422, 364, 0.9446559548377992, -1, 1.0
184, 10117, 1493, 596, 422, 364, 0.9459021091461182, -1, 1.0
185, 10117, 1493, 595, 421, 365, 0.9472190737724304, -1, 1.0
186, 10117, 1494, 595, 421, 365, 0.9478120803833008, -1, 1.0
187, 10117, 1494, 595, 421, 365, 0.9475677609443665, -1, 1.0
188, 10117, 1494, 595, 421, 364, 0.9471187591552734, -1, 1.0
189, 10117, 1494, 595, 421, 364, 0.94754558801651, -1, 1.0
190, 10117, 1494, 595, 421, 364, 0.94754558801651, -1, 1.0
191, 10117, 1494, 595, 420, 364, 0.9469680786132812, -1, 1.0
192, 10117, 1494, 595, 421, 365, 0.9454596638679504, -1, 1.0
193, 10117, 1493, 594, 421, 365, 0.9462622404098512, -1, 1.0
194, 10117, 1493, 595, 421, 365, 0.9480297565460204, -1, 1.0
195, 10117, 1493, 595, 422, 365, 0.947636902332306, -1, 1.0
196, 10117, 1493, 595, 422, 365, 0.9473861455917358, -1, 1.0
197, 10117, 1493, 595, 422, 365, 0.9470614194869996, -1, 1.0
198, 10117, 1493, 595, 422, 365, 0.946813464164734, -1, 1.0
199, 10117, 1493, 596, 422, 364, 0.9468553066253662, -1, 1.0
200, 10117, 1493, 596, 422, 364, 0.9467298984527588, -1, 1.0
201, 10117, 1493, 596, 422, 364, 0.947230100631714, -1, 1.0
202, 10117, 1493, 596, 422, 364, 0.9475401639938354, -1, 1.0
203, 10117, 1493, 595, 422, 364, 0.9473688006401062, -1, 1.0
204, 10117, 1493, 596, 423, 363, 0.9403024911880492, -1, 1.0
205, 10117, 1493, 596, 423, 363, 0.940367877483368, -1, 1.0
206, 10117, 1493, 597, 424, 362, 0.94058358669281, -1, 1.0
207, 10117, 1492, 597, 424, 362, 0.9405246376991272, -1, 1.0
208, 10117, 1492, 597, 424, 362, 0.940659523010254, -1, 1.0
209, 10117, 1492, 597, 424, 362, 0.9404523968696594, -1, 1.0
210, 10117, 1492, 597, 424, 361, 0.9408893585205078, -1, 1.0
211, 10117, 1492, 597, 424, 361, 0.940607249736786, -1, 1.0
212, 10117, 1492, 597, 424, 361, 0.9406615495681764, -1, 1.0
213, 10117, 1492, 597, 424, 361, 0.9406939148902892, -1, 1.0
214, 10117, 1492, 597, 424, 361, 0.9412297010421752, -1, 1.0
215, 10117, 1492, 597, 424, 361, 0.9417536854743958, -1, 1.0
216, 10117, 1493, 597, 424, 361, 0.9399608373641968, -1, 1.0
217, 10117, 1492, 597, 424, 361, 0.9408989548683168, -1, 1.0
218, 10117, 1492, 597, 424, 361, 0.9406471848487854, -1, 1.0
219, 10117, 1493, 597, 424, 361, 0.9406704902648926, -1, 1.0
220, 10117, 1493, 597, 424, 361, 0.9406846165657043, -1, 1.0
221, 10117, 1493, 596, 424, 362, 0.9404094815254213, -1, 1.0
222, 10117, 1493, 597, 423, 361, 0.940649390220642, -1, 1.0
223, 10117, 1493, 597, 423, 361, 0.9401483535766602, -1, 1.0
224, 10117, 1493, 597, 423, 362, 0.9406866431236268, -1, 1.0
225, 10117, 1493, 597, 423, 362, 0.940411388874054, -1, 1.0
226, 10117, 1493, 597, 423, 362, 0.942404806613922, -1, 1.0
227, 10117, 1492, 595, 423, 362, 0.944971799850464, -1, 1.0
228, 10117, 1493, 593, 422, 357, 0.946372091770172, -1, 1.0
229, 10117, 1493, 581, 423, 336, 0.9423561096191406, -1, 1.0
230, 10117, 1492, 576, 423, 317, 0.9498021602630616, -1, 1.0
231, 10117, 1493, 596, 423, 329, 0.938289999961853, -1, 1.0
232, 10117, 1493, 602, 423, 337, 0.9397368431091307, -1, 1.0
233, 10117, 1492, 603, 423, 343, 0.9427799582481384, -1, 1.0
234, 10117, 1492, 602, 423, 348, 0.9424262046813964, -1, 1.0
235, 10117, 1492, 601, 423, 351, 0.8813874125480652, -1, 1.0
236, 10272, 0, 780, 290, 311, 0.9440595507621764, -1, 1.0
236, 10117, 1493, 600, 423, 354, 0.6527674794197083, -1, 1.0
237, 10117, 1494, 600, 422, 356, 0.9450544714927672, -1, 1.0
238, 10117, 1494, 599, 422, 357, 0.9456914067268372, -1, 1.0
239, 10117, 1494, 599, 421, 358, 0.9438046813011168, -1, 1.0
240, 10117, 1494, 599, 422, 359, 0.943733811378479, -1, 1.0
241, 10117, 1494, 598, 422, 359, 0.9433731436729432, -1, 1.0
242, 10117, 1493, 598, 422, 359, 0.9431170225143432, -1, 1.0
243, 10117, 1493, 598, 422, 360, 0.943376123905182, -1, 1.0
244, 10117, 1493, 598, 422, 360, 0.9436463117599488, -1, 1.0
245, 10117, 1493, 598, 422, 360, 0.9439665675163268, -1, 1.0
246, 10117, 1493, 597, 421, 361, 0.9454612731933594, -1, 1.0
247, 10117, 1493, 596, 421, 361, 0.9444165229797364, -1, 1.0
248, 10117, 1493, 596, 421, 362, 0.9439027309417723, -1, 1.0
249, 10117, 1493, 596, 421, 362, 0.9440131187438964, -1, 1.0
250, 10117, 1493, 596, 421, 362, 0.9439809918403624, -1, 1.0
251, 10117, 1493, 595, 421, 362, 0.9438418745994568, -1, 1.0
252, 10117, 1493, 596, 420, 362, 0.9430679082870485, -1, 1.0
253, 10117, 1493, 596, 420, 362, 0.9434173107147216, -1, 1.0
254, 10117, 1493, 596, 420, 363, 0.9428987503051758, -1, 1.0
255, 10117, 1493, 596, 420, 363, 0.942897379398346, -1, 1.0
256, 10117, 1494, 596, 420, 363, 0.9429031610488892, -1, 1.0
257, 10117, 1494, 596, 420, 362, 0.9424102902412416, -1, 1.0
258, 10117, 1493, 596, 420, 363, 0.942393124103546, -1, 1.0
259, 10117, 1494, 596, 420, 362, 0.9425411820411682, -1, 1.0
260, 10117, 1494, 596, 420, 362, 0.9422494173049928, -1, 1.0
261, 10117, 1494, 596, 420, 362, 0.9427723288536072, -1, 1.0
262, 10117, 1494, 596, 420, 362, 0.9426408410072328, -1, 1.0
263, 10117, 1494, 596, 420, 362, 0.9426644444465636, -1, 1.0
264, 10117, 1494, 596, 420, 362, 0.9437731504440308, -1, 1.0
265, 10117, 1494, 596, 420, 362, 0.9441422820091248, -1, 1.0
266, 10117, 1494, 596, 420, 362, 0.9439520239830016, -1, 1.0
267, 10117, 1494, 596, 420, 362, 0.9439351558685304, -1, 1.0
268, 10117, 1494, 596, 420, 362, 0.9438663125038148, -1, 1.0
269, 10117, 1494, 596, 420, 362, 0.9437625408172609, -1, 1.0
270, 10117, 1494, 596, 420, 362, 0.9439685940742492, -1, 1.0
271, 10117, 1494, 596, 420, 362, 0.9438543319702148, -1, 1.0
272, 10117, 1494, 596, 420, 362, 0.944633722305298, -1, 1.0
273, 10117, 1494, 596, 420, 362, 0.9440400004386902, -1, 1.0
274, 10117, 1494, 596, 420, 362, 0.9436862468719482, -1, 1.0
275, 10117, 1494, 596, 420, 362, 0.9434379935264589, -1, 1.0
276, 10117, 1494, 596, 420, 362, 0.9429641366004944, -1, 1.0
277, 10117, 1494, 596, 420, 362, 0.9434815645217896, -1, 1.0
278, 10117, 1494, 596, 420, 362, 0.9438713788986206, -1, 1.0
279, 10117, 1494, 596, 420, 362, 0.943941295146942, -1, 1.0
280, 10117, 1494, 597, 421, 361, 0.942178189754486, -1, 1.0
281, 10117, 1494, 598, 421, 360, 0.9416332840919496, -1, 1.0
282, 10117, 1493, 598, 422, 360, 0.9421344995498656, -1, 1.0
283, 10117, 1493, 598, 422, 360, 0.9435105323791504, -1, 1.0
284, 10117, 1493, 598, 422, 359, 0.9404085874557496, -1, 1.0
285, 10117, 1494, 598, 422, 359, 0.9412288665771484, -1, 1.0
286, 10117, 1494, 598, 422, 359, 0.9417197704315186, -1, 1.0
287, 10117, 1494, 597, 422, 359, 0.94590562582016, -1, 1.0
288, 10117, 1494, 597, 421, 359, 0.9425613880157472, -1, 1.0
289, 10117, 1494, 597, 422, 360, 0.9420738220214844, -1, 1.0
290, 10117, 1493, 598, 422, 359, 0.9392482042312622, -1, 1.0
291, 10117, 1493, 598, 422, 359, 0.9391909241676332, -1, 1.0
292, 10117, 1493, 598, 422, 359, 0.9409089684486388, -1, 1.0
293, 10117, 1493, 598, 422, 359, 0.9405632615089417, -1, 1.0
294, 10117, 1493, 598, 422, 359, 0.9392253756523132, -1, 1.0
295, 10117, 1493, 598, 422, 359, 0.9381371736526488, -1, 1.0
296, 10117, 1492, 599, 422, 359, 0.93952214717865, -1, 1.0
297, 10117, 1493, 598, 421, 360, 0.9425703287124634, -1, 1.0
298, 10117, 1493, 597, 420, 360, 0.9384938478469848, -1, 1.0
299, 10117, 1493, 597, 420, 360, 0.9410178661346436, -1, 1.0
300, 10117, 1494, 598, 420, 360, 0.940858006477356, -1, 1.0
301, 10117, 1494, 598, 420, 360, 0.9414359927177428, -1, 1.0
302, 10117, 1494, 598, 421, 360, 0.9416099190711976, -1, 1.0
303, 10117, 1493, 598, 421, 360, 0.9412845969200134, -1, 1.0
304, 10117, 1493, 598, 421, 361, 0.9412492513656616, -1, 1.0
305, 10117, 1493, 597, 421, 361, 0.9413901567459106, -1, 1.0
306, 10117, 1493, 597, 421, 361, 0.940937042236328, -1, 1.0
307, 10117, 1493, 597, 421, 361, 0.9408760666847228, -1, 1.0
308, 10117, 1493, 597, 421, 361, 0.9406095147132874, -1, 1.0
309, 10117, 1493, 597, 422, 361, 0.9406784176826476, -1, 1.0
310, 10117, 1493, 597, 421, 361, 0.9421594738960266, -1, 1.0
311, 10117, 1494, 597, 421, 361, 0.943243443965912, -1, 1.0
312, 10117, 1494, 597, 421, 362, 0.9452086091041564, -1, 1.0
313, 10117, 1494, 597, 420, 362, 0.9453309774398804, -1, 1.0
314, 10117, 1494, 597, 420, 362, 0.9448102116584778, -1, 1.0
315, 10117, 1494, 596, 420, 363, 0.9442636370658876, -1, 1.0
316, 10117, 1494, 596, 420, 363, 0.9432387351989746, -1, 1.0
317, 10117, 1494, 597, 420, 362, 0.942772090435028, -1, 1.0
318, 10117, 1493, 597, 421, 362, 0.8621384501457214, -1, 1.0
319, 10117, 1493, 597, 421, 360, 0.5830276608467102, -1, 1.0
320, 10117, 1494, 594, 421, 357, 0.9434103965759276, -1, 1.0
321, 10117, 1495, 593, 420, 354, 0.9461939334869384, -1, 1.0
322, 10117, 1495, 595, 420, 355, 0.9387698769569396, -1, 1.0
323, 10117, 1494, 597, 420, 357, 0.9437176585197448, -1, 1.0
324, 10117, 1493, 598, 421, 358, 0.94599586725235, -1, 1.0
325, 10117, 1493, 599, 421, 358, 0.9454084038734436, -1, 1.0
326, 10117, 1493, 599, 422, 359, 0.9448860883712769, -1, 1.0
327, 10117, 1493, 598, 422, 359, 0.9453793168067932, -1, 1.0
328, 10347, 0, 868, 182, 228, 0.945354700088501, -1, 1.0
328, 10117, 1493, 599, 422, 359, 0.5218372941017151, -1, 1.0
329, 10117, 1493, 598, 422, 359, 0.945286214351654, -1, 1.0
330, 10117, 1493, 598, 422, 360, 0.9410662651062012, -1, 1.0
331, 10117, 1493, 598, 422, 360, 0.9415178894996644, -1, 1.0
332, 10117, 1493, 598, 421, 360, 0.9413204193115234, -1, 1.0
333, 10117, 1493, 598, 421, 360, 0.9417588710784912, -1, 1.0
334, 10117, 1493, 598, 421, 360, 0.9411088824272156, -1, 1.0
335, 10117, 1493, 598, 421, 360, 0.9414845705032348, -1, 1.0
336, 10117, 1493, 598, 421, 360, 0.9404484033584596, -1, 1.0
337, 10117, 1493, 598, 421, 360, 0.9405699968338012, -1, 1.0
338, 10117, 1493, 598, 421, 360, 0.9404844641685486, -1, 1.0
339, 10117, 1493, 598, 421, 361, 0.9409629106521606, -1, 1.0
340, 10117, 1493, 598, 422, 361, 0.9414696097373962, -1, 1.0
341, 10117, 1493, 598, 422, 360, 0.9419097900390624, -1, 1.0
342, 10117, 1493, 598, 422, 360, 0.9421098232269288, -1, 1.0
343, 10117, 1493, 598, 422, 360, 0.9426149129867554, -1, 1.0
344, 10117, 1493, 598, 422, 360, 0.9411661028862, -1, 1.0
345, 10117, 1493, 598, 422, 361, 0.9426772594451904, -1, 1.0
346, 10117, 1494, 598, 423, 360, 0.9380645155906676, -1, 1.0
347, 10117, 1494, 599, 423, 360, 0.9422523379325868, -1, 1.0
348, 10117, 1494, 599, 425, 359, 0.9424372911453248, -1, 1.0
349, 10117, 1496, 602, 426, 359, 0.9344483017921448, -1, 1.0
350, 10117, 1497, 604, 427, 359, 0.936615526676178, -1, 1.0
351, 10117, 1499, 606, 429, 359, 0.9446558356285096, -1, 1.0
352, 10117, 1502, 607, 433, 360, 0.8509480953216553, -1, 1.0
353, 10117, 1505, 611, 438, 361, 0.8066503405570984, -1, 1.0
354, 10117, 1507, 611, 444, 363, 0.943394660949707, -1, 1.0
355, 10117, 1513, 614, 453, 367, 0.9472889304161072, -1, 1.0
356, 10117, 1518, 620, 463, 368, 0.9351269006729126, -1, 1.0
357, 10117, 1523, 624, 476, 371, 0.9397704601287842, -1, 1.0
358, 10117, 1529, 627, 492, 374, 0.9331601858139038, -1, 1.0
359, 10117, 1535, 632, 507, 380, 0.8860874176025391, -1, 1.0
360, 10117, 1546, 640, 527, 385, 0.9315338134765624, -1, 1.0
361, 10117, 1564, 648, 543, 389, 0.9101126790046692, -1, 1.0
362, 10117, 1584, 655, 562, 396, 0.8953771591186523, -1, 1.0
363, 10117, 1598, 660, 589, 402, 0.8284779787063599, -1, 1.0
364, 10117, 1649, 679, 598, 402, 0.853743314743042, -1, 1.0
365, 10117, 1680, 690, 621, 405, 0.8665857315063477, -1, 1.0
366, 10117, 1695, 708, 661, 408, 0.6894576549530029, -1, 1.0
367, 10117, 1762, 737, 742, 441, 0.5485804677009583, -1, 1.0
368, 10117, 1819, 759, 735, 448, 0.8898597955703735, -1, 1.0
369, 10361, 2026, 784, 533, 459, 0.8857097029685974, -1, 1.0
369, 10117, 1833, 763, 726, 443, 0.8077780604362488, -1, 1.0
370, 10361, 2058, 781, 501, 451, 0.8026435971260071, -1, 1.0
371, 10361, 2090, 785, 469, 436, 0.8672521114349365, -1, 1.0
372, 10117, 1936, 790, 623, 420, 0.6462283134460449, -1, 1.0
