1, 10015, 404, 113, 200, 158, 0.9496231079101562, -1, 1.0
1, 10048, 1095, 294, 533, 429, 0.9241902828216552, -1, 1.0
2, 10015, 397, 112, 202, 160, 0.9401038885116576, -1, 1.0
2, 10048, 1121, 299, 530, 439, 0.9193292260169984, -1, 1.0
3, 10015, 392, 113, 201, 161, 0.9357085227966307, -1, 1.0
3, 10048, 1141, 309, 537, 447, 0.9323428273200988, -1, 1.0
4, 10015, 389, 114, 202, 163, 0.948204755783081, -1, 1.0
4, 10048, 1158, 314, 549, 458, 0.917669415473938, -1, 1.0
5, 10015, 383, 115, 201, 162, 0.944511890411377, -1, 1.0
5, 10048, 1177, 319, 557, 467, 0.9408199191093444, -1, 1.0
6, 10015, 382, 116, 201, 162, 0.9448094367980956, -1, 1.0
6, 10048, 1181, 319, 561, 471, 0.9409849643707277, -1, 1.0
7, 10058, 1587, 147, 324, 291, 0.9532364010810852, -1, 1.0
7, 10015, 377, 117, 203, 163, 0.9501710534095764, -1, 1.0
7, 10048, 1199, 329, 566, 477, 0.9386002421379088, -1, 1.0
8, 10058, 1574, 146, 336, 288, 0.946277379989624, -1, 1.0
8, 10015, 372, 119, 202, 163, 0.9443151950836182, -1, 1.0
8, 10048, 1221, 344, 571, 480, 0.9162179827690125, -1, 1.0
9, 10062, 630, 212, 37, 34, 0.9519519209861756, -1, 1.0
9, 10058, 1554, 142, 336, 285, 0.9395713806152344, -1, 1.0
9, 10015, 367, 119, 202, 164, 0.9334991574287416, -1, 1.0
9, 10048, 1236, 350, 583, 488, 0.568991482257843, -1, 1.0
10, 10058, 1535, 139, 331, 273, 0.9527337551116944, -1, 1.0
10, 10015, 361, 121, 203, 164, 0.9212696552276612, -1, 1.0
10, 10048, 1263, 360, 593, 496, 0.9151286482810974, -1, 1.0
11, 10058, 1518, 136, 326, 268, 0.957342267036438, -1, 1.0
11, 10015, 356, 121, 206, 166, 0.9529190063476562, -1, 1.0
11, 10048, 1280, 365, 604, 502, 0.9345617890357972, -1, 1.0
12, 10058, 1503, 134, 323, 261, 0.950190007686615, -1, 1.0
12, 10015, 351, 121, 208, 168, 0.9151654839515686, -1, 1.0
12, 10048, 1296, 370, 614, 506, 0.896397054195404, -1, 1.0
13, 10058, 1489, 133, 319, 259, 0.9459974765777588, -1, 1.0
13, 10015, 346, 122, 211, 170, 0.9207308292388916, -1, 1.0
13, 10048, 1314, 379, 605, 496, 0.9018945693969728, -1, 1.0
14, 10058, 1474, 132, 314, 259, 0.948466956615448, -1, 1.0
14, 10015, 340, 121, 213, 173, 0.9249014258384703, -1, 1.0
14, 10048, 1330, 397, 589, 506, 0.9225007891654968, -1, 1.0
15, 10058, 1460, 128, 311, 258, 0.9535890221595764, -1, 1.0
15, 10015, 334, 122, 215, 174, 0.9333091974258424, -1, 1.0
15, 10048, 1350, 402, 569, 504, 0.9316619634628296, -1, 1.0
16, 10058, 1447, 128, 310, 256, 0.950227677822113, -1, 1.0
16, 10015, 329, 123, 218, 175, 0.948062300682068, -1, 1.0
16, 10048, 1365, 403, 554, 493, 0.9417135119438172, -1, 1.0
17, 10058, 1436, 130, 304, 252, 0.9548060297966005, -1, 1.0
17, 10015, 323, 124, 219, 177, 0.9388425350189208, -1, 1.0
17, 10048, 1383, 418, 536, 489, 0.7444046139717102, -1, 1.0
18, 10058, 1422, 129, 301, 250, 0.9572318196296692, -1, 1.0
18, 10015, 318, 124, 221, 179, 0.9380056262016296, -1, 1.0
18, 10048, 1400, 438, 519, 493, 0.819506824016571, -1, 1.0
19, 10058, 1414, 128, 298, 247, 0.954937756061554, -1, 1.0
19, 10015, 315, 125, 223, 180, 0.9503424167633056, -1, 1.0
19, 10048, 1433, 440, 486, 479, 0.8094159960746765, -1, 1.0
20, 10058, 1404, 129, 297, 244, 0.9648301601409912, -1, 1.0
20, 10015, 310, 125, 225, 181, 0.9593292474746704, -1, 1.0
20, 10048, 1463, 463, 456, 483, 0.6708803772926331, -1, 1.0
21, 10058, 1392, 129, 292, 240, 0.9572654366493224, -1, 1.0
21, 10015, 306, 126, 226, 182, 0.9466172456741332, -1, 1.0
21, 10048, 1482, 481, 437, 486, 0.7158651947975159, -1, 1.0
22, 10058, 1389, 130, 288, 237, 0.957768440246582, -1, 1.0
22, 10015, 305, 126, 226, 183, 0.9466567039489746, -1, 1.0
22, 10048, 1493, 487, 426, 489, 0.7147196531295776, -1, 1.0
23, 10058, 1389, 131, 285, 235, 0.9469486474990844, -1, 1.0
23, 10015, 304, 126, 226, 183, 0.7120039463043213, -1, 1.0
23, 10048, 1499, 488, 420, 491, 0.6829036474227905, -1, 1.0
24, 10078, 1832, 249, 86, 230, 0.9575843214988708, -1, 1.0
24, 10058, 1389, 131, 283, 234, 0.9466362595558168, -1, 1.0
24, 10015, 304, 125, 226, 184, 0.7125208377838135, -1, 1.0
24, 10048, 1503, 487, 416, 493, 0.689522922039032, -1, 1.0
25, 10078, 1832, 250, 86, 229, 0.9561938047409058, -1, 1.0
25, 10058, 1390, 131, 281, 234, 0.9480255842208862, -1, 1.0
25, 10015, 305, 125, 226, 184, 0.6973060965538025, -1, 1.0
25, 10048, 1505, 487, 414, 495, 0.672369658946991, -1, 1.0
26, 10078, 1832, 251, 86, 228, 0.956018567085266, -1, 1.0
26, 10058, 1391, 131, 280, 233, 0.9488981366157532, -1, 1.0
26, 10015, 305, 125, 226, 184, 0.6920735239982605, -1, 1.0
26, 10048, 1507, 486, 412, 497, 0.6798473596572876, -1, 1.0
27, 10078, 1832, 253, 86, 227, 0.955602765083313, -1, 1.0
27, 10058, 1392, 132, 279, 233, 0.9488553404808044, -1, 1.0
27, 10015, 306, 125, 226, 184, 0.6918560862541199, -1, 1.0
27, 10048, 1508, 484, 412, 497, 0.6861168742179871, -1, 1.0
28, 10078, 1832, 253, 86, 226, 0.9563033580780028, -1, 1.0
28, 10058, 1393, 132, 279, 233, 0.9490253925323486, -1, 1.0
28, 10015, 306, 125, 226, 184, 0.6997941732406616, -1, 1.0
28, 10048, 1508, 483, 411, 497, 0.6901662945747375, -1, 1.0
29, 10078, 1833, 254, 85, 225, 0.9561968445777892, -1, 1.0
29, 10058, 1393, 132, 279, 233, 0.948922634124756, -1, 1.0
29, 10015, 306, 126, 226, 184, 0.6970888376235962, -1, 1.0
29, 10048, 1508, 482, 411, 497, 0.6874199509620667, -1, 1.0
30, 10078, 1833, 254, 85, 225, 0.956226408481598, -1, 1.0
30, 10058, 1394, 132, 279, 233, 0.948984444141388, -1, 1.0
30, 10015, 306, 126, 226, 184, 0.6938607096672058, -1, 1.0
30, 10048, 1509, 482, 410, 497, 0.6877195239067078, -1, 1.0
31, 10078, 1833, 254, 85, 225, 0.9564427137374878, -1, 1.0
31, 10058, 1394, 132, 279, 233, 0.9487351179122924, -1, 1.0
31, 10015, 306, 125, 226, 184, 0.7029303312301636, -1, 1.0
31, 10048, 1508, 482, 411, 497, 0.691204309463501, -1, 1.0
32, 10078, 1732, 203, 153, 274, 0.9431408643722534, -1, 1.0
32, 10058, 1320, 127, 270, 223, 0.9420297145843506, -1, 1.0
32, 10015, 289, 134, 231, 192, 0.9290778636932372, -1, 1.0
33, 10078, 1677, 183, 203, 289, 0.9417122602462769, -1, 1.0
33, 10058, 1288, 127, 265, 216, 0.9309428930282592, -1, 1.0
33, 10015, 282, 138, 236, 198, 0.9243001341819764, -1, 1.0
34, 10078, 1641, 177, 242, 291, 0.9477781653404236, -1, 1.0
34, 10058, 1272, 126, 260, 210, 0.9427545070648192, -1, 1.0
34, 10015, 279, 140, 239, 203, 0.931205987930298, -1, 1.0
35, 10078, 1615, 168, 274, 294, 0.9492139220237732, -1, 1.0
35, 10058, 1260, 124, 256, 207, 0.9441349506378174, -1, 1.0
35, 10015, 272, 140, 244, 209, 0.9237130880355836, -1, 1.0
36, 10078, 1593, 161, 302, 294, 0.9430264830589294, -1, 1.0
36, 10058, 1249, 125, 253, 202, 0.9364678263664246, -1, 1.0
36, 10015, 272, 142, 248, 211, 0.9349045753479004, -1, 1.0
37, 10078, 1574, 157, 322, 290, 0.9427915811538696, -1, 1.0
37, 10058, 1240, 123, 249, 201, 0.9358327984809875, -1, 1.0
37, 10015, 273, 142, 250, 215, 0.5639910697937012, -1, 1.0
38, 10078, 1552, 156, 332, 286, 0.9582571387290956, -1, 1.0
38, 10058, 1233, 123, 245, 198, 0.942707061767578, -1, 1.0
38, 10015, 273, 142, 253, 219, 0.9372859597206116, -1, 1.0
39, 10078, 1533, 154, 340, 283, 0.9594175815582277, -1, 1.0
39, 10058, 1224, 122, 243, 197, 0.9593878388404846, -1, 1.0
39, 10015, 269, 144, 258, 220, 0.9324743151664734, -1, 1.0
40, 10078, 1525, 154, 345, 280, 0.9593197107315063, -1, 1.0
40, 10058, 1222, 122, 241, 196, 0.9589405059814452, -1, 1.0
40, 10015, 267, 144, 261, 222, 0.9325236678123474, -1, 1.0
41, 10078, 1522, 154, 349, 277, 0.960171103477478, -1, 1.0
41, 10058, 1222, 123, 240, 195, 0.9551767706871032, -1, 1.0
41, 10015, 265, 148, 263, 220, 0.9369606971740724, -1, 1.0
42, 10078, 1492, 150, 346, 274, 0.9650567173957824, -1, 1.0
42, 10058, 1208, 122, 237, 194, 0.958535134792328, -1, 1.0
42, 10015, 268, 151, 268, 224, 0.9194459319114684, -1, 1.0
43, 10078, 1472, 147, 344, 270, 0.9566450715065002, -1, 1.0
43, 10058, 1198, 119, 236, 193, 0.9485465288162231, -1, 1.0
43, 10015, 271, 156, 270, 226, 0.9114369750022888, -1, 1.0
44, 10078, 1454, 144, 341, 267, 0.9586098790168762, -1, 1.0
44, 10058, 1189, 116, 238, 193, 0.9402433037757874, -1, 1.0
44, 10015, 271, 157, 274, 229, 0.8959829211235046, -1, 1.0
45, 10078, 1439, 142, 337, 262, 0.9485644698143004, -1, 1.0
45, 10058, 1177, 115, 238, 193, 0.9253610372543336, -1, 1.0
45, 10015, 273, 159, 277, 232, 0.7901986241340637, -1, 1.0
46, 10095, 529, 172, 145, 75, 0.9528220295906068, -1, 1.0
46, 10078, 1424, 142, 335, 257, 0.9447312355041504, -1, 1.0
46, 10058, 1169, 120, 233, 189, 0.9209297299385072, -1, 1.0
46, 10015, 276, 162, 281, 235, 0.6920350790023804, -1, 1.0
47, 10095, 521, 167, 147, 80, 0.9377759099006652, -1, 1.0
47, 10078, 1417, 141, 330, 253, 0.9363252520561218, -1, 1.0
47, 10058, 1160, 117, 230, 187, 0.9179656505584716, -1, 1.0
47, 10015, 280, 163, 284, 239, 0.8119714856147766, -1, 1.0
48, 10095, 513, 164, 143, 82, 0.9448111653327942, -1, 1.0
48, 10078, 1404, 142, 325, 249, 0.9380412101745604, -1, 1.0
48, 10058, 1155, 114, 228, 187, 0.9317492246627808, -1, 1.0
48, 10015, 281, 166, 288, 242, 0.7690277099609375, -1, 1.0
49, 10095, 498, 163, 135, 84, 0.957446038722992, -1, 1.0
49, 10078, 1393, 140, 321, 245, 0.9449623823165894, -1, 1.0
49, 10058, 1151, 111, 226, 187, 0.9302411079406738, -1, 1.0
49, 10015, 284, 168, 291, 245, 0.6654078960418701, -1, 1.0
50, 10095, 506, 160, 141, 89, 0.9519625306129456, -1, 1.0
50, 10078, 1381, 139, 318, 243, 0.9475261569023132, -1, 1.0
50, 10058, 1144, 113, 222, 184, 0.922515332698822, -1, 1.0
50, 10015, 289, 173, 296, 247, 0.5682666301727295, -1, 1.0
51, 10078, 1371, 134, 314, 243, 0.9709511399269104, -1, 1.0
51, 10058, 1138, 113, 218, 183, 0.9460194706916808, -1, 1.0
51, 10015, 293, 174, 302, 252, 0.9399247169494628, -1, 1.0
52, 10078, 1368, 133, 311, 243, 0.9703638553619384, -1, 1.0
52, 10058, 1137, 113, 214, 182, 0.9449782967567444, -1, 1.0
52, 10015, 293, 174, 305, 255, 0.9403390884399414, -1, 1.0
53, 10078, 1368, 133, 309, 243, 0.9706427454948424, -1, 1.0
53, 10058, 1138, 113, 212, 181, 0.9445404410362244, -1, 1.0
53, 10015, 292, 173, 308, 258, 0.94001042842865, -1, 1.0
54, 10078, 1369, 133, 308, 242, 0.9708544611930848, -1, 1.0
54, 10058, 1139, 113, 210, 181, 0.9449524879455566, -1, 1.0
54, 10015, 292, 172, 310, 259, 0.94047611951828, -1, 1.0
55, 10078, 1370, 134, 306, 241, 0.9708752632141112, -1, 1.0
55, 10058, 1140, 113, 209, 181, 0.9440338015556335, -1, 1.0
55, 10015, 291, 172, 312, 260, 0.9402217864990234, -1, 1.0
56, 10078, 1371, 134, 305, 241, 0.9710959196090698, -1, 1.0
56, 10058, 1141, 113, 208, 181, 0.9447787404060364, -1, 1.0
56, 10015, 291, 171, 313, 261, 0.9392937421798706, -1, 1.0
57, 10078, 1372, 135, 304, 240, 0.9710355401039124, -1, 1.0
57, 10058, 1141, 113, 207, 181, 0.9456626176834106, -1, 1.0
57, 10015, 290, 171, 313, 262, 0.9397240281105042, -1, 1.0
58, 10078, 1372, 136, 304, 240, 0.9710960388183594, -1, 1.0
58, 10058, 1142, 113, 207, 181, 0.9458552598953248, -1, 1.0
58, 10015, 290, 170, 314, 262, 0.940567672252655, -1, 1.0
59, 10078, 1373, 136, 303, 239, 0.9710546731948853, -1, 1.0
59, 10058, 1142, 113, 206, 181, 0.945254921913147, -1, 1.0
59, 10015, 289, 170, 314, 263, 0.9401870369911194, -1, 1.0
60, 10078, 1374, 136, 303, 239, 0.9711502194404602, -1, 1.0
60, 10058, 1142, 113, 207, 181, 0.9442960619926452, -1, 1.0
60, 10015, 289, 170, 314, 263, 0.9399943947792052, -1, 1.0
61, 10078, 1374, 136, 302, 239, 0.971778392791748, -1, 1.0
61, 10058, 1142, 113, 207, 181, 0.9430338740348816, -1, 1.0
61, 10015, 290, 169, 314, 263, 0.942384660243988, -1, 1.0
62, 10078, 1292, 128, 296, 232, 0.953176200389862, -1, 1.0
62, 10058, 1095, 110, 206, 176, 0.9422505497932434, -1, 1.0
62, 10015, 319, 206, 326, 272, 0.8633195161819458, -1, 1.0
63, 10078, 1258, 125, 289, 225, 0.961891770362854, -1, 1.0
63, 10058, 1076, 109, 204, 172, 0.9448023438453674, -1, 1.0
63, 10015, 331, 223, 335, 278, 0.8872162103652954, -1, 1.0
64, 10078, 1241, 125, 283, 219, 0.932258129119873, -1, 1.0
64, 10058, 1067, 108, 203, 171, 0.9169644117355348, -1, 1.0
64, 10015, 337, 234, 343, 283, 0.8747222423553467, -1, 1.0
65, 10114, 334, 112, 189, 132, 0.9572690725326538, -1, 1.0
65, 10078, 1229, 125, 278, 215, 0.929202914237976, -1, 1.0
65, 10058, 1058, 105, 204, 171, 0.9206406474113464, -1, 1.0
65, 10015, 340, 239, 350, 287, 0.8764664530754089, -1, 1.0
66, 10114, 329, 110, 188, 135, 0.9618221521377563, -1, 1.0
66, 10078, 1218, 124, 275, 212, 0.9429114460945128, -1, 1.0
66, 10058, 1048, 107, 202, 168, 0.9336739778518676, -1, 1.0
66, 10015, 341, 241, 356, 292, 0.8516796231269836, -1, 1.0
67, 10114, 323, 106, 191, 139, 0.9373904466629028, -1, 1.0
67, 10078, 1212, 123, 271, 209, 0.9366400241851808, -1, 1.0
67, 10058, 1042, 109, 200, 164, 0.9207831621170044, -1, 1.0
67, 10015, 344, 246, 362, 295, 0.8525505661964417, -1, 1.0
68, 10114, 318, 105, 192, 143, 0.943705141544342, -1, 1.0
68, 10078, 1204, 122, 268, 207, 0.931924045085907, -1, 1.0
68, 10058, 1035, 106, 199, 163, 0.8852243423461914, -1, 1.0
68, 10015, 345, 251, 368, 299, 0.8667210340499878, -1, 1.0
69, 10114, 312, 102, 194, 146, 0.9309292435646056, -1, 1.0
69, 10078, 1197, 122, 266, 205, 0.9235862493515016, -1, 1.0
69, 10058, 1031, 108, 195, 160, 0.8791810274124146, -1, 1.0
69, 10015, 347, 255, 374, 304, 0.8678920269012451, -1, 1.0
70, 10114, 306, 100, 195, 148, 0.9328867197036744, -1, 1.0
70, 10078, 1191, 122, 262, 203, 0.905030369758606, -1, 1.0
70, 10058, 1028, 106, 196, 160, 0.8865490555763245, -1, 1.0
70, 10015, 351, 256, 379, 309, 0.8240054845809937, -1, 1.0
71, 10121, 1723, 209, 186, 303, 0.9603498578071594, -1, 1.0
71, 10114, 299, 101, 196, 150, 0.9279664754867554, -1, 1.0
71, 10078, 1185, 121, 258, 202, 0.9141863584518432, -1, 1.0
71, 10058, 1022, 107, 200, 159, 0.8886709809303284, -1, 1.0
71, 10015, 354, 258, 385, 316, 0.8699023127555847, -1, 1.0
72, 10121, 1705, 203, 203, 302, 0.9583833813667296, -1, 1.0
72, 10114, 295, 101, 195, 151, 0.9408599138259888, -1, 1.0
72, 10078, 1178, 122, 258, 200, 0.912128448486328, -1, 1.0
72, 10058, 1010, 104, 199, 159, 0.8364493250846863, -1, 1.0
72, 10015, 356, 260, 391, 322, 0.833164393901825, -1, 1.0
73, 10121, 1689, 197, 219, 300, 0.963105320930481, -1, 1.0
73, 10114, 292, 101, 194, 152, 0.9366089701652528, -1, 1.0
73, 10078, 1170, 122, 255, 199, 0.917768120765686, -1, 1.0
73, 10058, 1007, 105, 195, 157, 0.876623272895813, -1, 1.0
73, 10015, 358, 263, 398, 329, 0.8298621773719788, -1, 1.0
74, 10121, 1674, 194, 234, 297, 0.9688135981559752, -1, 1.0
74, 10114, 288, 100, 195, 154, 0.939725697040558, -1, 1.0
74, 10078, 1163, 121, 252, 197, 0.9248324632644652, -1, 1.0
74, 10058, 1006, 108, 192, 154, 0.916102945804596, -1, 1.0
74, 10015, 361, 268, 405, 336, 0.7512338757514954, -1, 1.0
75, 10121, 1667, 195, 244, 294, 0.9688294529914856, -1, 1.0
75, 10114, 287, 99, 196, 156, 0.9396686553955078, -1, 1.0
75, 10078, 1161, 122, 250, 196, 0.9252541065216064, -1, 1.0
75, 10058, 1006, 109, 189, 152, 0.915910005569458, -1, 1.0
75, 10015, 360, 269, 409, 341, 0.7526168823242188, -1, 1.0
76, 10121, 1663, 196, 250, 291, 0.9686504602432252, -1, 1.0
76, 10114, 286, 99, 196, 157, 0.9422177672386168, -1, 1.0
76, 10078, 1161, 122, 249, 195, 0.9256445169448853, -1, 1.0
76, 10058, 1007, 110, 188, 151, 0.9115039110183716, -1, 1.0
76, 10015, 359, 268, 413, 345, 0.7525593042373657, -1, 1.0
77, 10121, 1661, 197, 255, 288, 0.9686036109924316, -1, 1.0
77, 10114, 286, 99, 196, 157, 0.9426393508911132, -1, 1.0
77, 10078, 1161, 122, 247, 194, 0.9262802600860596, -1, 1.0
77, 10058, 1008, 111, 187, 149, 0.9111344218254088, -1, 1.0
77, 10015, 358, 266, 415, 348, 0.752821683883667, -1, 1.0
78, 10121, 1660, 199, 257, 286, 0.9684896469116212, -1, 1.0
78, 10114, 287, 98, 196, 158, 0.943245530128479, -1, 1.0
78, 10078, 1162, 123, 247, 193, 0.9260492920875548, -1, 1.0
78, 10058, 1009, 112, 186, 149, 0.9116342067718506, -1, 1.0
78, 10015, 357, 265, 417, 349, 0.753748893737793, -1, 1.0
79, 10121, 1660, 200, 259, 284, 0.968643844127655, -1, 1.0
79, 10114, 287, 98, 196, 158, 0.942815363407135, -1, 1.0
79, 10078, 1163, 123, 246, 193, 0.925873637199402, -1, 1.0
79, 10058, 1009, 112, 186, 148, 0.9115262031555176, -1, 1.0
79, 10015, 356, 264, 418, 351, 0.7538628578186035, -1, 1.0
80, 10121, 1659, 201, 260, 283, 0.9686672687530518, -1, 1.0
80, 10114, 287, 98, 196, 158, 0.9421611428260804, -1, 1.0
80, 10078, 1163, 123, 245, 192, 0.9259286522865297, -1, 1.0
80, 10058, 1010, 112, 185, 148, 0.9116328954696656, -1, 1.0
80, 10015, 356, 264, 419, 352, 0.7548043727874756, -1, 1.0
81, 10121, 1659, 202, 260, 282, 0.9678928256034852, -1, 1.0
81, 10114, 287, 98, 196, 158, 0.9432414174079896, -1, 1.0
81, 10078, 1164, 124, 245, 192, 0.9287289977073668, -1, 1.0
81, 10058, 1007, 113, 184, 148, 0.9278960227966307, -1, 1.0
81, 10015, 355, 263, 420, 353, 0.8136609792709351, -1, 1.0
82, 10121, 1660, 202, 259, 280, 0.9678977131843568, -1, 1.0
82, 10114, 287, 98, 196, 158, 0.9433262348175048, -1, 1.0
82, 10078, 1164, 124, 245, 192, 0.9282034635543824, -1, 1.0
82, 10058, 1006, 113, 184, 148, 0.9265580177307128, -1, 1.0
82, 10015, 355, 262, 421, 354, 0.8214327692985535, -1, 1.0
83, 10121, 1660, 203, 259, 279, 0.96772700548172, -1, 1.0
83, 10114, 287, 98, 196, 158, 0.9438000321388244, -1, 1.0
83, 10078, 1165, 124, 245, 192, 0.9276847839355468, -1, 1.0
83, 10058, 1006, 113, 184, 148, 0.9269049763679504, -1, 1.0
83, 10015, 355, 262, 421, 355, 0.8240647912025452, -1, 1.0
84, 10121, 1660, 203, 259, 278, 0.9679200649261476, -1, 1.0
84, 10114, 288, 98, 195, 158, 0.9433010220527648, -1, 1.0
84, 10078, 1165, 124, 244, 192, 0.9279683232307434, -1, 1.0
84, 10058, 1006, 113, 184, 148, 0.9271442294120787, -1, 1.0
84, 10015, 354, 261, 421, 355, 0.8258031010627747, -1, 1.0
85, 10121, 1660, 204, 259, 278, 0.9683340191841124, -1, 1.0
85, 10114, 288, 98, 195, 158, 0.9409207701683044, -1, 1.0
85, 10078, 1165, 124, 244, 192, 0.9296873211860656, -1, 1.0
85, 10058, 1006, 113, 183, 148, 0.9293402433395386, -1, 1.0
85, 10015, 355, 261, 421, 356, 0.8217453360557556, -1, 1.0
86, 10121, 1661, 204, 258, 277, 0.9684348702430724, -1, 1.0
86, 10114, 288, 98, 195, 158, 0.9417446851730348, -1, 1.0
86, 10078, 1166, 124, 244, 192, 0.9297747015953064, -1, 1.0
86, 10058, 1006, 114, 183, 148, 0.9292463660240172, -1, 1.0
86, 10015, 355, 261, 421, 356, 0.8198513984680176, -1, 1.0
87, 10121, 1661, 205, 258, 276, 0.9685689210891724, -1, 1.0
87, 10114, 288, 98, 194, 158, 0.9416305422782898, -1, 1.0
87, 10078, 1166, 124, 243, 192, 0.9302905797958374, -1, 1.0
87, 10058, 1007, 114, 183, 148, 0.9292367100715636, -1, 1.0
87, 10015, 355, 261, 421, 356, 0.8175959587097168, -1, 1.0
88, 10121, 1661, 205, 258, 276, 0.9685620069503784, -1, 1.0
88, 10114, 288, 98, 194, 158, 0.941153049468994, -1, 1.0
88, 10078, 1166, 124, 243, 192, 0.9300455451011658, -1, 1.0
88, 10058, 1007, 114, 183, 148, 0.9291903972625732, -1, 1.0
88, 10015, 355, 261, 421, 356, 0.8149277567863464, -1, 1.0
89, 10121, 1661, 205, 258, 275, 0.9686118960380554, -1, 1.0
89, 10114, 289, 99, 194, 157, 0.941049575805664, -1, 1.0
89, 10078, 1167, 124, 243, 192, 0.9299991130828856, -1, 1.0
89, 10058, 1007, 114, 183, 148, 0.928835928440094, -1, 1.0
89, 10015, 355, 260, 421, 357, 0.828913152217865, -1, 1.0
90, 10121, 1662, 206, 257, 275, 0.9686389565467834, -1, 1.0
90, 10114, 289, 99, 194, 157, 0.941146194934845, -1, 1.0
90, 10078, 1167, 124, 243, 192, 0.9300606846809388, -1, 1.0
90, 10058, 1006, 114, 184, 148, 0.9287392497062684, -1, 1.0
90, 10015, 355, 261, 421, 356, 0.8260056972503662, -1, 1.0
91, 10121, 1662, 206, 257, 274, 0.9685860276222228, -1, 1.0
91, 10114, 289, 99, 194, 157, 0.940960705280304, -1, 1.0
91, 10078, 1167, 124, 243, 192, 0.928886651992798, -1, 1.0
91, 10058, 1007, 114, 183, 148, 0.92875337600708, -1, 1.0
91, 10015, 355, 261, 421, 356, 0.8216389417648315, -1, 1.0
92, 10114, 264, 115, 202, 166, 0.9584279656410216, -1, 1.0
92, 10058, 1047, 120, 190, 152, 0.9329680800437928, -1, 1.0
92, 10015, 443, 377, 471, 400, 0.9320035576820374, -1, 1.0
93, 10114, 254, 120, 209, 173, 0.954293131828308, -1, 1.0
93, 10058, 1058, 121, 194, 155, 0.938795804977417, -1, 1.0
93, 10015, 477, 425, 511, 434, 0.923228085041046, -1, 1.0
94, 10114, 248, 120, 214, 178, 0.941516101360321, -1, 1.0
94, 10058, 1060, 121, 194, 157, 0.9153235554695128, -1, 1.0
94, 10015, 485, 443, 545, 462, 0.904399275779724, -1, 1.0
95, 10140, 945, 107, 275, 183, 0.961426079273224, -1, 1.0
95, 10121, 1790, 264, 129, 251, 0.9006083011627197, -1, 1.0
95, 10114, 246, 121, 218, 182, 0.8978670239448547, -1, 1.0
95, 10058, 1048, 120, 202, 159, 0.8124787211418152, -1, 1.0
95, 10015, 489, 455, 572, 486, 0.681292712688446, -1, 1.0
96, 10140, 945, 106, 305, 185, 0.9536862373352052, -1, 1.0
96, 10121, 1794, 261, 125, 248, 0.921794593334198, -1, 1.0
96, 10114, 246, 121, 221, 186, 0.906804084777832, -1, 1.0
96, 10058, 1044, 120, 204, 159, 0.856044590473175, -1, 1.0
96, 10015, 501, 471, 591, 511, 0.8504875898361206, -1, 1.0
97, 10140, 942, 107, 313, 181, 0.958563506603241, -1, 1.0
97, 10121, 1791, 255, 128, 246, 0.9233588576316832, -1, 1.0
97, 10114, 244, 120, 225, 190, 0.8824136257171631, -1, 1.0
97, 10015, 514, 476, 606, 524, 0.8805116415023804, -1, 1.0
98, 10140, 940, 108, 313, 178, 0.9547645449638368, -1, 1.0
98, 10121, 1782, 252, 137, 244, 0.9150249361991882, -1, 1.0
98, 10114, 244, 121, 229, 193, 0.878862738609314, -1, 1.0
98, 10015, 520, 492, 621, 542, 0.8404979109764099, -1, 1.0
99, 10140, 905, 128, 245, 153, 0.9508026838302612, -1, 1.0
99, 10121, 1770, 248, 146, 241, 0.9012009501457214, -1, 1.0
99, 10114, 243, 121, 232, 196, 0.8445503115653992, -1, 1.0
99, 10015, 528, 508, 642, 559, 0.8046848773956299, -1, 1.0
100, 10140, 901, 139, 198, 133, 0.9418596625328064, -1, 1.0
100, 10121, 1760, 243, 154, 240, 0.9084829092025756, -1, 1.0
100, 10114, 240, 122, 236, 198, 0.8602179288864136, -1, 1.0
100, 10058, 978, 117, 236, 159, 0.820214033126831, -1, 1.0
100, 10015, 537, 515, 655, 568, 0.5878409743309021, -1, 1.0
101, 10143, 1321, 153, 279, 206, 0.93737530708313, -1, 1.0
101, 10121, 1746, 245, 164, 235, 0.9357499480247498, -1, 1.0
101, 10114, 241, 124, 241, 201, 0.9348324537277222, -1, 1.0
101, 10058, 955, 115, 252, 159, 0.9143300652503968, -1, 1.0
101, 10015, 554, 524, 668, 563, 0.8588969707489014, -1, 1.0
102, 10143, 1311, 153, 275, 204, 0.944679319858551, -1, 1.0
102, 10121, 1731, 236, 176, 238, 0.9443443417549132, -1, 1.0
102, 10114, 241, 125, 246, 204, 0.9260069727897644, -1, 1.0
102, 10058, 945, 121, 259, 153, 0.9032710790634156, -1, 1.0
102, 10015, 571, 536, 679, 551, 0.8320767283439636, -1, 1.0
103, 10140, 921, 159, 133, 100, 0.9442080855369568, -1, 1.0
103, 10143, 1301, 152, 272, 202, 0.9439222812652588, -1, 1.0
103, 10121, 1718, 229, 188, 238, 0.9271674752235411, -1, 1.0
103, 10114, 243, 125, 251, 206, 0.9129914045333862, -1, 1.0
103, 10015, 584, 537, 697, 546, 0.8522417545318604, -1, 1.0
104, 10140, 927, 163, 121, 93, 0.9401324391365052, -1, 1.0
104, 10143, 1292, 152, 268, 199, 0.9276583194732666, -1, 1.0
104, 10121, 1704, 225, 200, 238, 0.9176236391067504, -1, 1.0
104, 10114, 243, 127, 255, 207, 0.8359231352806091, -1, 1.0
104, 10015, 600, 550, 705, 526, 0.6769077777862549, -1, 1.0
105, 10144, 998, 114, 211, 155, 0.959255874156952, -1, 1.0
105, 10140, 930, 178, 103, 79, 0.9456665515899658, -1, 1.0
105, 10143, 1286, 151, 264, 197, 0.940925657749176, -1, 1.0
105, 10121, 1691, 222, 214, 238, 0.9306436777114868, -1, 1.0
105, 10114, 242, 129, 257, 210, 0.8283769488334656, -1, 1.0
105, 10015, 619, 572, 713, 515, 0.6777394413948059, -1, 1.0
106, 10144, 991, 114, 211, 155, 0.9518198370933532, -1, 1.0
106, 10140, 931, 190, 85, 66, 0.9419848918914796, -1, 1.0
106, 10143, 1278, 150, 261, 194, 0.9325817227363586, -1, 1.0
106, 10121, 1676, 217, 228, 238, 0.929924726486206, -1, 1.0
106, 10114, 243, 130, 258, 212, 0.8242349028587341, -1, 1.0
106, 10015, 635, 585, 714, 502, 0.6023766398429871, -1, 1.0
107, 10144, 994, 114, 204, 153, 0.9540948271751404, -1, 1.0
107, 10140, 938, 195, 75, 57, 0.9537562727928162, -1, 1.0
107, 10143, 1269, 148, 258, 192, 0.9260886311531068, -1, 1.0
107, 10121, 1661, 214, 242, 239, 0.9232621192932128, -1, 1.0
107, 10114, 243, 132, 260, 215, 0.7762421369552612, -1, 1.0
107, 10015, 662, 598, 720, 489, 0.5377299189567566, -1, 1.0
108, 10144, 986, 114, 206, 154, 0.9578047394752502, -1, 1.0
108, 10140, 943, 195, 71, 54, 0.9483402371406556, -1, 1.0
108, 10143, 1262, 147, 255, 191, 0.9418666362762452, -1, 1.0
108, 10121, 1647, 211, 256, 237, 0.921657919883728, -1, 1.0
108, 10114, 246, 135, 263, 218, 0.8021082878112793, -1, 1.0
108, 10015, 678, 616, 716, 471, 0.5821804404258728, -1, 1.0
109, 10144, 981, 114, 207, 154, 0.9528460502624512, -1, 1.0
109, 10140, 941, 194, 66, 53, 0.9480800032615662, -1, 1.0
109, 10143, 1251, 146, 254, 189, 0.9395959377288818, -1, 1.0
109, 10121, 1632, 208, 270, 234, 0.919646680355072, -1, 1.0
109, 10114, 245, 137, 267, 220, 0.6374853849411011, -1, 1.0
109, 10015, 706, 628, 720, 459, 0.5863396525382996, -1, 1.0
110, 10144, 983, 114, 205, 154, 0.9555212259292604, -1, 1.0
110, 10143, 1243, 144, 252, 188, 0.9418745636940002, -1, 1.0
110, 10121, 1619, 204, 282, 232, 0.9388096928596495, -1, 1.0
110, 10114, 246, 138, 269, 222, 0.9301491975784302, -1, 1.0
110, 10015, 729, 654, 717, 433, 0.8050346374511719, -1, 1.0
111, 10144, 985, 114, 202, 153, 0.961155652999878, -1, 1.0
111, 10143, 1236, 143, 249, 187, 0.95599764585495, -1, 1.0
111, 10121, 1605, 200, 291, 230, 0.9419209957122804, -1, 1.0
111, 10114, 250, 139, 270, 225, 0.9201533198356628, -1, 1.0
111, 10015, 748, 672, 720, 415, 0.7954245805740356, -1, 1.0
112, 10144, 986, 114, 200, 152, 0.9611082673072816, -1, 1.0
112, 10143, 1234, 142, 248, 187, 0.9558204412460328, -1, 1.0
112, 10121, 1599, 200, 297, 229, 0.9426034688949584, -1, 1.0
112, 10114, 252, 139, 270, 227, 0.9210734963417052, -1, 1.0
112, 10015, 755, 681, 720, 406, 0.8024733662605286, -1, 1.0
113, 10144, 987, 114, 199, 152, 0.961094856262207, -1, 1.0
113, 10143, 1234, 142, 246, 186, 0.9556751847267152, -1, 1.0
113, 10121, 1595, 199, 301, 228, 0.9420141577720642, -1, 1.0
113, 10114, 253, 139, 270, 227, 0.9226299524307252, -1, 1.0
113, 10015, 758, 686, 720, 401, 0.8030234575271606, -1, 1.0
114, 10144, 988, 115, 198, 152, 0.9605920314788818, -1, 1.0
114, 10143, 1234, 143, 245, 186, 0.9557801485061646, -1, 1.0
114, 10121, 1593, 199, 304, 227, 0.9411281943321228, -1, 1.0
114, 10114, 253, 139, 270, 228, 0.9226633310317992, -1, 1.0
114, 10015, 758, 690, 719, 397, 0.8009094595909119, -1, 1.0
115, 10144, 988, 115, 198, 151, 0.9601300358772278, -1, 1.0
115, 10143, 1235, 144, 245, 185, 0.9552032947540284, -1, 1.0
115, 10121, 1592, 199, 306, 227, 0.9413542151451112, -1, 1.0
115, 10114, 254, 138, 270, 228, 0.9240025281906128, -1, 1.0
115, 10015, 758, 692, 718, 394, 0.8015296459197998, -1, 1.0
116, 10144, 988, 115, 197, 152, 0.95993971824646, -1, 1.0
116, 10143, 1235, 144, 244, 185, 0.9545642733573914, -1, 1.0
116, 10121, 1591, 199, 307, 227, 0.9414031505584716, -1, 1.0
116, 10114, 254, 138, 270, 229, 0.9237158298492432, -1, 1.0
116, 10015, 758, 693, 718, 390, 0.802524983882904, -1, 1.0
117, 10144, 988, 115, 197, 151, 0.960615873336792, -1, 1.0
117, 10143, 1236, 143, 244, 185, 0.9547414779663086, -1, 1.0
117, 10121, 1591, 200, 309, 226, 0.9415771961212158, -1, 1.0
117, 10114, 254, 137, 270, 229, 0.9235568642616272, -1, 1.0
117, 10015, 758, 694, 717, 388, 0.8016680479049683, -1, 1.0
118, 10144, 989, 114, 197, 152, 0.9602373838424684, -1, 1.0
118, 10143, 1236, 143, 244, 186, 0.9547131657600404, -1, 1.0
118, 10121, 1591, 200, 310, 226, 0.9416232705116272, -1, 1.0
118, 10114, 254, 137, 270, 229, 0.9233832359313964, -1, 1.0
118, 10015, 757, 695, 717, 386, 0.8001090288162231, -1, 1.0
119, 10144, 989, 114, 197, 152, 0.9601879119873048, -1, 1.0
119, 10143, 1237, 143, 244, 185, 0.9546218514442444, -1, 1.0
119, 10121, 1591, 200, 310, 226, 0.9416753649711608, -1, 1.0
119, 10114, 254, 137, 270, 229, 0.9225907921791076, -1, 1.0
119, 10015, 757, 695, 716, 384, 0.8005958199501038, -1, 1.0
120, 10144, 989, 114, 197, 152, 0.9602702856063844, -1, 1.0
120, 10143, 1237, 143, 244, 185, 0.9545305371284484, -1, 1.0
120, 10121, 1591, 200, 310, 226, 0.9414469003677368, -1, 1.0
120, 10114, 254, 137, 270, 230, 0.9224907755851746, -1, 1.0
120, 10015, 756, 695, 716, 383, 0.800876796245575, -1, 1.0
121, 10144, 988, 114, 198, 152, 0.9613915085792542, -1, 1.0
121, 10143, 1237, 143, 245, 186, 0.9541885256767272, -1, 1.0
121, 10121, 1591, 200, 311, 226, 0.9425376057624816, -1, 1.0
121, 10114, 253, 137, 270, 230, 0.9199896454811096, -1, 1.0
121, 10015, 754, 695, 716, 383, 0.8040292859077454, -1, 1.0
122, 10144, 970, 120, 190, 147, 0.934128999710083, -1, 1.0
122, 10143, 1184, 139, 238, 182, 0.9191610813140868, -1, 1.0
122, 10121, 1639, 208, 280, 234, 0.918712317943573, -1, 1.0
122, 10114, 270, 165, 278, 241, 0.8934807181358337, -1, 1.0
123, 10144, 960, 122, 186, 143, 0.9295164346694946, -1, 1.0
123, 10143, 1162, 137, 233, 178, 0.921206533908844, -1, 1.0
123, 10121, 1657, 206, 262, 241, 0.918955385684967, -1, 1.0
123, 10114, 273, 175, 289, 251, 0.904107928276062, -1, 1.0
124, 10165, 208, 113, 193, 139, 0.9297621846199036, -1, 1.0
124, 10144, 952, 124, 185, 140, 0.9080122113227844, -1, 1.0
124, 10143, 1151, 136, 229, 175, 0.8979555368423462, -1, 1.0
124, 10121, 1660, 202, 259, 246, 0.8936711549758911, -1, 1.0
124, 10114, 277, 182, 298, 259, 0.8704763054847717, -1, 1.0
125, 10165, 212, 110, 192, 140, 0.9572244882583618, -1, 1.0
125, 10144, 952, 126, 182, 137, 0.942672312259674, -1, 1.0
125, 10143, 1143, 136, 226, 172, 0.926510751247406, -1, 1.0
125, 10121, 1655, 198, 264, 250, 0.8855403065681458, -1, 1.0
125, 10114, 279, 188, 305, 264, 0.8594028353691101, -1, 1.0
126, 10165, 210, 108, 195, 141, 0.9582852721214294, -1, 1.0
126, 10144, 951, 127, 179, 135, 0.922124207019806, -1, 1.0
126, 10143, 1134, 134, 224, 171, 0.8994133472442627, -1, 1.0
126, 10121, 1649, 193, 270, 253, 0.878929078578949, -1, 1.0
126, 10114, 283, 192, 310, 269, 0.8774051070213318, -1, 1.0
127, 10165, 209, 107, 196, 141, 0.9583501815795898, -1, 1.0
127, 10144, 952, 128, 177, 134, 0.9218769073486328, -1, 1.0
127, 10143, 1132, 133, 222, 170, 0.9003387093544006, -1, 1.0
127, 10121, 1646, 190, 273, 256, 0.8799400925636292, -1, 1.0
127, 10114, 283, 192, 314, 272, 0.8784147500991821, -1, 1.0
128, 10165, 209, 107, 196, 142, 0.9584422707557678, -1, 1.0
128, 10144, 952, 129, 176, 132, 0.9234977960586548, -1, 1.0
128, 10143, 1131, 134, 221, 169, 0.8995227217674255, -1, 1.0
128, 10121, 1644, 189, 274, 257, 0.8776365518569946, -1, 1.0
128, 10114, 282, 192, 318, 275, 0.8773496150970459, -1, 1.0
129, 10165, 208, 107, 197, 142, 0.9580194354057312, -1, 1.0
129, 10144, 952, 129, 176, 132, 0.9229286909103394, -1, 1.0
129, 10143, 1132, 134, 221, 168, 0.9025903344154358, -1, 1.0
129, 10121, 1644, 188, 275, 258, 0.8773120641708374, -1, 1.0
129, 10114, 280, 191, 320, 278, 0.8756937980651855, -1, 1.0
130, 10165, 208, 107, 197, 142, 0.9581549167633056, -1, 1.0
130, 10144, 952, 129, 175, 131, 0.9241661429405212, -1, 1.0
130, 10143, 1132, 134, 220, 168, 0.902446150779724, -1, 1.0
130, 10121, 1643, 188, 276, 259, 0.8779650330543518, -1, 1.0
130, 10114, 279, 190, 322, 279, 0.8766540288925171, -1, 1.0
131, 10165, 209, 108, 196, 142, 0.9616822600364684, -1, 1.0
131, 10144, 953, 129, 175, 131, 0.9248648881912231, -1, 1.0
131, 10143, 1133, 134, 220, 168, 0.8876184821128845, -1, 1.0
131, 10121, 1642, 188, 276, 260, 0.8742932677268982, -1, 1.0
131, 10114, 279, 190, 325, 280, 0.8633497357368469, -1, 1.0
132, 10165, 214, 101, 199, 145, 0.95695298910141, -1, 1.0
132, 10175, 1400, 171, 243, 188, 0.9458706378936768, -1, 1.0
132, 10144, 941, 133, 178, 129, 0.9136328101158142, -1, 1.0
132, 10143, 1112, 130, 218, 166, 0.9083143472671508, -1, 1.0
132, 10121, 1598, 174, 286, 256, 0.900767982006073, -1, 1.0
132, 10114, 298, 210, 336, 287, 0.8904561400413513, -1, 1.0
133, 10165, 215, 99, 201, 148, 0.951564371585846, -1, 1.0
133, 10175, 1381, 169, 237, 186, 0.9196744561195374, -1, 1.0
133, 10144, 937, 135, 182, 128, 0.9166941046714784, -1, 1.0
133, 10143, 1101, 129, 215, 164, 0.9021905064582824, -1, 1.0
133, 10121, 1570, 169, 293, 253, 0.8964654207229614, -1, 1.0
133, 10114, 307, 218, 347, 294, 0.8856176733970642, -1, 1.0
134, 10165, 215, 99, 203, 151, 0.9394735097885132, -1, 1.0
134, 10175, 1367, 166, 233, 185, 0.931940734386444, -1, 1.0
134, 10144, 934, 135, 185, 127, 0.9113462567329408, -1, 1.0
134, 10143, 1093, 128, 213, 163, 0.9047271013259888, -1, 1.0
134, 10121, 1552, 167, 295, 249, 0.8921298980712891, -1, 1.0
134, 10114, 310, 223, 355, 302, 0.8830599188804626, -1, 1.0
135, 10165, 217, 100, 203, 154, 0.9343445301055908, -1, 1.0
135, 10175, 1358, 170, 232, 188, 0.932532787322998, -1, 1.0
135, 10144, 929, 135, 183, 127, 0.917985737323761, -1, 1.0
135, 10143, 1087, 128, 210, 163, 0.9172502756118774, -1, 1.0
135, 10121, 1544, 164, 293, 247, 0.9023281931877136, -1, 1.0
135, 10114, 312, 232, 362, 306, 0.8812069296836853, -1, 1.0
136, 10165, 216, 100, 205, 158, 0.9373966455459596, -1, 1.0
136, 10175, 1349, 168, 230, 190, 0.9338776469230652, -1, 1.0
136, 10144, 926, 137, 184, 126, 0.9295282959938048, -1, 1.0
136, 10143, 1081, 128, 209, 162, 0.9148945808410645, -1, 1.0
136, 10121, 1529, 162, 295, 245, 0.8656956553459167, -1, 1.0
136, 10114, 313, 236, 371, 312, 0.8379036784172058, -1, 1.0
137, 10165, 217, 100, 206, 160, 0.9486912488937378, -1, 1.0
137, 10175, 1338, 163, 226, 187, 0.9449302554130554, -1, 1.0
137, 10144, 924, 138, 184, 127, 0.9350542426109314, -1, 1.0
137, 10143, 1077, 127, 206, 161, 0.9207773804664612, -1, 1.0
137, 10121, 1517, 158, 297, 242, 0.8581421375274658, -1, 1.0
137, 10114, 317, 239, 382, 319, 0.8515766859054565, -1, 1.0
138, 10165, 218, 103, 206, 161, 0.95388525724411, -1, 1.0
138, 10175, 1334, 165, 228, 189, 0.9448692798614502, -1, 1.0
138, 10144, 921, 138, 181, 125, 0.9250612258911132, -1, 1.0
138, 10143, 1074, 128, 204, 160, 0.9223249554634094, -1, 1.0
138, 10121, 1508, 156, 294, 241, 0.8940407037734985, -1, 1.0
138, 10114, 318, 246, 392, 322, 0.7603588700294495, -1, 1.0
139, 10165, 222, 103, 205, 162, 0.9402396082878112, -1, 1.0
139, 10175, 1323, 164, 227, 187, 0.9306172132492064, -1, 1.0
139, 10144, 920, 139, 176, 124, 0.9241765141487122, -1, 1.0
139, 10143, 1070, 127, 205, 159, 0.8793502449989319, -1, 1.0
139, 10121, 1497, 156, 290, 237, 0.8648684024810791, -1, 1.0
139, 10114, 320, 250, 399, 329, 0.8493817448616028, -1, 1.0
140, 10181, 429, 165, 149, 86, 0.9484359622001648, -1, 1.0
140, 10165, 219, 104, 206, 163, 0.9454282522201538, -1, 1.0
140, 10175, 1314, 161, 226, 185, 0.941794216632843, -1, 1.0
140, 10144, 920, 140, 173, 123, 0.9131039977073668, -1, 1.0
140, 10143, 1065, 126, 202, 158, 0.9030513167381288, -1, 1.0
140, 10121, 1483, 155, 289, 234, 0.8682892322540283, -1, 1.0
140, 10114, 322, 256, 405, 336, 0.7694936990737915, -1, 1.0
141, 10181, 431, 162, 150, 90, 0.9504938125610352, -1, 1.0
141, 10165, 217, 106, 208, 164, 0.9476866722106934, -1, 1.0
141, 10175, 1304, 162, 223, 182, 0.9304980039596558, -1, 1.0
141, 10144, 919, 142, 170, 122, 0.8918008804321289, -1, 1.0
141, 10143, 1060, 125, 200, 157, 0.8733981847763062, -1, 1.0
141, 10121, 1473, 155, 288, 232, 0.8629041314125061, -1, 1.0
141, 10114, 325, 262, 412, 343, 0.8445156216621399, -1, 1.0
142, 10181, 434, 159, 151, 92, 0.9574414491653442, -1, 1.0
142, 10165, 220, 107, 209, 166, 0.945924699306488, -1, 1.0
142, 10175, 1294, 161, 223, 180, 0.9442752599716188, -1, 1.0
142, 10144, 922, 144, 167, 123, 0.8832070827484131, -1, 1.0
142, 10143, 1057, 126, 197, 155, 0.8620378971099854, -1, 1.0
142, 10121, 1462, 154, 287, 229, 0.8275504112243652, -1, 1.0
142, 10114, 328, 270, 420, 348, 0.7737072706222534, -1, 1.0
143, 10181, 434, 156, 152, 95, 0.9615046381950378, -1, 1.0
143, 10165, 224, 108, 209, 167, 0.9537410140037536, -1, 1.0
143, 10175, 1288, 160, 220, 178, 0.9404481053352356, -1, 1.0
143, 10144, 921, 144, 163, 121, 0.8885011076927185, -1, 1.0
143, 10143, 1051, 126, 196, 154, 0.8863683938980103, -1, 1.0
143, 10121, 1453, 153, 285, 225, 0.8485898971557617, -1, 1.0
143, 10114, 330, 277, 429, 354, 0.7749090790748596, -1, 1.0
144, 10181, 437, 155, 153, 98, 0.954860270023346, -1, 1.0
144, 10165, 227, 109, 209, 169, 0.9487389922142028, -1, 1.0
144, 10175, 1282, 161, 219, 178, 0.9440383911132812, -1, 1.0
144, 10144, 921, 145, 154, 119, 0.9049520492553712, -1, 1.0
144, 10143, 1047, 126, 197, 153, 0.8993176221847534, -1, 1.0
144, 10121, 1446, 153, 282, 223, 0.8381096124649048, -1, 1.0
144, 10114, 331, 283, 438, 363, 0.777992844581604, -1, 1.0
145, 10181, 438, 154, 152, 100, 0.955249011516571, -1, 1.0
145, 10165, 229, 109, 209, 170, 0.9510621428489684, -1, 1.0
145, 10175, 1280, 161, 219, 179, 0.9422682523727416, -1, 1.0
145, 10144, 923, 147, 147, 116, 0.910149335861206, -1, 1.0
145, 10143, 1047, 126, 197, 152, 0.8954005241394043, -1, 1.0
145, 10121, 1444, 152, 280, 222, 0.8398832678794861, -1, 1.0
145, 10114, 330, 283, 445, 369, 0.7963055968284607, -1, 1.0
146, 10181, 438, 154, 151, 101, 0.9556843042373656, -1, 1.0
146, 10165, 229, 109, 209, 171, 0.9513633251190186, -1, 1.0
146, 10175, 1279, 161, 219, 180, 0.94248366355896, -1, 1.0
146, 10144, 925, 148, 142, 114, 0.9108160734176636, -1, 1.0
146, 10143, 1046, 126, 198, 152, 0.8960076570510864, -1, 1.0
146, 10121, 1444, 153, 278, 221, 0.8414024114608765, -1, 1.0
146, 10114, 328, 282, 449, 373, 0.8007652163505554, -1, 1.0
147, 10181, 439, 154, 151, 101, 0.9556434750556946, -1, 1.0
147, 10165, 230, 108, 209, 171, 0.9504855275154114, -1, 1.0
147, 10175, 1279, 161, 219, 180, 0.9425552487373352, -1, 1.0
147, 10144, 927, 149, 138, 113, 0.9113038778305054, -1, 1.0
147, 10143, 1046, 126, 198, 152, 0.8963446617126465, -1, 1.0
147, 10121, 1445, 154, 276, 220, 0.8419475555419922, -1, 1.0
147, 10114, 326, 280, 453, 376, 0.8043173551559448, -1, 1.0
148, 10181, 439, 153, 150, 101, 0.9558117389678956, -1, 1.0
148, 10165, 230, 108, 209, 172, 0.9503660202026368, -1, 1.0
148, 10175, 1279, 160, 219, 181, 0.9425763487815856, -1, 1.0
148, 10144, 928, 149, 135, 111, 0.9114397764205932, -1, 1.0
148, 10143, 1046, 127, 199, 151, 0.8949007391929626, -1, 1.0
148, 10121, 1446, 154, 275, 219, 0.8422489762306213, -1, 1.0
148, 10114, 325, 279, 455, 378, 0.8067919611930847, -1, 1.0
149, 10181, 439, 153, 150, 102, 0.955026388168335, -1, 1.0
149, 10165, 230, 108, 209, 172, 0.9507780075073242, -1, 1.0
149, 10175, 1280, 160, 219, 181, 0.9420552253723145, -1, 1.0
149, 10144, 929, 150, 132, 111, 0.9109967947006226, -1, 1.0
149, 10143, 1046, 127, 199, 151, 0.8948999047279358, -1, 1.0
149, 10121, 1446, 154, 275, 219, 0.8440144658088684, -1, 1.0
149, 10114, 324, 278, 457, 380, 0.8092266917228699, -1, 1.0
150, 10181, 439, 153, 149, 102, 0.9550853371620178, -1, 1.0
150, 10165, 230, 108, 208, 172, 0.9517179131507874, -1, 1.0
150, 10175, 1280, 160, 219, 181, 0.9420617818832396, -1, 1.0
150, 10144, 929, 150, 131, 110, 0.911485195159912, -1, 1.0
150, 10143, 1046, 127, 199, 151, 0.8944063186645508, -1, 1.0
150, 10121, 1446, 155, 275, 219, 0.8436562418937683, -1, 1.0
150, 10114, 323, 277, 458, 381, 0.8066057562828064, -1, 1.0
151, 10181, 440, 153, 149, 102, 0.9548832178115844, -1, 1.0
151, 10165, 230, 108, 208, 172, 0.9547418355941772, -1, 1.0
151, 10175, 1280, 160, 219, 181, 0.93530535697937, -1, 1.0
151, 10144, 930, 150, 131, 110, 0.9159083962440492, -1, 1.0
151, 10143, 1045, 127, 200, 151, 0.8954841494560242, -1, 1.0
151, 10121, 1445, 155, 275, 218, 0.8301225304603577, -1, 1.0
151, 10114, 323, 277, 459, 381, 0.7687097787857056, -1, 1.0
152, 10181, 451, 142, 154, 107, 0.9392182230949402, -1, 1.0
152, 10165, 232, 112, 215, 177, 0.9305927753448486, -1, 1.0
152, 10175, 1237, 153, 214, 177, 0.9271388649940492, -1, 1.0
152, 10144, 928, 155, 124, 106, 0.9056089520454408, -1, 1.0
152, 10143, 1022, 124, 196, 150, 0.8937634229660034, -1, 1.0
152, 10121, 1390, 148, 274, 216, 0.8396358489990234, -1, 1.0
152, 10114, 369, 331, 478, 402, 0.7834697365760803, -1, 1.0
153, 10181, 457, 138, 159, 111, 0.9541561603546144, -1, 1.0
153, 10165, 237, 113, 220, 182, 0.9256057739257812, -1, 1.0
153, 10175, 1217, 151, 209, 173, 0.916667342185974, -1, 1.0
153, 10144, 927, 160, 119, 101, 0.9161163568496704, -1, 1.0
153, 10143, 1011, 123, 193, 149, 0.9148737192153932, -1, 1.0
153, 10121, 1366, 146, 274, 214, 0.8718245029449463, -1, 1.0
153, 10114, 385, 357, 499, 420, 0.8216505646705627, -1, 1.0
154, 10181, 461, 136, 162, 114, 0.9456737041473388, -1, 1.0
154, 10165, 238, 113, 225, 186, 0.9377902746200562, -1, 1.0
154, 10175, 1206, 152, 206, 171, 0.9219420552253724, -1, 1.0
154, 10144, 928, 163, 114, 97, 0.9007822871208192, -1, 1.0
154, 10143, 999, 123, 195, 148, 0.890834391117096, -1, 1.0
154, 10121, 1350, 144, 271, 213, 0.8458177447319031, -1, 1.0
154, 10114, 398, 373, 516, 436, 0.7952450513839722, -1, 1.0
155, 10181, 465, 134, 163, 116, 0.9404656291007996, -1, 1.0
155, 10165, 238, 114, 228, 188, 0.9394004940986632, -1, 1.0
155, 10175, 1195, 153, 202, 172, 0.9148051738739014, -1, 1.0
155, 10144, 929, 165, 111, 94, 0.9040677547454834, -1, 1.0
155, 10143, 997, 122, 194, 147, 0.9016018509864808, -1, 1.0
155, 10121, 1339, 142, 269, 211, 0.8301976323127747, -1, 1.0
155, 10114, 407, 381, 532, 450, 0.7760894298553467, -1, 1.0
156, 10181, 467, 133, 165, 118, 0.937797486782074, -1, 1.0
156, 10165, 237, 115, 232, 190, 0.9319403767585754, -1, 1.0
156, 10175, 1190, 151, 201, 172, 0.9297796487808228, -1, 1.0
156, 10144, 930, 168, 107, 90, 0.9113673567771912, -1, 1.0
156, 10143, 980, 122, 201, 147, 0.8880860805511475, -1, 1.0
156, 10121, 1325, 142, 268, 210, 0.7158377766609192, -1, 1.0
156, 10114, 418, 394, 544, 463, 0.5560572743415833, -1, 1.0
157, 10181, 469, 134, 167, 119, 0.9406977295875548, -1, 1.0
157, 10165, 237, 116, 237, 193, 0.9302805066108704, -1, 1.0
157, 10175, 1182, 149, 199, 169, 0.9246034622192384, -1, 1.0
157, 10144, 931, 172, 102, 86, 0.9215877652168274, -1, 1.0
157, 10143, 986, 122, 197, 146, 0.9133031368255616, -1, 1.0
157, 10121, 1316, 143, 265, 207, 0.8644819855690002, -1, 1.0
157, 10114, 429, 399, 557, 466, 0.7395572662353516, -1, 1.0
158, 10181, 471, 134, 169, 119, 0.9386327862739564, -1, 1.0
158, 10165, 238, 117, 240, 196, 0.9290867447853088, -1, 1.0
158, 10175, 1175, 147, 195, 165, 0.9229252338409424, -1, 1.0
158, 10144, 932, 175, 100, 83, 0.91457998752594, -1, 1.0
158, 10143, 984, 122, 196, 145, 0.870272696018219, -1, 1.0
158, 10121, 1308, 142, 262, 206, 0.7175200581550598, -1, 1.0
158, 10114, 433, 411, 576, 475, 0.6546903848648071, -1, 1.0
159, 10181, 476, 134, 173, 120, 0.9339925050735474, -1, 1.0
159, 10165, 239, 118, 243, 198, 0.93215674161911, -1, 1.0
159, 10175, 1169, 147, 194, 162, 0.9059682488441468, -1, 1.0
159, 10144, 932, 178, 95, 79, 0.903186559677124, -1, 1.0
159, 10143, 990, 122, 192, 145, 0.8987653851509094, -1, 1.0
159, 10121, 1299, 140, 259, 204, 0.7470672726631165, -1, 1.0
159, 10114, 441, 421, 592, 482, 0.7113443613052368, -1, 1.0
160, 10181, 477, 134, 175, 122, 0.942235231399536, -1, 1.0
160, 10165, 241, 119, 245, 199, 0.9356507658958436, -1, 1.0
160, 10175, 1163, 146, 192, 161, 0.8985544443130493, -1, 1.0
160, 10144, 932, 182, 91, 75, 0.8898016810417175, -1, 1.0
160, 10143, 990, 122, 188, 144, 0.8736732006072998, -1, 1.0
160, 10121, 1292, 138, 257, 203, 0.7131952047348022, -1, 1.0
160, 10114, 454, 437, 604, 494, 0.7004371881484985, -1, 1.0
161, 10181, 484, 135, 174, 124, 0.9412789940834044, -1, 1.0
161, 10165, 243, 120, 248, 201, 0.9336512088775636, -1, 1.0
161, 10175, 1156, 146, 190, 159, 0.9140126705169678, -1, 1.0
161, 10143, 987, 122, 187, 143, 0.8851549625396729, -1, 1.0
161, 10121, 1285, 138, 254, 202, 0.8737523555755615, -1, 1.0
161, 10114, 465, 458, 618, 508, 0.6610704064369202, -1, 1.0
162, 10181, 486, 135, 174, 125, 0.941364049911499, -1, 1.0
162, 10165, 243, 120, 250, 203, 0.9356259703636168, -1, 1.0
162, 10175, 1155, 147, 188, 158, 0.9142903089523317, -1, 1.0
162, 10143, 986, 122, 186, 143, 0.8863743543624878, -1, 1.0
162, 10121, 1284, 139, 251, 200, 0.8744196891784668, -1, 1.0
162, 10114, 467, 462, 627, 519, 0.6592476963996887, -1, 1.0
163, 10181, 487, 135, 174, 126, 0.9418538212776184, -1, 1.0
163, 10165, 243, 120, 251, 204, 0.934098184108734, -1, 1.0
163, 10175, 1154, 147, 187, 158, 0.9142738580703736, -1, 1.0
163, 10143, 986, 122, 185, 142, 0.8866554498672485, -1, 1.0
163, 10121, 1284, 139, 250, 199, 0.8751620650291443, -1, 1.0
163, 10114, 465, 461, 634, 525, 0.6594328284263611, -1, 1.0
164, 10181, 488, 135, 173, 126, 0.94196754693985, -1, 1.0
164, 10165, 243, 120, 252, 205, 0.9343591332435608, -1, 1.0
164, 10175, 1155, 147, 186, 157, 0.9146744012832642, -1, 1.0
164, 10143, 986, 123, 185, 142, 0.8865072131156921, -1, 1.0
164, 10121, 1285, 140, 248, 199, 0.8750423789024353, -1, 1.0
164, 10114, 464, 459, 638, 530, 0.654323399066925, -1, 1.0
165, 10181, 488, 134, 173, 126, 0.9416629672050476, -1, 1.0
165, 10165, 242, 119, 253, 205, 0.9338343739509584, -1, 1.0
165, 10175, 1155, 148, 186, 157, 0.9132433533668518, -1, 1.0
165, 10143, 986, 123, 184, 142, 0.8863834738731384, -1, 1.0
165, 10121, 1285, 140, 247, 198, 0.8724679946899414, -1, 1.0
165, 10114, 462, 457, 642, 533, 0.661561906337738, -1, 1.0
166, 10181, 488, 134, 173, 127, 0.9417349696159364, -1, 1.0
166, 10165, 242, 119, 253, 206, 0.9324215650558472, -1, 1.0
166, 10175, 1156, 148, 186, 157, 0.9127275943756104, -1, 1.0
166, 10143, 987, 123, 184, 141, 0.8855432868003845, -1, 1.0
166, 10121, 1286, 140, 247, 198, 0.873071014881134, -1, 1.0
166, 10114, 461, 456, 644, 536, 0.6569825410842896, -1, 1.0
167, 10181, 488, 134, 173, 127, 0.9416760802268982, -1, 1.0
167, 10165, 241, 119, 254, 206, 0.9323678612709044, -1, 1.0
167, 10175, 1156, 148, 185, 157, 0.912701427936554, -1, 1.0
167, 10143, 987, 123, 184, 141, 0.8859921097755432, -1, 1.0
167, 10121, 1287, 140, 246, 198, 0.8724271655082703, -1, 1.0
167, 10114, 459, 454, 646, 538, 0.65993332862854, -1, 1.0
168, 10181, 488, 134, 173, 127, 0.9416828751564026, -1, 1.0
168, 10165, 241, 119, 254, 206, 0.932135283946991, -1, 1.0
168, 10175, 1157, 148, 185, 157, 0.9121897220611572, -1, 1.0
168, 10143, 987, 123, 184, 141, 0.8862510323524475, -1, 1.0
168, 10121, 1288, 140, 246, 197, 0.8725417852401733, -1, 1.0
168, 10114, 458, 453, 647, 539, 0.6579324007034302, -1, 1.0
169, 10181, 488, 134, 172, 127, 0.9399057626724244, -1, 1.0
169, 10165, 241, 119, 254, 206, 0.9304940104484558, -1, 1.0
169, 10175, 1157, 148, 186, 157, 0.9140914678573608, -1, 1.0
169, 10143, 988, 123, 184, 141, 0.8900896310806274, -1, 1.0
169, 10121, 1288, 141, 246, 197, 0.8750486373901367, -1, 1.0
169, 10114, 458, 452, 648, 540, 0.6774603724479675, -1, 1.0
170, 10181, 488, 134, 172, 127, 0.9399265050888062, -1, 1.0
170, 10165, 241, 118, 254, 206, 0.9310996532440186, -1, 1.0
170, 10175, 1157, 148, 186, 157, 0.9139601588249208, -1, 1.0
170, 10143, 988, 124, 184, 141, 0.8901886343955994, -1, 1.0
170, 10121, 1288, 141, 246, 197, 0.8761054277420044, -1, 1.0
170, 10114, 457, 451, 648, 539, 0.6774770021438599, -1, 1.0
171, 10181, 488, 134, 171, 127, 0.9396857023239136, -1, 1.0
171, 10165, 241, 118, 254, 206, 0.9301431179046632, -1, 1.0
171, 10175, 1157, 148, 186, 157, 0.9144285321235656, -1, 1.0
171, 10143, 987, 125, 184, 141, 0.8902035355567932, -1, 1.0
171, 10121, 1289, 142, 246, 196, 0.8752412796020508, -1, 1.0
171, 10114, 457, 451, 648, 539, 0.6732878684997559, -1, 1.0
172, 10181, 521, 144, 173, 129, 0.9389146566390992, -1, 1.0
172, 10165, 263, 136, 266, 215, 0.9285904169082642, -1, 1.0
172, 10175, 1116, 144, 178, 154, 0.9004590511322021, -1, 1.0
172, 10143, 969, 126, 179, 139, 0.8088762164115906, -1, 1.0
172, 10121, 1237, 136, 242, 192, 0.7758092284202576, -1, 1.0
172, 10114, 566, 565, 676, 505, 0.6956744194030762, -1, 1.0
173, 10181, 532, 145, 178, 133, 0.9447161555290222, -1, 1.0
173, 10165, 273, 142, 274, 222, 0.9141237139701844, -1, 1.0
173, 10175, 1096, 138, 171, 152, 0.8953416347503662, -1, 1.0
173, 10143, 959, 128, 174, 137, 0.8328216671943665, -1, 1.0
173, 10121, 1215, 135, 238, 189, 0.7323423624038696, -1, 1.0
174, 10217, 669, 699, 694, 388, 0.9373393654823304, -1, 1.0
174, 10181, 540, 146, 181, 136, 0.8974530696868896, -1, 1.0
174, 10165, 275, 143, 281, 229, 0.8870671391487122, -1, 1.0
174, 10175, 1088, 138, 168, 151, 0.8738428950309753, -1, 1.0
174, 10143, 955, 131, 170, 134, 0.7745710611343384, -1, 1.0
174, 10121, 1204, 133, 233, 187, 0.6180301308631897, -1, 1.0
175, 10217, 714, 725, 685, 362, 0.9409447312355042, -1, 1.0
175, 10181, 543, 147, 184, 139, 0.9111663103103638, -1, 1.0
175, 10165, 277, 146, 288, 235, 0.8803672790527344, -1, 1.0
175, 10175, 1084, 141, 162, 147, 0.8656874299049377, -1, 1.0
175, 10143, 955, 132, 164, 133, 0.6369099020957947, -1, 1.0
175, 10121, 1196, 135, 229, 185, 0.5444045066833496, -1, 1.0
176, 10181, 551, 148, 184, 141, 0.936654269695282, -1, 1.0
176, 10165, 282, 149, 294, 240, 0.8971078395843506, -1, 1.0
176, 10175, 1090, 140, 174, 151, 0.8701884746551514, -1, 1.0
176, 10143, 955, 134, 159, 131, 0.8492501974105835, -1, 1.0
176, 10121, 1183, 134, 228, 183, 0.8374929428100586, -1, 1.0
177, 10220, 1092, 128, 315, 193, 0.9489291906356812, -1, 1.0
177, 10181, 556, 149, 184, 143, 0.8950570225715637, -1, 1.0
177, 10165, 284, 154, 298, 244, 0.8713722825050354, -1, 1.0
177, 10175, 1075, 139, 171, 151, 0.8650553822517395, -1, 1.0
177, 10143, 953, 135, 157, 129, 0.8562909364700317, -1, 1.0
177, 10121, 1177, 133, 225, 183, 0.5255462527275085, -1, 1.0
178, 10181, 562, 149, 185, 144, 0.9498870968818665, -1, 1.0
178, 10165, 287, 157, 305, 249, 0.8923308849334717, -1, 1.0
178, 10175, 1068, 137, 168, 150, 0.8689098954200745, -1, 1.0
178, 10143, 951, 136, 155, 128, 0.84855717420578, -1, 1.0
178, 10121, 1173, 131, 224, 182, 0.7236456871032715, -1, 1.0
179, 10181, 564, 150, 188, 144, 0.9610382914543152, -1, 1.0
179, 10165, 287, 160, 309, 252, 0.9118655920028688, -1, 1.0
179, 10175, 1067, 136, 167, 151, 0.8945304751396179, -1, 1.0
179, 10143, 953, 136, 155, 128, 0.8212708234786987, -1, 1.0
179, 10121, 1169, 130, 222, 182, 0.713949978351593, -1, 1.0
180, 10181, 561, 149, 193, 147, 0.964787483215332, -1, 1.0
180, 10165, 290, 165, 315, 255, 0.8857897520065308, -1, 1.0
180, 10175, 1065, 137, 165, 153, 0.8659657835960388, -1, 1.0
180, 10143, 947, 137, 155, 128, 0.7966699600219727, -1, 1.0
180, 10121, 1159, 128, 224, 182, 0.6850569248199463, -1, 1.0
181, 10217, 950, 921, 606, 166, 0.9604514837265016, -1, 1.0
181, 10181, 565, 150, 194, 149, 0.9225669503211976, -1, 1.0
181, 10165, 292, 168, 319, 260, 0.892669677734375, -1, 1.0
181, 10175, 1060, 133, 162, 149, 0.8406628370285034, -1, 1.0
181, 10143, 944, 137, 156, 127, 0.7313980460166931, -1, 1.0
181, 10121, 1159, 129, 221, 180, 0.7023889422416687, -1, 1.0
182, 10217, 1005, 975, 567, 112, 0.9498616456985474, -1, 1.0
182, 10181, 568, 151, 196, 150, 0.917657196521759, -1, 1.0
182, 10165, 292, 170, 324, 264, 0.8995628356933594, -1, 1.0
182, 10175, 1054, 133, 157, 144, 0.8367231488227844, -1, 1.0
182, 10143, 940, 138, 154, 126, 0.64957594871521, -1, 1.0
182, 10121, 1157, 130, 219, 178, 0.6337408423423767, -1, 1.0
183, 10181, 571, 151, 196, 151, 0.9502378702163696, -1, 1.0
183, 10165, 294, 174, 328, 268, 0.9095810651779176, -1, 1.0
183, 10175, 1047, 132, 164, 145, 0.8835868239402771, -1, 1.0
183, 10143, 937, 138, 153, 125, 0.7909979820251465, -1, 1.0
183, 10121, 1155, 128, 216, 177, 0.6167110800743103, -1, 1.0
184, 10181, 576, 153, 196, 150, 0.9449324011802672, -1, 1.0
184, 10165, 297, 180, 333, 272, 0.8832172155380249, -1, 1.0
184, 10175, 1079, 134, 200, 154, 0.8593417406082153, -1, 1.0
184, 10143, 935, 138, 155, 125, 0.8385193347930908, -1, 1.0
184, 10121, 1150, 128, 213, 176, 0.753951370716095, -1, 1.0
185, 10181, 586, 156, 198, 151, 0.9466670751571656, -1, 1.0
185, 10165, 301, 184, 336, 276, 0.9206048250198364, -1, 1.0
185, 10143, 932, 138, 152, 124, 0.877525269985199, -1, 1.0
185, 10121, 1146, 127, 211, 175, 0.7649201154708862, -1, 1.0
186, 10181, 586, 154, 200, 156, 0.9441483616828918, -1, 1.0
186, 10165, 304, 189, 341, 280, 0.8959095478057861, -1, 1.0
186, 10143, 932, 138, 155, 123, 0.8950875401496887, -1, 1.0
186, 10121, 1145, 125, 208, 175, 0.8443283438682556, -1, 1.0
187, 10181, 588, 155, 200, 158, 0.9467088580131532, -1, 1.0
187, 10165, 308, 196, 345, 283, 0.9168143272399902, -1, 1.0
187, 10143, 935, 139, 154, 123, 0.9167343378067015, -1, 1.0
187, 10121, 1138, 123, 210, 175, 0.6568190455436707, -1, 1.0
188, 10181, 593, 158, 198, 160, 0.9453895688056946, -1, 1.0
188, 10165, 312, 200, 350, 287, 0.929298996925354, -1, 1.0
188, 10143, 946, 139, 166, 123, 0.9076144099235536, -1, 1.0
188, 10121, 1132, 123, 210, 174, 0.7776908874511719, -1, 1.0
189, 10181, 595, 159, 197, 162, 0.9460004568099976, -1, 1.0
189, 10165, 312, 201, 353, 290, 0.929152488708496, -1, 1.0
189, 10143, 948, 139, 174, 124, 0.9076445698738098, -1, 1.0
189, 10121, 1131, 123, 211, 174, 0.7711753845214844, -1, 1.0
190, 10181, 596, 159, 196, 163, 0.9452757835388184, -1, 1.0
190, 10165, 312, 201, 355, 291, 0.9285911321640016, -1, 1.0
190, 10143, 948, 139, 179, 124, 0.9080241918563844, -1, 1.0
190, 10121, 1130, 124, 211, 173, 0.7767767906188965, -1, 1.0
191, 10181, 597, 159, 195, 164, 0.944800078868866, -1, 1.0
191, 10165, 311, 201, 357, 293, 0.9291598200798036, -1, 1.0
191, 10143, 943, 140, 176, 124, 0.8981478810310364, -1, 1.0
191, 10121, 1130, 123, 212, 173, 0.7933576703071594, -1, 1.0
192, 10181, 571, 151, 217, 175, 0.952528953552246, -1, 1.0
192, 10165, 326, 213, 368, 302, 0.8999836444854736, -1, 1.0
192, 10143, 926, 144, 164, 119, 0.8018537163734436, -1, 1.0
192, 10121, 1121, 121, 209, 172, 0.7069380283355713, -1, 1.0
193, 10181, 555, 147, 235, 184, 0.9365996718406676, -1, 1.0
193, 10165, 334, 219, 376, 309, 0.8887801170349121, -1, 1.0
193, 10143, 922, 144, 157, 119, 0.6681156158447266, -1, 1.0
193, 10121, 1089, 120, 222, 171, 0.6068419218063354, -1, 1.0
194, 10165, 344, 222, 393, 317, 0.8900178670883179, -1, 1.0
194, 10143, 920, 146, 150, 116, 0.8850042819976807, -1, 1.0
194, 10121, 1097, 120, 216, 171, 0.8209946155548096, -1, 1.0
195, 10165, 344, 227, 399, 324, 0.9247971177101136, -1, 1.0
195, 10175, 1005, 145, 164, 129, 0.9162588119506836, -1, 1.0
195, 10143, 919, 148, 144, 114, 0.8757759928703308, -1, 1.0
195, 10121, 1099, 119, 211, 170, 0.536027729511261, -1, 1.0
196, 10165, 347, 227, 406, 333, 0.9392739534378052, -1, 1.0
196, 10175, 1009, 135, 164, 134, 0.8727856278419495, -1, 1.0
196, 10143, 922, 148, 138, 112, 0.8690045475959778, -1, 1.0
196, 10121, 1103, 120, 205, 169, 0.7267997860908508, -1, 1.0
197, 10239, 1017, 124, 279, 161, 0.930932879447937, -1, 1.0
197, 10165, 353, 232, 412, 340, 0.9111952185630798, -1, 1.0
197, 10143, 922, 149, 133, 111, 0.8576421141624451, -1, 1.0
197, 10121, 1097, 120, 204, 168, 0.841887891292572, -1, 1.0
198, 10240, 1705, 303, 210, 359, 0.9305135011672974, -1, 1.0
198, 10181, 436, 102, 218, 148, 0.9106723070144652, -1, 1.0
198, 10165, 363, 237, 422, 348, 0.8752057552337646, -1, 1.0
198, 10143, 921, 151, 128, 109, 0.8291684985160828, -1, 1.0
198, 10121, 1083, 120, 209, 168, 0.5038383603096008, -1, 1.0
199, 10240, 1677, 285, 234, 369, 0.915630042552948, -1, 1.0
199, 10181, 430, 101, 213, 145, 0.9090626239776612, -1, 1.0
199, 10165, 372, 250, 434, 353, 0.8682926297187805, -1, 1.0
199, 10143, 923, 152, 123, 107, 0.827278733253479, -1, 1.0
199, 10121, 1080, 120, 210, 168, 0.8254294395446777, -1, 1.0
200, 10240, 1646, 274, 260, 372, 0.9394033551216124, -1, 1.0
200, 10181, 423, 104, 208, 145, 0.9243373274803162, -1, 1.0
200, 10165, 386, 258, 439, 357, 0.9077591896057128, -1, 1.0
200, 10175, 1006, 134, 137, 128, 0.90523761510849, -1, 1.0
200, 10143, 925, 154, 119, 105, 0.8319733738899231, -1, 1.0
200, 10121, 1082, 121, 207, 167, 0.5145489573478699, -1, 1.0
201, 10240, 1617, 265, 287, 371, 0.9339155554771424, -1, 1.0
201, 10181, 418, 103, 204, 146, 0.929251492023468, -1, 1.0
201, 10165, 384, 268, 450, 363, 0.9269719123840332, -1, 1.0
201, 10143, 924, 155, 118, 104, 0.9203326106071472, -1, 1.0
201, 10121, 1079, 121, 205, 166, 0.805417537689209, -1, 1.0
202, 10240, 1604, 265, 303, 367, 0.9340123534202576, -1, 1.0
202, 10181, 418, 103, 201, 147, 0.9292445182800292, -1, 1.0
202, 10165, 381, 270, 458, 368, 0.9257904887199402, -1, 1.0
202, 10143, 924, 156, 117, 103, 0.921139359474182, -1, 1.0
202, 10121, 1078, 122, 205, 165, 0.803244948387146, -1, 1.0
203, 10240, 1599, 267, 312, 362, 0.9337087869644164, -1, 1.0
203, 10181, 418, 103, 199, 147, 0.9290173053741456, -1, 1.0
203, 10165, 378, 270, 463, 372, 0.925743579864502, -1, 1.0
203, 10143, 925, 156, 117, 103, 0.9215603470802308, -1, 1.0
203, 10121, 1078, 122, 204, 164, 0.800739049911499, -1, 1.0
204, 10240, 1596, 270, 318, 358, 0.9333531856536864, -1, 1.0
204, 10181, 419, 103, 197, 148, 0.9273143410682678, -1, 1.0
204, 10165, 376, 269, 467, 374, 0.9248157739639282, -1, 1.0
204, 10143, 925, 157, 117, 103, 0.9215002059936525, -1, 1.0
204, 10121, 1078, 122, 204, 164, 0.8017922043800354, -1, 1.0
205, 10240, 1595, 272, 322, 355, 0.9320500493049622, -1, 1.0
205, 10181, 421, 103, 196, 148, 0.9277669191360474, -1, 1.0
205, 10165, 374, 269, 470, 376, 0.9259105324745178, -1, 1.0
205, 10143, 925, 157, 117, 102, 0.9217427968978882, -1, 1.0
205, 10121, 1079, 122, 203, 164, 0.8312674760818481, -1, 1.0
206, 10240, 1594, 275, 324, 352, 0.932043433189392, -1, 1.0
206, 10181, 421, 103, 196, 148, 0.9280380010604858, -1, 1.0
206, 10165, 373, 268, 472, 377, 0.9265779852867126, -1, 1.0
206, 10143, 925, 157, 117, 102, 0.9212577939033508, -1, 1.0
206, 10121, 1081, 122, 202, 163, 0.8304857015609741, -1, 1.0
207, 10246, 1135, 80, 65, 56, 0.931947648525238, -1, 1.0
207, 10240, 1594, 276, 325, 349, 0.9276644587516784, -1, 1.0
207, 10181, 422, 103, 195, 149, 0.926346719264984, -1, 1.0
207, 10165, 372, 267, 473, 378, 0.9204817414283752, -1, 1.0
207, 10143, 924, 157, 117, 102, 0.8301015496253967, -1, 1.0
207, 10121, 1081, 122, 201, 163, 0.5107614994049072, -1, 1.0
208, 10246, 1135, 80, 65, 56, 0.9315372109413148, -1, 1.0
208, 10240, 1594, 278, 325, 347, 0.9270199537277222, -1, 1.0
208, 10181, 422, 103, 195, 149, 0.9270077347755432, -1, 1.0
208, 10165, 371, 266, 474, 378, 0.9196603298187256, -1, 1.0
208, 10143, 925, 157, 117, 102, 0.8199433088302612, -1, 1.0
208, 10121, 1082, 122, 201, 163, 0.5149766206741333, -1, 1.0
209, 10246, 1135, 79, 65, 56, 0.9316685199737548, -1, 1.0
209, 10240, 1594, 279, 325, 345, 0.9272575378417968, -1, 1.0
209, 10181, 423, 103, 195, 149, 0.9267908334732056, -1, 1.0
209, 10165, 371, 266, 475, 378, 0.9195948839187622, -1, 1.0
209, 10143, 925, 157, 117, 102, 0.8205035924911499, -1, 1.0
209, 10121, 1082, 123, 201, 163, 0.5217474699020386, -1, 1.0
210, 10246, 1136, 79, 65, 56, 0.9319459795951844, -1, 1.0
210, 10240, 1594, 280, 325, 344, 0.9274195432662964, -1, 1.0
210, 10181, 423, 103, 195, 149, 0.9264227747917176, -1, 1.0
210, 10165, 370, 265, 476, 378, 0.9193390011787416, -1, 1.0
210, 10143, 925, 157, 117, 102, 0.8192358613014221, -1, 1.0
210, 10121, 1082, 123, 200, 163, 0.5217017531394958, -1, 1.0
211, 10246, 1136, 79, 64, 56, 0.9311739206314088, -1, 1.0
211, 10240, 1595, 281, 324, 343, 0.9276122450828552, -1, 1.0
211, 10181, 423, 103, 194, 149, 0.9269140362739564, -1, 1.0
211, 10165, 370, 265, 476, 378, 0.9198142886161804, -1, 1.0
211, 10143, 925, 157, 117, 102, 0.8174663186073303, -1, 1.0
211, 10121, 1083, 123, 200, 163, 0.5166314244270325, -1, 1.0
212, 10240, 1426, 230, 338, 323, 0.9515663981437684, -1, 1.0
212, 10181, 423, 92, 194, 154, 0.9266724586486816, -1, 1.0
212, 10165, 460, 357, 507, 409, 0.9079283475875854, -1, 1.0
212, 10121, 1054, 121, 204, 160, 0.8356215953826904, -1, 1.0
213, 10240, 1346, 212, 346, 308, 0.9602132439613342, -1, 1.0
213, 10181, 424, 89, 193, 157, 0.9171953201293944, -1, 1.0
213, 10165, 488, 393, 542, 435, 0.885176956653595, -1, 1.0
213, 10121, 1032, 121, 212, 158, 0.8408448696136475, -1, 1.0
214, 10240, 1300, 202, 349, 295, 0.9602558612823486, -1, 1.0
214, 10181, 425, 83, 194, 162, 0.9261652827262878, -1, 1.0
214, 10165, 506, 405, 574, 457, 0.9009431004524232, -1, 1.0
214, 10121, 1012, 121, 224, 158, 0.8470376133918762, -1, 1.0
215, 10240, 1269, 196, 350, 285, 0.952368140220642, -1, 1.0
215, 10181, 426, 76, 195, 168, 0.9239014983177184, -1, 1.0
215, 10165, 519, 414, 602, 485, 0.9077383279800416, -1, 1.0
215, 10143, 923, 160, 109, 100, 0.8395175337791443, -1, 1.0
215, 10121, 1000, 120, 234, 158, 0.7278628945350647, -1, 1.0
216, 10240, 1246, 193, 347, 277, 0.9274636507034302, -1, 1.0
216, 10181, 428, 71, 196, 172, 0.9082435965538024, -1, 1.0
216, 10165, 530, 427, 625, 499, 0.8358603715896606, -1, 1.0
216, 10121, 993, 119, 240, 158, 0.7360820174217224, -1, 1.0
217, 10255, 1714, 348, 193, 336, 0.9380648136138916, -1, 1.0
217, 10240, 1225, 190, 343, 271, 0.9027647376060486, -1, 1.0
217, 10181, 431, 66, 197, 177, 0.8894227147102356, -1, 1.0
217, 10165, 536, 446, 648, 518, 0.8782364726066589, -1, 1.0
217, 10121, 988, 118, 244, 158, 0.6425208449363708, -1, 1.0
218, 10255, 1687, 336, 218, 335, 0.9484130144119264, -1, 1.0
218, 10240, 1208, 187, 336, 265, 0.9423476457595824, -1, 1.0
218, 10181, 433, 60, 198, 182, 0.938158631324768, -1, 1.0
218, 10165, 549, 456, 665, 529, 0.9246286153793336, -1, 1.0
218, 10143, 923, 165, 103, 93, 0.7040363550186157, -1, 1.0
218, 10121, 988, 119, 247, 158, 0.5821089744567871, -1, 1.0
219, 10258, 568, 292, 335, 213, 0.960642158985138, -1, 1.0
219, 10255, 1658, 325, 245, 333, 0.960212230682373, -1, 1.0
219, 10240, 1190, 184, 331, 259, 0.9183807969093324, -1, 1.0
219, 10181, 434, 56, 200, 186, 0.918379843235016, -1, 1.0
219, 10165, 562, 461, 681, 526, 0.9133018255233764, -1, 1.0
219, 10121, 991, 118, 245, 157, 0.7134479880332947, -1, 1.0
220, 10258, 570, 299, 343, 228, 0.9672425985336304, -1, 1.0
220, 10255, 1626, 314, 274, 330, 0.955432116985321, -1, 1.0
220, 10240, 1175, 182, 326, 253, 0.9348588585853576, -1, 1.0
220, 10181, 435, 56, 200, 189, 0.9175084233283995, -1, 1.0
220, 10165, 573, 491, 686, 539, 0.7114111185073853, -1, 1.0
220, 10121, 987, 119, 245, 156, 0.6762585043907166, -1, 1.0
221, 10258, 572, 302, 349, 240, 0.9692641496658324, -1, 1.0
221, 10255, 1601, 306, 299, 325, 0.9573196172714232, -1, 1.0
221, 10240, 1158, 179, 319, 248, 0.950598418712616, -1, 1.0
221, 10181, 437, 52, 201, 193, 0.929676115512848, -1, 1.0
221, 10165, 594, 503, 695, 538, 0.9267316460609436, -1, 1.0
221, 10143, 922, 168, 102, 90, 0.7352779507637024, -1, 1.0
221, 10121, 996, 119, 238, 155, 0.7242435216903687, -1, 1.0
222, 10258, 575, 304, 355, 252, 0.965682327747345, -1, 1.0
222, 10255, 1573, 301, 327, 318, 0.9553989171981812, -1, 1.0
222, 10261, 973, 179, 94, 84, 0.9461674690246582, -1, 1.0
222, 10240, 1145, 175, 314, 244, 0.9174626469612122, -1, 1.0
222, 10181, 440, 49, 203, 196, 0.898574948310852, -1, 1.0
222, 10165, 614, 529, 695, 545, 0.7922962307929993, -1, 1.0
222, 10143, 921, 170, 100, 88, 0.5912810564041138, -1, 1.0
222, 10121, 1005, 119, 229, 154, 0.5608735680580139, -1, 1.0
223, 10258, 579, 308, 360, 262, 0.9639797806739808, -1, 1.0
223, 10255, 1543, 296, 347, 309, 0.9626153111457824, -1, 1.0
223, 10240, 1131, 170, 310, 241, 0.962005615234375, -1, 1.0
223, 10181, 442, 43, 205, 202, 0.9023355841636658, -1, 1.0
223, 10165, 632, 545, 705, 542, 0.8605664968490601, -1, 1.0
223, 10143, 919, 172, 98, 86, 0.7886378765106201, -1, 1.0
223, 10121, 996, 119, 226, 152, 0.7078226208686829, -1, 1.0
224, 10258, 582, 313, 364, 271, 0.9683945178985596, -1, 1.0
224, 10255, 1511, 292, 358, 300, 0.9622560739517212, -1, 1.0
224, 10240, 1116, 168, 305, 237, 0.9454178810119628, -1, 1.0
224, 10181, 444, 42, 206, 206, 0.9322038888931274, -1, 1.0
224, 10165, 663, 556, 716, 531, 0.8067365288734436, -1, 1.0
224, 10143, 922, 176, 95, 82, 0.7368893623352051, -1, 1.0
224, 10121, 993, 119, 221, 152, 0.7281416654586792, -1, 1.0
225, 10258, 583, 312, 366, 276, 0.9678029417991638, -1, 1.0
225, 10255, 1498, 293, 365, 293, 0.9617450833320618, -1, 1.0
225, 10240, 1113, 168, 301, 235, 0.9459041357040404, -1, 1.0
225, 10181, 445, 41, 207, 209, 0.9338418841362, -1, 1.0
225, 10165, 673, 562, 724, 525, 0.8082326650619507, -1, 1.0
225, 10143, 923, 179, 93, 80, 0.7230448722839355, -1, 1.0
225, 10121, 992, 119, 218, 151, 0.7206966876983643, -1, 1.0
226, 10258, 583, 311, 366, 280, 0.9681345224380492, -1, 1.0
226, 10255, 1493, 295, 369, 288, 0.9620777368545532, -1, 1.0
226, 10240, 1112, 169, 298, 233, 0.945086658000946, -1, 1.0
226, 10181, 445, 40, 207, 211, 0.9339927434921264, -1, 1.0
226, 10165, 673, 564, 730, 523, 0.7946810126304626, -1, 1.0
226, 10143, 924, 179, 92, 78, 0.734183669090271, -1, 1.0
226, 10121, 990, 119, 217, 150, 0.7008028626441956, -1, 1.0
227, 10258, 583, 310, 366, 282, 0.968069314956665, -1, 1.0
227, 10255, 1492, 297, 372, 284, 0.9621492624282836, -1, 1.0
227, 10240, 1113, 169, 296, 232, 0.9455593228340148, -1, 1.0
227, 10181, 445, 39, 208, 212, 0.9343934655189514, -1, 1.0
227, 10165, 671, 565, 735, 522, 0.8152660727500916, -1, 1.0
227, 10143, 925, 180, 91, 77, 0.7420300245285034, -1, 1.0
227, 10121, 988, 119, 218, 149, 0.6944168210029602, -1, 1.0
228, 10258, 583, 309, 366, 284, 0.9681185483932496, -1, 1.0
228, 10255, 1491, 298, 374, 282, 0.9622828364372252, -1, 1.0
228, 10240, 1114, 170, 295, 231, 0.9456876516342164, -1, 1.0
228, 10181, 445, 39, 208, 213, 0.934116780757904, -1, 1.0
228, 10165, 669, 566, 738, 521, 0.8117588758468628, -1, 1.0
228, 10143, 925, 180, 90, 76, 0.7356714606285095, -1, 1.0
228, 10121, 988, 119, 218, 149, 0.689785361289978, -1, 1.0
229, 10258, 583, 308, 365, 284, 0.9671958088874816, -1, 1.0
229, 10255, 1491, 300, 375, 280, 0.9617900848388672, -1, 1.0
229, 10240, 1116, 171, 293, 230, 0.9471299648284912, -1, 1.0
229, 10181, 445, 38, 209, 214, 0.9341164827346802, -1, 1.0
229, 10165, 665, 566, 741, 521, 0.8281242251396179, -1, 1.0
229, 10143, 925, 180, 89, 76, 0.740159273147583, -1, 1.0
229, 10121, 984, 119, 220, 149, 0.660758376121521, -1, 1.0
230, 10258, 584, 307, 364, 285, 0.9666014313697816, -1, 1.0
230, 10255, 1492, 301, 375, 278, 0.961800754070282, -1, 1.0
230, 10240, 1117, 171, 292, 229, 0.947223424911499, -1, 1.0
230, 10181, 445, 38, 209, 215, 0.9344796538352966, -1, 1.0
230, 10165, 663, 566, 743, 521, 0.8417324423789978, -1, 1.0
230, 10143, 925, 180, 88, 76, 0.7368910908699036, -1, 1.0
230, 10121, 982, 119, 222, 149, 0.655711829662323, -1, 1.0
231, 10258, 585, 307, 363, 284, 0.9700072407722472, -1, 1.0
231, 10255, 1493, 302, 375, 276, 0.96056067943573, -1, 1.0
231, 10240, 1119, 172, 292, 228, 0.9514943361282348, -1, 1.0
231, 10181, 445, 38, 209, 215, 0.9336301684379578, -1, 1.0
231, 10165, 660, 567, 744, 520, 0.8315410614013672, -1, 1.0
231, 10143, 925, 181, 88, 75, 0.7401739954948425, -1, 1.0
231, 10121, 993, 118, 217, 149, 0.6019441485404968, -1, 1.0
232, 10258, 607, 367, 386, 303, 0.9497072100639344, -1, 1.0
232, 10255, 1551, 335, 361, 285, 0.9457352161407472, -1, 1.0
232, 10181, 459, 41, 212, 220, 0.9439733624458312, -1, 1.0
232, 10121, 1019, 139, 242, 173, 0.938457190990448, -1, 1.0
233, 10258, 616, 396, 403, 319, 0.9517836570739746, -1, 1.0
233, 10255, 1561, 339, 358, 292, 0.9433500170707704, -1, 1.0
233, 10181, 466, 43, 215, 224, 0.9377734661102296, -1, 1.0
233, 10121, 1025, 145, 250, 186, 0.9089491367340088, -1, 1.0
234, 10258, 621, 414, 418, 332, 0.9511579275131226, -1, 1.0
234, 10255, 1551, 335, 366, 293, 0.945847511291504, -1, 1.0
234, 10181, 470, 42, 217, 228, 0.926196813583374, -1, 1.0
234, 10121, 1022, 143, 253, 195, 0.7466598749160767, -1, 1.0
235, 10258, 624, 428, 432, 344, 0.9530638456344604, -1, 1.0
235, 10255, 1533, 328, 379, 294, 0.9348220825195312, -1, 1.0
235, 10181, 474, 42, 218, 231, 0.9180683493614196, -1, 1.0
235, 10121, 1014, 139, 254, 200, 0.6752949357032776, -1, 1.0
236, 10258, 632, 440, 442, 354, 0.940845251083374, -1, 1.0
236, 10255, 1506, 319, 385, 293, 0.933803379535675, -1, 1.0
236, 10181, 478, 41, 219, 234, 0.9284038543701172, -1, 1.0
236, 10121, 997, 134, 258, 206, 0.754540741443634, -1, 1.0
237, 10258, 634, 455, 456, 366, 0.948362410068512, -1, 1.0
237, 10255, 1478, 312, 387, 290, 0.9416135549545288, -1, 1.0
237, 10181, 480, 42, 222, 236, 0.9405673742294312, -1, 1.0
237, 10121, 986, 129, 260, 209, 0.9259135127067566, -1, 1.0
238, 10258, 639, 469, 469, 377, 0.9556646943092346, -1, 1.0
238, 10255, 1454, 304, 385, 286, 0.9513007402420044, -1, 1.0
238, 10181, 482, 40, 225, 239, 0.9314435124397278, -1, 1.0
238, 10121, 976, 126, 260, 210, 0.9198338389396667, -1, 1.0
239, 10258, 648, 483, 477, 385, 0.9475538730621338, -1, 1.0
239, 10255, 1428, 298, 383, 282, 0.945629894733429, -1, 1.0
239, 10181, 484, 44, 228, 238, 0.9311919212341307, -1, 1.0
239, 10121, 961, 122, 260, 210, 0.9202847480773926, -1, 1.0
240, 10258, 653, 498, 491, 397, 0.9477235078811646, -1, 1.0
240, 10255, 1405, 293, 377, 278, 0.9419466853141784, -1, 1.0
240, 10181, 486, 45, 232, 240, 0.9340881109237672, -1, 1.0
240, 10121, 948, 122, 259, 209, 0.928047776222229, -1, 1.0
241, 10258, 664, 512, 501, 408, 0.9409053921699524, -1, 1.0
241, 10255, 1384, 289, 372, 272, 0.940177321434021, -1, 1.0
241, 10181, 487, 46, 235, 242, 0.9366213083267212, -1, 1.0
241, 10121, 944, 120, 256, 207, 0.9337449669837952, -1, 1.0
242, 10258, 667, 515, 508, 416, 0.940812647342682, -1, 1.0
242, 10255, 1378, 289, 367, 267, 0.9398409724235536, -1, 1.0
242, 10181, 487, 46, 236, 244, 0.937018632888794, -1, 1.0
242, 10121, 944, 120, 253, 207, 0.9332220554351808, -1, 1.0
243, 10258, 666, 515, 513, 422, 0.9405865669250488, -1, 1.0
243, 10255, 1378, 290, 364, 264, 0.9399766325950624, -1, 1.0
243, 10181, 486, 46, 238, 245, 0.9372321367263794, -1, 1.0
243, 10121, 945, 120, 251, 206, 0.9332380294799804, -1, 1.0
244, 10258, 665, 513, 516, 426, 0.9405771493911744, -1, 1.0
244, 10255, 1378, 291, 362, 261, 0.940002977848053, -1, 1.0
244, 10181, 486, 46, 239, 246, 0.9375274181365968, -1, 1.0
244, 10121, 945, 120, 249, 205, 0.933677613735199, -1, 1.0
245, 10258, 664, 511, 518, 429, 0.9410141706466676, -1, 1.0
245, 10255, 1379, 292, 360, 260, 0.939782738685608, -1, 1.0
245, 10181, 486, 45, 240, 247, 0.936790645122528, -1, 1.0
245, 10121, 946, 120, 248, 205, 0.933529257774353, -1, 1.0
246, 10258, 663, 510, 520, 430, 0.9409658312797546, -1, 1.0
246, 10255, 1380, 293, 359, 258, 0.939512014389038, -1, 1.0
246, 10181, 485, 45, 240, 247, 0.9363362193107604, -1, 1.0
246, 10121, 946, 120, 247, 205, 0.9334601759910583, -1, 1.0
247, 10258, 662, 509, 520, 432, 0.9407837986946106, -1, 1.0
247, 10255, 1381, 294, 358, 257, 0.9401335120201112, -1, 1.0
247, 10181, 485, 45, 241, 247, 0.9365010261535645, -1, 1.0
247, 10121, 947, 120, 247, 204, 0.933719277381897, -1, 1.0
248, 10258, 662, 508, 521, 432, 0.9409564733505248, -1, 1.0
248, 10255, 1382, 294, 357, 256, 0.9397868514060974, -1, 1.0
248, 10181, 485, 46, 241, 247, 0.9364564418792723, -1, 1.0
248, 10121, 947, 120, 246, 204, 0.9328628778457642, -1, 1.0
249, 10258, 661, 507, 521, 433, 0.941162645816803, -1, 1.0
249, 10255, 1382, 295, 356, 256, 0.9396620988845824, -1, 1.0
249, 10181, 485, 46, 241, 247, 0.9366291761398317, -1, 1.0
249, 10121, 948, 120, 246, 204, 0.9333637952804564, -1, 1.0
250, 10258, 661, 506, 521, 433, 0.9411794543266296, -1, 1.0
250, 10255, 1383, 295, 356, 255, 0.9394803643226624, -1, 1.0
250, 10181, 485, 46, 241, 247, 0.9365569949150084, -1, 1.0
250, 10121, 948, 120, 246, 204, 0.93340265750885, -1, 1.0
251, 10258, 661, 506, 521, 433, 0.9413303732872008, -1, 1.0
251, 10255, 1383, 295, 355, 255, 0.9396330714225768, -1, 1.0
251, 10181, 485, 46, 241, 247, 0.9372018575668336, -1, 1.0
251, 10121, 948, 120, 245, 204, 0.9336904883384703, -1, 1.0
252, 10284, 1212, 234, 273, 203, 0.9463635087013244, -1, 1.0
252, 10258, 777, 657, 585, 393, 0.9309828281402588, -1, 1.0
252, 10181, 524, 47, 248, 255, 0.9173192977905272, -1, 1.0
252, 10121, 896, 118, 245, 195, 0.8947626948356628, -1, 1.0
253, 10284, 1213, 238, 278, 206, 0.9683293104171752, -1, 1.0
253, 10258, 819, 733, 634, 354, 0.941947102546692, -1, 1.0
253, 10181, 541, 46, 254, 264, 0.9169341921806335, -1, 1.0
253, 10121, 869, 118, 236, 188, 0.881199836730957, -1, 1.0
254, 10284, 1207, 236, 279, 208, 0.9341702461242676, -1, 1.0
254, 10258, 861, 782, 671, 305, 0.9282717704772948, -1, 1.0
254, 10181, 550, 41, 258, 272, 0.9164607524871826, -1, 1.0
254, 10121, 855, 118, 230, 183, 0.8801862597465515, -1, 1.0
255, 10286, 1803, 279, 111, 252, 0.955499827861786, -1, 1.0
255, 10284, 1197, 231, 278, 209, 0.920543372631073, -1, 1.0
255, 10258, 892, 821, 697, 266, 0.9151768684387208, -1, 1.0
255, 10181, 556, 35, 263, 280, 0.8754751086235046, -1, 1.0
255, 10121, 847, 119, 226, 179, 0.8145930767059326, -1, 1.0
256, 10286, 1780, 266, 132, 267, 0.955117404460907, -1, 1.0
256, 10284, 1183, 227, 278, 209, 0.9111465215682985, -1, 1.0
256, 10258, 910, 854, 702, 233, 0.8969563245773315, -1, 1.0
256, 10181, 562, 39, 263, 283, 0.884039580821991, -1, 1.0
256, 10121, 839, 118, 224, 175, 0.8427137136459351, -1, 1.0
257, 10286, 1756, 257, 152, 270, 0.9495484232902528, -1, 1.0
257, 10284, 1169, 225, 279, 208, 0.9127591252326964, -1, 1.0
257, 10258, 941, 891, 707, 196, 0.9008034467697144, -1, 1.0
257, 10181, 568, 44, 266, 284, 0.8917826414108276, -1, 1.0
257, 10121, 833, 120, 221, 171, 0.709052324295044, -1, 1.0
258, 10286, 1733, 248, 174, 270, 0.9688294529914856, -1, 1.0
258, 10284, 1159, 219, 276, 207, 0.9187874794006348, -1, 1.0
258, 10258, 940, 932, 738, 155, 0.8988887667655945, -1, 1.0
258, 10181, 570, 43, 264, 287, 0.8821260929107666, -1, 1.0
258, 10121, 820, 122, 220, 168, 0.7296773195266724, -1, 1.0
259, 10286, 1710, 242, 195, 265, 0.9441218972206116, -1, 1.0
259, 10284, 1149, 215, 273, 205, 0.9133181571960448, -1, 1.0
259, 10258, 960, 973, 767, 114, 0.8807103037834167, -1, 1.0
259, 10181, 578, 40, 269, 293, 0.856366753578186, -1, 1.0
259, 10121, 819, 120, 215, 165, 0.6133224964141846, -1, 1.0
260, 10286, 1691, 237, 215, 260, 0.9513850212097168, -1, 1.0
260, 10291, 982, 158, 211, 164, 0.9413310885429382, -1, 1.0
260, 10284, 1138, 211, 271, 204, 0.91029292345047, -1, 1.0
260, 10181, 581, 40, 270, 297, 0.9002504348754883, -1, 1.0
260, 10121, 815, 119, 208, 162, 0.8781102895736694, -1, 1.0
261, 10286, 1666, 230, 237, 258, 0.9529630541801452, -1, 1.0
261, 10291, 975, 141, 212, 172, 0.9475409984588624, -1, 1.0
261, 10284, 1129, 208, 269, 202, 0.8964558243751526, -1, 1.0
261, 10181, 585, 37, 276, 303, 0.8703937530517578, -1, 1.0
261, 10121, 820, 119, 200, 158, 0.8238115906715393, -1, 1.0
262, 10286, 1644, 225, 260, 256, 0.958535134792328, -1, 1.0
262, 10291, 967, 141, 209, 172, 0.9509339928627014, -1, 1.0
262, 10284, 1119, 204, 267, 201, 0.9158264994621276, -1, 1.0
262, 10181, 591, 38, 276, 307, 0.8824392557144165, -1, 1.0
262, 10121, 827, 119, 192, 154, 0.8029988408088684, -1, 1.0
263, 10286, 1625, 222, 280, 253, 0.966184377670288, -1, 1.0
263, 10291, 960, 149, 207, 165, 0.9434419870376588, -1, 1.0
263, 10284, 1110, 201, 264, 199, 0.9196381568908693, -1, 1.0
263, 10181, 595, 42, 279, 308, 0.8512883186340332, -1, 1.0
263, 10121, 833, 120, 180, 148, 0.7099936604499817, -1, 1.0
264, 10286, 1602, 220, 296, 248, 0.9653335809707642, -1, 1.0
264, 10291, 952, 152, 203, 161, 0.937824845314026, -1, 1.0
264, 10284, 1103, 199, 261, 196, 0.9145275354385376, -1, 1.0
264, 10181, 605, 44, 282, 310, 0.8977364897727966, -1, 1.0
265, 10286, 1578, 214, 305, 243, 0.961552619934082, -1, 1.0
265, 10291, 944, 149, 202, 160, 0.9374428391456604, -1, 1.0
265, 10284, 1096, 198, 258, 193, 0.924660623073578, -1, 1.0
265, 10181, 626, 47, 300, 313, 0.9066667556762696, -1, 1.0
266, 10286, 1552, 211, 311, 238, 0.9639970660209656, -1, 1.0
266, 10291, 939, 143, 202, 161, 0.9502822756767272, -1, 1.0
266, 10284, 1085, 197, 258, 190, 0.8993661999702454, -1, 1.0
266, 10181, 628, 49, 305, 316, 0.8986138701438904, -1, 1.0
267, 10286, 1530, 208, 312, 233, 0.9613037109375, -1, 1.0
267, 10291, 933, 145, 204, 159, 0.9508363008499146, -1, 1.0
267, 10284, 1073, 195, 259, 187, 0.9441035985946656, -1, 1.0
267, 10181, 635, 49, 313, 321, 0.8725499510765076, -1, 1.0
268, 10286, 1508, 204, 313, 229, 0.9612377285957336, -1, 1.0
268, 10291, 920, 146, 207, 156, 0.946222722530365, -1, 1.0
268, 10284, 1060, 192, 258, 186, 0.9413257241249084, -1, 1.0
268, 10181, 635, 57, 312, 321, 0.8989349007606506, -1, 1.0
269, 10286, 1490, 200, 312, 224, 0.9498431086540222, -1, 1.0
269, 10291, 918, 148, 200, 151, 0.9420052766799928, -1, 1.0
269, 10284, 1045, 190, 260, 184, 0.9399253129959106, -1, 1.0
269, 10181, 642, 63, 313, 321, 0.8752669095993042, -1, 1.0
270, 10286, 1470, 197, 307, 220, 0.9507358074188232, -1, 1.0
270, 10284, 1027, 187, 262, 183, 0.9435246586799622, -1, 1.0
270, 10181, 648, 69, 314, 321, 0.9176414012908936, -1, 1.0
271, 10286, 1451, 193, 303, 216, 0.928521454334259, -1, 1.0
271, 10284, 996, 183, 272, 183, 0.9219853281974792, -1, 1.0
271, 10181, 654, 71, 311, 323, 0.7429160475730896, -1, 1.0
272, 10286, 1434, 190, 299, 211, 0.9602860808372498, -1, 1.0
272, 10284, 977, 182, 276, 183, 0.948328971862793, -1, 1.0
272, 10181, 668, 72, 317, 326, 0.9127662777900696, -1, 1.0
273, 10286, 1420, 189, 292, 207, 0.9470836520195008, -1, 1.0
273, 10284, 979, 182, 265, 180, 0.9266839623451232, -1, 1.0
273, 10181, 681, 74, 333, 331, 0.8929678797721863, -1, 1.0
274, 10286, 1406, 188, 289, 202, 0.9559032320976256, -1, 1.0
274, 10284, 971, 183, 254, 177, 0.9280033111572266, -1, 1.0
274, 10181, 689, 76, 341, 335, 0.919569194316864, -1, 1.0
275, 10286, 1390, 186, 284, 198, 0.9639862179756165, -1, 1.0
275, 10284, 962, 182, 241, 174, 0.927794873714447, -1, 1.0
275, 10181, 694, 78, 343, 339, 0.9256569743156432, -1, 1.0
276, 10286, 1375, 184, 279, 195, 0.9626525044441224, -1, 1.0
276, 10284, 962, 180, 221, 171, 0.9430670738220216, -1, 1.0
276, 10181, 700, 80, 345, 343, 0.8989497423171997, -1, 1.0
277, 10286, 1362, 182, 275, 192, 0.962670624256134, -1, 1.0
277, 10284, 960, 175, 198, 169, 0.9272999167442322, -1, 1.0
277, 10181, 711, 85, 354, 347, 0.9097569584846495, -1, 1.0
278, 10286, 1347, 180, 272, 190, 0.9330747723579408, -1, 1.0
278, 10181, 717, 84, 361, 354, 0.8460860252380371, -1, 1.0
279, 10301, 1752, 357, 159, 323, 0.954476237297058, -1, 1.0
279, 10286, 1333, 178, 269, 189, 0.943478524684906, -1, 1.0
279, 10181, 721, 87, 364, 359, 0.9099193811416626, -1, 1.0
280, 10301, 1746, 355, 167, 321, 0.954703688621521, -1, 1.0
280, 10286, 1329, 178, 266, 187, 0.9447965621948242, -1, 1.0
280, 10181, 722, 87, 366, 363, 0.9102123379707336, -1, 1.0
281, 10301, 1744, 357, 171, 318, 0.9569425582885742, -1, 1.0
281, 10286, 1328, 178, 265, 186, 0.9455550312995912, -1, 1.0
281, 10181, 721, 87, 368, 365, 0.9070161581039428, -1, 1.0
282, 10301, 1743, 360, 174, 314, 0.9571514129638672, -1, 1.0
282, 10286, 1328, 179, 264, 186, 0.9465599060058594, -1, 1.0
282, 10181, 720, 87, 369, 367, 0.9064013957977296, -1, 1.0
283, 10301, 1743, 361, 175, 311, 0.9569674134254456, -1, 1.0
283, 10286, 1329, 179, 263, 185, 0.946793794631958, -1, 1.0
283, 10181, 720, 87, 370, 368, 0.9061558246612548, -1, 1.0
284, 10301, 1743, 363, 175, 309, 0.9568431973457336, -1, 1.0
284, 10286, 1330, 179, 262, 185, 0.9459161758422852, -1, 1.0
284, 10181, 719, 86, 370, 369, 0.903684139251709, -1, 1.0
285, 10301, 1743, 364, 176, 307, 0.9571327567100524, -1, 1.0
285, 10286, 1331, 180, 261, 184, 0.9459763765335084, -1, 1.0
285, 10181, 718, 85, 370, 369, 0.9039797782897948, -1, 1.0
286, 10301, 1743, 365, 176, 306, 0.9576725363731384, -1, 1.0
286, 10286, 1331, 180, 261, 184, 0.9435810446739196, -1, 1.0
286, 10181, 718, 85, 371, 370, 0.9028069972991944, -1, 1.0
287, 10301, 1743, 365, 176, 304, 0.957850992679596, -1, 1.0
287, 10286, 1332, 180, 260, 184, 0.9432970881462096, -1, 1.0
287, 10181, 717, 84, 371, 370, 0.9011715650558472, -1, 1.0
288, 10301, 1743, 366, 176, 303, 0.957771062850952, -1, 1.0
288, 10286, 1333, 181, 260, 184, 0.9433673024177552, -1, 1.0
288, 10181, 717, 84, 371, 370, 0.9018914699554444, -1, 1.0
289, 10301, 1744, 367, 175, 302, 0.9573514461517334, -1, 1.0
289, 10286, 1333, 181, 260, 184, 0.944427490234375, -1, 1.0
289, 10181, 717, 84, 372, 371, 0.9060574769973756, -1, 1.0
290, 10301, 1744, 368, 175, 301, 0.9573764204978944, -1, 1.0
290, 10286, 1334, 181, 260, 183, 0.94477117061615, -1, 1.0
290, 10181, 717, 84, 374, 371, 0.9061836004257202, -1, 1.0
291, 10301, 1745, 368, 175, 300, 0.9572257995605468, -1, 1.0
291, 10286, 1334, 181, 260, 184, 0.9450506567955016, -1, 1.0
291, 10181, 717, 84, 375, 371, 0.9064139127731324, -1, 1.0
292, 10286, 1243, 164, 238, 176, 0.9520801901817322, -1, 1.0
292, 10181, 827, 124, 400, 397, 0.9458563327789308, -1, 1.0
293, 10286, 1217, 157, 214, 171, 0.9652355313301086, -1, 1.0
293, 10181, 875, 140, 422, 417, 0.9284639954566956, -1, 1.0
294, 10286, 1223, 157, 187, 165, 0.6142246723175049, -1, 1.0
294, 10181, 902, 144, 441, 436, 0.5657700300216675, -1, 1.0
295, 10181, 917, 147, 449, 449, 0.8865752816200256, -1, 1.0
296, 10181, 937, 151, 462, 464, 0.8544414639472961, -1, 1.0
297, 10181, 953, 147, 472, 477, 0.6171121597290039, -1, 1.0
298, 10319, 1379, 250, 290, 222, 0.9059646129608154, -1, 1.0
298, 10181, 968, 151, 486, 490, 0.5422216057777405, -1, 1.0
299, 10320, 1142, 79, 55, 49, 0.9042019844055176, -1, 1.0
299, 10319, 1381, 248, 269, 215, 0.895494282245636, -1, 1.0
299, 10181, 983, 153, 498, 503, 0.6667109727859497, -1, 1.0
