1, 10047, 12, 688, 399, 279, 0.9128265976905824, -1, 1.0
1, 10016, 1341, 766, 283, 173, 0.5782987475395203, -1, 1.0
2, 10047, 9, 685, 405, 281, 0.9214626550674438, -1, 1.0
2, 10016, 1322, 764, 293, 177, 0.6569867730140686, -1, 1.0
3, 10047, 9, 685, 408, 282, 0.9353444576263428, -1, 1.0
3, 10016, 1304, 764, 298, 178, 0.6246318221092224, -1, 1.0
4, 10047, 9, 685, 408, 282, 0.9277499914169312, -1, 1.0
4, 10016, 1290, 764, 300, 175, 0.6071158647537231, -1, 1.0
5, 10047, 10, 685, 411, 282, 0.9294363260269164, -1, 1.0
5, 10055, 0, 583, 458, 382, 0.6341058611869812, -1, 1.0
5, 10016, 1269, 758, 310, 182, 0.5866461396217346, -1, 1.0
6, 10047, 10, 684, 413, 282, 0.9338772296905518, -1, 1.0
6, 10055, 0, 584, 459, 382, 0.6282590627670288, -1, 1.0
6, 10016, 1249, 754, 319, 186, 0.529544472694397, -1, 1.0
7, 10047, 11, 685, 415, 282, 0.9467815160751344, -1, 1.0
7, 10055, 0, 586, 460, 381, 0.6598960161209106, -1, 1.0
7, 10016, 1229, 751, 328, 191, 0.6345732808113098, -1, 1.0
8, 10047, 11, 685, 415, 282, 0.9001126289367676, -1, 1.0
8, 10055, 0, 585, 461, 381, 0.7062428593635559, -1, 1.0
8, 10016, 1210, 747, 336, 194, 0.676527202129364, -1, 1.0
9, 10047, 11, 685, 416, 282, 0.9232044816017152, -1, 1.0
9, 10055, 0, 582, 461, 383, 0.6408060789108276, -1, 1.0
9, 10016, 1194, 749, 340, 193, 0.6272885203361511, -1, 1.0
10, 10047, 10, 685, 417, 282, 0.9142475724220276, -1, 1.0
10, 10055, 0, 580, 462, 384, 0.8717527985572815, -1, 1.0
10, 10016, 1176, 747, 346, 196, 0.6181720495223999, -1, 1.0
11, 10047, 8, 685, 414, 282, 0.9445728659629822, -1, 1.0
11, 10055, 0, 588, 458, 379, 0.8334505558013916, -1, 1.0
11, 10016, 1158, 745, 352, 198, 0.6177263855934143, -1, 1.0
12, 10047, 7, 685, 412, 281, 0.9256648421287536, -1, 1.0
12, 10055, 0, 588, 455, 378, 0.8191440105438232, -1, 1.0
12, 10016, 1142, 743, 358, 199, 0.6056272983551025, -1, 1.0
13, 10047, 1, 679, 413, 285, 0.9224530458450316, -1, 1.0
13, 10055, 0, 567, 415, 387, 0.826785683631897, -1, 1.0
13, 10016, 1124, 740, 365, 202, 0.5589183568954468, -1, 1.0
14, 10047, 0, 675, 414, 289, 0.9288413524627686, -1, 1.0
14, 10016, 1105, 736, 373, 204, 0.8202416300773621, -1, 1.0
15, 10047, 0, 673, 413, 291, 0.9464455246925354, -1, 1.0
15, 10016, 1088, 733, 381, 207, 0.821204662322998, -1, 1.0
16, 10047, 0, 672, 413, 292, 0.9306073188781738, -1, 1.0
16, 10055, 0, 550, 383, 403, 0.8214071989059448, -1, 1.0
16, 10016, 1070, 728, 389, 212, 0.5015909671783447, -1, 1.0
17, 10047, 0, 672, 415, 293, 0.9310693740844728, -1, 1.0
17, 10055, 0, 547, 377, 409, 0.8263738751411438, -1, 1.0
17, 10016, 1051, 724, 397, 217, 0.5157280564308167, -1, 1.0
18, 10047, 0, 671, 415, 295, 0.9175683259963988, -1, 1.0
18, 10016, 1033, 722, 404, 221, 0.8157744407653809, -1, 1.0
19, 10047, 0, 669, 416, 296, 0.8619174957275391, -1, 1.0
19, 10016, 1016, 718, 412, 224, 0.8175516724586487, -1, 1.0
20, 10047, 0, 668, 419, 298, 0.9167322516441344, -1, 1.0
20, 10016, 1000, 717, 419, 227, 0.821044921875, -1, 1.0
21, 10047, 5, 676, 414, 292, 0.9302310943603516, -1, 1.0
21, 10016, 982, 714, 429, 231, 0.7906028032302856, -1, 1.0
22, 10047, 4, 671, 417, 295, 0.9321974515914916, -1, 1.0
22, 10016, 967, 712, 436, 233, 0.7799608111381531, -1, 1.0
23, 10016, 953, 711, 445, 235, 0.9426774978637696, -1, 1.0
24, 10055, 7, 585, 435, 382, 0.9494410753250122, -1, 1.0
24, 10016, 939, 710, 452, 236, 0.7623921632766724, -1, 1.0
25, 10016, 924, 709, 458, 238, 0.947988510131836, -1, 1.0
26, 10047, 0, 639, 426, 319, 0.9347342252731324, -1, 1.0
26, 10016, 912, 708, 462, 239, 0.8261932134628296, -1, 1.0
27, 10047, 0, 634, 427, 325, 0.9230753779411316, -1, 1.0
27, 10016, 899, 707, 466, 240, 0.8250570893287659, -1, 1.0
28, 10047, 0, 632, 427, 328, 0.8947303295135498, -1, 1.0
28, 10016, 887, 705, 470, 242, 0.8277565240859985, -1, 1.0
29, 10047, 0, 631, 427, 331, 0.931304395198822, -1, 1.0
29, 10016, 877, 705, 475, 243, 0.824853777885437, -1, 1.0
30, 10047, 0, 625, 433, 336, 0.9399448037147522, -1, 1.0
30, 10016, 867, 705, 480, 244, 0.821868360042572, -1, 1.0
31, 10016, 855, 704, 485, 245, 0.9508369565010072, -1, 1.0
32, 10055, 5, 599, 453, 368, 0.9508726596832277, -1, 1.0
32, 10016, 846, 703, 491, 247, 0.6755289435386658, -1, 1.0
33, 10016, 837, 702, 496, 249, 0.957700490951538, -1, 1.0
34, 10016, 828, 701, 501, 250, 0.9391228556632996, -1, 1.0
35, 10047, 30, 665, 403, 262, 0.9365444183349608, -1, 1.0
35, 10016, 818, 699, 506, 252, 0.5884125232696533, -1, 1.0
36, 10047, 18, 682, 390, 268, 0.9306565523147584, -1, 1.0
36, 10016, 810, 698, 510, 252, 0.9044103622436525, -1, 1.0
37, 10016, 804, 698, 512, 251, 0.9079590439796448, -1, 1.0
38, 10016, 797, 700, 515, 251, 0.7748956680297852, -1, 1.0
39, 10016, 787, 701, 521, 250, 0.8255499005317688, -1, 1.0
40, 10016, 778, 700, 526, 251, 0.7986888289451599, -1, 1.0
41, 10016, 771, 700, 531, 252, 0.831007719039917, -1, 1.0
42, 10016, 765, 700, 534, 252, 0.8090555667877197, -1, 1.0
43, 10047, 10, 690, 375, 274, 0.7983906269073486, -1, 1.0
43, 10016, 759, 698, 537, 255, 0.6063209176063538, -1, 1.0
44, 10016, 752, 696, 539, 256, 0.5749461650848389, -1, 1.0
45, 10094, 1704, 808, 115, 85, 0.9490777850151062, -1, 1.0
45, 10093, 1560, 992, 440, 296, 0.9407203197479248, -1, 1.0
45, 10016, 746, 694, 541, 258, 0.7133889198303223, -1, 1.0
46, 10094, 1695, 809, 117, 84, 0.9507547616958618, -1, 1.0
46, 10093, 1630, 995, 390, 268, 0.9325170516967772, -1, 1.0
46, 10047, 1, 673, 386, 288, 0.748121976852417, -1, 1.0
46, 10016, 742, 694, 543, 258, 0.6271436214447021, -1, 1.0
47, 10094, 1685, 810, 119, 85, 0.9495288729667664, -1, 1.0
47, 10093, 1687, 999, 346, 243, 0.9377140402793884, -1, 1.0
47, 10055, 0, 535, 364, 418, 0.7990661859512329, -1, 1.0
47, 10016, 737, 692, 544, 258, 0.7164873480796814, -1, 1.0
48, 10094, 1672, 810, 121, 84, 0.9485799074172974, -1, 1.0
48, 10093, 1734, 1002, 307, 219, 0.932720959186554, -1, 1.0
48, 10055, 0, 532, 366, 423, 0.8081949949264526, -1, 1.0
48, 10016, 733, 690, 547, 261, 0.5109376907348633, -1, 1.0
49, 10094, 1660, 810, 123, 84, 0.949817419052124, -1, 1.0
49, 10093, 1777, 1005, 276, 198, 0.9199259877204896, -1, 1.0
49, 10016, 726, 687, 550, 263, 0.8287659287452698, -1, 1.0
50, 10094, 1650, 810, 126, 84, 0.9446185827255248, -1, 1.0
50, 10093, 1814, 1006, 248, 180, 0.9242614507675172, -1, 1.0
50, 10016, 717, 688, 555, 264, 0.8006581664085388, -1, 1.0
51, 10094, 1636, 808, 128, 84, 0.9400484561920166, -1, 1.0
51, 10093, 1850, 1005, 217, 161, 0.9365023374557496, -1, 1.0
51, 10016, 708, 686, 558, 266, 0.8292500972747803, -1, 1.0
52, 10094, 1622, 806, 131, 85, 0.9377865195274352, -1, 1.0
52, 10093, 1880, 1008, 191, 143, 0.900804340839386, -1, 1.0
52, 10047, 0, 671, 337, 296, 0.8597018718719482, -1, 1.0
52, 10016, 699, 685, 561, 267, 0.8060349225997925, -1, 1.0
53, 10094, 1608, 803, 133, 86, 0.9143913388252258, -1, 1.0
53, 10047, 0, 664, 305, 299, 0.8910542130470276, -1, 1.0
53, 10016, 691, 686, 564, 267, 0.8535559773445129, -1, 1.0
54, 10094, 1594, 800, 136, 89, 0.8994905352592468, -1, 1.0
54, 10016, 683, 684, 569, 268, 0.8921312093734741, -1, 1.0
55, 10094, 1576, 792, 141, 94, 0.8733006119728088, -1, 1.0
55, 10016, 674, 682, 574, 269, 0.8718942403793335, -1, 1.0
56, 10105, 1900, 969, 224, 173, 0.9088625907897948, -1, 1.0
56, 10094, 1560, 791, 146, 97, 0.8746028542518616, -1, 1.0
56, 10016, 659, 683, 582, 270, 0.8315446972846985, -1, 1.0
57, 10105, 1917, 968, 211, 165, 0.9197253584861756, -1, 1.0
57, 10094, 1545, 790, 150, 99, 0.862646222114563, -1, 1.0
57, 10016, 647, 681, 587, 272, 0.8246911764144897, -1, 1.0
58, 10105, 1931, 969, 198, 157, 0.8975520730018616, -1, 1.0
58, 10094, 1528, 791, 154, 100, 0.842868447303772, -1, 1.0
58, 10016, 635, 680, 594, 273, 0.8215063214302063, -1, 1.0
59, 10105, 1943, 966, 190, 150, 0.9116724133491516, -1, 1.0
59, 10094, 1509, 791, 158, 101, 0.7825260162353516, -1, 1.0
59, 10016, 635, 682, 594, 273, 0.7337472438812256, -1, 1.0
60, 10105, 1956, 965, 183, 145, 0.8985483050346375, -1, 1.0
60, 10094, 1490, 786, 163, 104, 0.7782491445541382, -1, 1.0
60, 10016, 614, 678, 600, 276, 0.7503427267074585, -1, 1.0
61, 10105, 1970, 964, 176, 139, 0.9038025140762328, -1, 1.0
61, 10094, 1471, 784, 168, 106, 0.8306999802589417, -1, 1.0
61, 10016, 597, 671, 604, 281, 0.748365581035614, -1, 1.0
62, 10105, 1977, 963, 169, 136, 0.8615713715553284, -1, 1.0
62, 10094, 1450, 784, 174, 108, 0.801348090171814, -1, 1.0
62, 10016, 584, 666, 608, 285, 0.6240319013595581, -1, 1.0
63, 10105, 1987, 960, 164, 131, 0.7814056873321533, -1, 1.0
63, 10094, 1428, 781, 181, 110, 0.7786775231361389, -1, 1.0
63, 10016, 555, 660, 617, 291, 0.7551915645599365, -1, 1.0
64, 10105, 1995, 959, 158, 128, 0.8483102917671204, -1, 1.0
64, 10094, 1404, 776, 188, 113, 0.7403785586357117, -1, 1.0
64, 10016, 534, 656, 625, 295, 0.7186093926429749, -1, 1.0
65, 10105, 2002, 956, 152, 124, 0.8442530632019043, -1, 1.0
65, 10094, 1381, 770, 194, 118, 0.7523361444473267, -1, 1.0
65, 10016, 519, 653, 628, 300, 0.6998124718666077, -1, 1.0
66, 10105, 2008, 954, 147, 120, 0.8712920546531677, -1, 1.0
66, 10094, 1360, 764, 201, 123, 0.8116366267204285, -1, 1.0
66, 10016, 496, 646, 635, 306, 0.7290924787521362, -1, 1.0
67, 10105, 2016, 953, 142, 116, 0.8217464685440063, -1, 1.0
67, 10094, 1334, 761, 207, 125, 0.696645200252533, -1, 1.0
67, 10016, 470, 644, 640, 309, 0.6881639957427979, -1, 1.0
68, 10105, 2021, 952, 139, 112, 0.8892225623130798, -1, 1.0
68, 10094, 1308, 757, 213, 130, 0.7300053834915161, -1, 1.0
68, 10016, 420, 649, 657, 308, 0.522610604763031, -1, 1.0
69, 10105, 2029, 951, 135, 108, 0.9203686714172364, -1, 1.0
69, 10094, 1282, 753, 219, 133, 0.7547360062599182, -1, 1.0
69, 10016, 363, 648, 687, 309, 0.7054607272148132, -1, 1.0
70, 10105, 2035, 949, 132, 105, 0.7624531984329224, -1, 1.0
70, 10094, 1252, 751, 228, 136, 0.7543129920959473, -1, 1.0
71, 10121, 423, 629, 576, 329, 0.9178502559661864, -1, 1.0
71, 10105, 2038, 949, 129, 102, 0.813210129737854, -1, 1.0
71, 10094, 1224, 747, 235, 139, 0.7710493206977844, -1, 1.0
72, 10121, 455, 634, 532, 318, 0.9164089560508728, -1, 1.0
72, 10105, 2048, 950, 123, 97, 0.8308923840522766, -1, 1.0
72, 10094, 1192, 744, 243, 142, 0.8136621713638306, -1, 1.0
73, 10121, 399, 629, 545, 323, 0.9132021069526672, -1, 1.0
73, 10105, 2055, 951, 117, 93, 0.8904311656951904, -1, 1.0
73, 10094, 1161, 740, 253, 144, 0.7563299536705017, -1, 1.0
74, 10105, 2059, 951, 113, 90, 0.9180238246917723, -1, 1.0
74, 10094, 1128, 735, 264, 148, 0.8800996541976929, -1, 1.0
75, 10094, 1091, 730, 273, 152, 0.9138108491897584, -1, 1.0
75, 10016, 136, 608, 736, 340, 0.8723505735397339, -1, 1.0
76, 10094, 1053, 725, 283, 156, 0.924997091293335, -1, 1.0
76, 10016, 91, 598, 737, 349, 0.9233147501945496, -1, 1.0
77, 10094, 1012, 719, 296, 160, 0.9367306232452391, -1, 1.0
77, 10016, 26, 588, 749, 359, 0.8666750192642212, -1, 1.0
78, 10094, 970, 713, 310, 165, 0.916687548160553, -1, 1.0
78, 10016, 0, 579, 718, 368, 0.8807438015937805, -1, 1.0
79, 10094, 925, 706, 323, 170, 0.9481120109558104, -1, 1.0
79, 10016, 0, 568, 652, 376, 0.8358741998672485, -1, 1.0
80, 10121, 0, 560, 416, 372, 0.9398110508918762, -1, 1.0
80, 10094, 881, 701, 340, 174, 0.6503219604492188, -1, 1.0
80, 10016, 0, 555, 621, 388, 0.5036298632621765, -1, 1.0
81, 10121, 0, 622, 442, 339, 0.9417535066604614, -1, 1.0
81, 10094, 828, 695, 353, 179, 0.7297031879425049, -1, 1.0
81, 10016, 0, 546, 559, 398, 0.5265387892723083, -1, 1.0
82, 10121, 0, 579, 417, 365, 0.9475911259651184, -1, 1.0
82, 10094, 777, 688, 369, 183, 0.8514716625213623, -1, 1.0
83, 10094, 725, 680, 384, 189, 0.9470146298408508, -1, 1.0
84, 10094, 667, 672, 403, 196, 0.9477455019950868, -1, 1.0
85, 10094, 605, 659, 422, 204, 0.9453861713409424, -1, 1.0
86, 10094, 540, 651, 443, 210, 0.9306156039237976, -1, 1.0
87, 10094, 469, 645, 465, 215, 0.953077495098114, -1, 1.0
88, 10094, 395, 635, 490, 222, 0.9419988393783568, -1, 1.0
89, 10094, 317, 622, 517, 230, 0.9457247853279114, -1, 1.0
90, 10094, 232, 612, 544, 240, 0.9297466278076172, -1, 1.0
91, 10094, 143, 598, 575, 250, 0.9248931407928468, -1, 1.0
92, 10094, 131, 595, 557, 252, 0.9267336130142212, -1, 1.0
93, 10138, 0, 573, 556, 262, 0.7876013517379761, -1, 1.0
94, 10138, 0, 556, 269, 230, 0.8277226090431213, -1, 1.0
95, 10138, 0, 558, 175, 201, 0.8126911520957947, -1, 1.0
99, 10142, 1285, 821, 441, 288, 0.9325492978096008, -1, 1.0
100, 10142, 1360, 830, 399, 264, 0.927246391773224, -1, 1.0
101, 10142, 1428, 836, 362, 242, 0.8238924145698547, -1, 1.0
102, 10142, 1484, 843, 315, 218, 0.8288989067077637, -1, 1.0
103, 10142, 1543, 849, 286, 199, 0.9307144284248352, -1, 1.0
104, 10142, 1592, 857, 259, 182, 0.8820070028305054, -1, 1.0
105, 10142, 1636, 859, 233, 168, 0.891615092754364, -1, 1.0
106, 10142, 1674, 867, 213, 153, 0.9065839052200316, -1, 1.0
107, 10142, 1709, 873, 192, 139, 0.8950724005699158, -1, 1.0
108, 10142, 1743, 882, 174, 125, 0.8939118385314941, -1, 1.0
109, 10147, 1619, 799, 151, 92, 0.9128482341766356, -1, 1.0
109, 10142, 1771, 890, 155, 112, 0.8162407875061035, -1, 1.0
110, 10147, 1602, 787, 161, 100, 0.8976615071296692, -1, 1.0
110, 10142, 1796, 895, 139, 101, 0.7314441800117493, -1, 1.0
111, 10147, 1583, 789, 157, 100, 0.9197444915771484, -1, 1.0
111, 10142, 1820, 897, 123, 89, 0.7300081849098206, -1, 1.0
112, 10151, 179, 832, 734, 453, 0.9068576097488404, -1, 1.0
112, 10147, 1559, 791, 146, 97, 0.8763989806175232, -1, 1.0
113, 10151, 160, 788, 806, 492, 0.9144636392593384, -1, 1.0
113, 10147, 1551, 788, 151, 101, 0.8347103595733643, -1, 1.0
114, 10151, 404, 817, 776, 419, 0.8674598932266235, -1, 1.0
114, 10147, 1533, 786, 158, 103, 0.773804783821106, -1, 1.0
115, 10151, 598, 808, 736, 402, 0.8567115068435669, -1, 1.0
115, 10147, 1514, 784, 163, 106, 0.6338986754417419, -1, 1.0
116, 10151, 771, 814, 668, 366, 0.8253387212753296, -1, 1.0
116, 10147, 1492, 781, 170, 108, 0.8245327472686768, -1, 1.0
117, 10151, 926, 822, 596, 331, 0.8324190974235535, -1, 1.0
117, 10147, 1470, 777, 177, 111, 0.8144100904464722, -1, 1.0
118, 10151, 1060, 828, 525, 298, 0.8308026790618896, -1, 1.0
118, 10147, 1444, 775, 185, 113, 0.6401818990707397, -1, 1.0
119, 10151, 1176, 837, 460, 268, 0.7395925521850586, -1, 1.0
119, 10147, 1419, 773, 193, 115, 0.6340124011039734, -1, 1.0
120, 10151, 1276, 847, 399, 239, 0.7421088218688965, -1, 1.0
120, 10147, 1399, 774, 202, 122, 0.546749472618103, -1, 1.0
121, 10151, 1363, 858, 345, 210, 0.9148802161216736, -1, 1.0
121, 10147, 1373, 766, 206, 117, 0.5731881856918335, -1, 1.0
122, 10151, 1438, 868, 296, 183, 0.935982584953308, -1, 1.0
122, 10147, 1345, 763, 212, 122, 0.6809548735618591, -1, 1.0
123, 10151, 1507, 877, 250, 157, 0.952609658241272, -1, 1.0
123, 10147, 1317, 755, 219, 126, 0.8675094246864319, -1, 1.0
124, 10151, 1567, 887, 208, 132, 0.9103964567184448, -1, 1.0
124, 10147, 1290, 751, 226, 132, 0.8995373845100403, -1, 1.0
125, 10151, 1620, 896, 171, 109, 0.9262478351593018, -1, 1.0
125, 10147, 1259, 745, 235, 138, 0.8989619612693787, -1, 1.0
126, 10151, 1640, 886, 195, 127, 0.9294517636299132, -1, 1.0
126, 10147, 1230, 742, 247, 143, 0.899513840675354, -1, 1.0
127, 10151, 1662, 879, 205, 136, 0.9218596816062928, -1, 1.0
127, 10147, 1196, 737, 258, 147, 0.9180384874343872, -1, 1.0
128, 10151, 1687, 874, 209, 140, 0.9164804816246032, -1, 1.0
128, 10147, 1160, 734, 269, 150, 0.8985262513160706, -1, 1.0
129, 10151, 1710, 872, 206, 141, 0.8894078135490417, -1, 1.0
129, 10147, 1120, 727, 282, 156, 0.870963990688324, -1, 1.0
130, 10151, 1733, 871, 202, 140, 0.8312870264053345, -1, 1.0
130, 10147, 1083, 722, 294, 160, 0.7472073435783386, -1, 1.0
131, 10151, 1755, 873, 195, 136, 0.92026686668396, -1, 1.0
132, 10151, 1776, 875, 188, 131, 0.7928867936134338, -1, 1.0
133, 10151, 1796, 877, 181, 127, 0.8651024103164673, -1, 1.0
134, 10151, 1815, 876, 173, 124, 0.9110868573188782, -1, 1.0
135, 10151, 1832, 877, 165, 120, 0.9024325013160706, -1, 1.0
135, 10147, 851, 690, 363, 182, 0.8503163456916809, -1, 1.0
136, 10151, 1848, 880, 159, 115, 0.9018504619598388, -1, 1.0
136, 10147, 793, 685, 386, 188, 0.8599817156791687, -1, 1.0
137, 10151, 1863, 874, 154, 114, 0.9223880171775818, -1, 1.0
137, 10147, 736, 675, 409, 196, 0.8398521542549133, -1, 1.0
138, 10151, 1878, 871, 147, 113, 0.9126241207122804, -1, 1.0
138, 10147, 673, 664, 431, 204, 0.8316811323165894, -1, 1.0
139, 10151, 1890, 874, 140, 109, 0.8711527585983276, -1, 1.0
139, 10147, 607, 652, 457, 213, 0.692135214805603, -1, 1.0
140, 10151, 1903, 879, 133, 102, 0.824548602104187, -1, 1.0
140, 10147, 536, 643, 484, 219, 0.68564373254776, -1, 1.0
141, 10151, 1912, 885, 128, 97, 0.896352231502533, -1, 1.0
141, 10147, 461, 632, 514, 227, 0.7914869785308838, -1, 1.0
142, 10151, 1925, 885, 122, 92, 0.8015815615653992, -1, 1.0
142, 10147, 453, 629, 500, 231, 0.7966963648796082, -1, 1.0
143, 10185, 1334, 989, 520, 389, 0.8966861367225647, -1, 1.0
143, 10151, 1936, 883, 114, 89, 0.5418198704719543, -1, 1.0
144, 10185, 1479, 1003, 410, 303, 0.8198560476303101, -1, 1.0
144, 10151, 1948, 884, 109, 84, 0.7023069858551025, -1, 1.0
145, 10151, 1957, 885, 105, 81, 0.7685284614562988, -1, 1.0
147, 10189, 0, 551, 670, 305, 0.773058295249939, -1, 1.0
148, 10189, 0, 537, 625, 315, 0.6807198524475098, -1, 1.0
149, 10189, 0, 525, 570, 323, 0.6157625317573547, -1, 1.0
150, 10189, 0, 510, 507, 331, 0.6667893528938293, -1, 1.0
154, 10196, 1910, 952, 181, 137, 0.7723016738891602, -1, 1.0
155, 10196, 1932, 949, 170, 129, 0.8327916860580444, -1, 1.0
156, 10196, 1954, 949, 156, 119, 0.8897474408149719, -1, 1.0
157, 10196, 1974, 951, 141, 108, 0.8730865716934204, -1, 1.0
158, 10196, 1985, 939, 136, 108, 0.8008910417556763, -1, 1.0
163, 10209, 1646, 794, 138, 99, 0.8761519193649292, -1, 1.0
164, 10209, 1629, 793, 143, 100, 0.8892467021942139, -1, 1.0
165, 10209, 1612, 788, 150, 105, 0.7548836469650269, -1, 1.0
166, 10209, 1590, 783, 156, 109, 0.831896185874939, -1, 1.0
167, 10209, 1568, 778, 162, 113, 0.8040187954902649, -1, 1.0
168, 10209, 1552, 780, 164, 113, 0.8050280213356018, -1, 1.0
169, 10209, 1533, 780, 168, 114, 0.8486291170120239, -1, 1.0
170, 10209, 1508, 778, 174, 117, 0.8095564842224121, -1, 1.0
171, 10209, 1486, 777, 181, 118, 0.8495036363601685, -1, 1.0
172, 10209, 1459, 773, 189, 121, 0.8027766942977905, -1, 1.0
173, 10209, 1431, 767, 199, 125, 0.832502543926239, -1, 1.0
174, 10209, 1402, 759, 209, 132, 0.7808432579040527, -1, 1.0
175, 10209, 1370, 758, 212, 133, 0.7068339586257935, -1, 1.0
176, 10209, 1342, 754, 222, 137, 0.6670991778373718, -1, 1.0
177, 10209, 1308, 749, 230, 142, 0.8783585429191589, -1, 1.0
178, 10221, 953, 819, 581, 331, 0.9019267559051514, -1, 1.0
178, 10209, 1268, 745, 241, 147, 0.7930861711502075, -1, 1.0
179, 10221, 1097, 829, 509, 291, 0.9419779777526855, -1, 1.0
179, 10209, 1229, 734, 241, 139, 0.6625873446464539, -1, 1.0
180, 10221, 1217, 846, 440, 253, 0.9337027668952942, -1, 1.0
180, 10209, 1189, 733, 241, 141, 0.6502301692962646, -1, 1.0
181, 10221, 1322, 855, 378, 222, 0.9449940323829652, -1, 1.0
181, 10209, 1142, 735, 235, 143, 0.8784231543540955, -1, 1.0
182, 10221, 1411, 864, 322, 195, 0.9409722685813904, -1, 1.0
182, 10209, 1095, 729, 231, 148, 0.8534467220306396, -1, 1.0
183, 10221, 1488, 872, 272, 168, 0.955185055732727, -1, 1.0
184, 10227, 996, 705, 357, 184, 0.9205723404884338, -1, 1.0
184, 10221, 1556, 882, 226, 142, 0.9122406840324402, -1, 1.0
185, 10227, 938, 692, 381, 195, 0.9336982369422911, -1, 1.0
185, 10221, 1614, 890, 188, 120, 0.8939263224601746, -1, 1.0
186, 10227, 879, 687, 400, 199, 0.922700822353363, -1, 1.0
187, 10227, 816, 676, 427, 208, 0.9141827821731568, -1, 1.0
188, 10227, 747, 666, 458, 218, 0.8907330632209778, -1, 1.0
189, 10227, 674, 652, 487, 229, 0.898237943649292, -1, 1.0
190, 10227, 593, 642, 521, 240, 0.8836367726325989, -1, 1.0
191, 10233, 1630, 806, 133, 89, 0.8951038718223572, -1, 1.0
191, 10227, 508, 630, 558, 251, 0.8043099045753479, -1, 1.0
192, 10233, 1611, 811, 130, 83, 0.8950709700584412, -1, 1.0
192, 10227, 413, 615, 587, 260, 0.5785723328590393, -1, 1.0
193, 10233, 1583, 800, 138, 91, 0.8927648663520813, -1, 1.0
193, 10227, 305, 599, 611, 270, 0.7113752961158752, -1, 1.0
194, 10233, 1560, 800, 143, 93, 0.9018207788467408, -1, 1.0
194, 10227, 230, 588, 648, 281, 0.7474150061607361, -1, 1.0
195, 10233, 1544, 804, 142, 91, 0.8777936697006226, -1, 1.0
195, 10227, 92, 573, 707, 294, 0.7200583815574646, -1, 1.0
196, 10233, 1524, 804, 145, 91, 0.8868265151977539, -1, 1.0
196, 10227, 26, 562, 726, 302, 0.6424204707145691, -1, 1.0
197, 10233, 1496, 798, 153, 95, 0.9311206936836244, -1, 1.0
197, 10227, 0, 544, 675, 311, 0.797034740447998, -1, 1.0
198, 10233, 1474, 795, 157, 97, 0.8689995408058167, -1, 1.0
199, 10233, 1453, 792, 162, 100, 0.8673988580703735, -1, 1.0
200, 10233, 1427, 788, 168, 104, 0.8998593688011169, -1, 1.0
201, 10233, 1401, 786, 172, 106, 0.8155879974365234, -1, 1.0
202, 10233, 1373, 788, 176, 105, 0.8221539855003357, -1, 1.0
203, 10233, 1343, 787, 182, 105, 0.8095537424087524, -1, 1.0
204, 10233, 1311, 784, 187, 106, 0.8409911394119263, -1, 1.0
205, 10233, 1280, 780, 197, 109, 0.8109426498413086, -1, 1.0
206, 10233, 1242, 771, 204, 114, 0.8648031949996948, -1, 1.0
207, 10233, 1203, 765, 215, 119, 0.8720691800117493, -1, 1.0
208, 10233, 1164, 760, 225, 124, 0.909329354763031, -1, 1.0
209, 10233, 1123, 756, 235, 128, 0.9039828181266784, -1, 1.0
210, 10233, 1079, 751, 246, 130, 0.8851836323738098, -1, 1.0
211, 10233, 1031, 744, 258, 135, 0.902393639087677, -1, 1.0
212, 10233, 982, 739, 271, 140, 0.9292436838150024, -1, 1.0
213, 10233, 928, 732, 288, 146, 0.9160460233688354, -1, 1.0
214, 10233, 871, 724, 303, 151, 0.9186798334121704, -1, 1.0
215, 10233, 811, 719, 319, 156, 0.9280931353569032, -1, 1.0
216, 10233, 744, 711, 339, 162, 0.9364384412765504, -1, 1.0
217, 10233, 672, 698, 359, 170, 0.928252935409546, -1, 1.0
218, 10233, 596, 691, 383, 177, 0.940465807914734, -1, 1.0
219, 10233, 511, 683, 410, 181, 0.942219853401184, -1, 1.0
220, 10233, 422, 671, 438, 189, 0.9463706612586976, -1, 1.0
221, 10233, 322, 657, 471, 199, 0.9259847402572632, -1, 1.0
222, 10233, 220, 647, 507, 207, 0.919959545135498, -1, 1.0
223, 10233, 108, 633, 544, 216, 0.9041117429733276, -1, 1.0
224, 10233, 24, 622, 567, 224, 0.9114145040512084, -1, 1.0
225, 10233, 0, 609, 524, 232, 0.9443829655647278, -1, 1.0
226, 10233, 0, 602, 459, 236, 0.9259782433509828, -1, 1.0
227, 10233, 0, 553, 386, 257, 0.7559321522712708, -1, 1.0
228, 10233, 0, 560, 309, 260, 0.5499982237815857, -1, 1.0
235, 10271, 1740, 786, 164, 138, 0.8375056385993958, -1, 1.0
236, 10271, 1723, 785, 167, 139, 0.8187244534492493, -1, 1.0
237, 10271, 1704, 783, 171, 143, 0.7552636861801147, -1, 1.0
238, 10271, 1684, 780, 175, 146, 0.8017703294754028, -1, 1.0
239, 10271, 1665, 780, 182, 148, 0.8705576062202454, -1, 1.0
240, 10271, 1639, 777, 189, 153, 0.8819582462310791, -1, 1.0
241, 10271, 1619, 774, 197, 157, 0.8629075288772583, -1, 1.0
242, 10271, 1592, 771, 205, 160, 0.8576090931892395, -1, 1.0
243, 10271, 1562, 769, 212, 164, 0.8785583972930908, -1, 1.0
244, 10271, 1533, 766, 222, 169, 0.840263843536377, -1, 1.0
245, 10271, 1499, 759, 234, 176, 0.8958403468132019, -1, 1.0
246, 10271, 1463, 755, 243, 181, 0.9135962724685668, -1, 1.0
247, 10271, 1427, 748, 255, 188, 0.9372968673706056, -1, 1.0
248, 10271, 1385, 739, 270, 196, 0.9397924542427064, -1, 1.0
249, 10271, 1339, 730, 287, 205, 0.9457152485847472, -1, 1.0
250, 10271, 1288, 721, 305, 215, 0.933088481426239, -1, 1.0
251, 10271, 1235, 711, 327, 225, 0.9295607209205629, -1, 1.0
252, 10271, 1172, 701, 347, 235, 0.9489491581916808, -1, 1.0
253, 10271, 1102, 689, 372, 246, 0.9452357292175292, -1, 1.0
254, 10271, 1023, 672, 402, 262, 0.9337409138679504, -1, 1.0
255, 10271, 934, 658, 437, 277, 0.9412658214569092, -1, 1.0
256, 10271, 827, 640, 477, 295, 0.9244949221611024, -1, 1.0
257, 10271, 717, 621, 520, 314, 0.8819898366928101, -1, 1.0
258, 10271, 688, 605, 504, 326, 0.8753225207328796, -1, 1.0
287, 10308, 1830, 945, 297, 232, 0.7253996729850769, -1, 1.0
288, 10308, 1863, 931, 286, 229, 0.7680149674415588, -1, 1.0
289, 10308, 1888, 908, 279, 231, 0.6696751713752747, -1, 1.0
290, 10308, 1913, 911, 260, 217, 0.8697850704193115, -1, 1.0
291, 10308, 1939, 915, 243, 202, 0.8129588961601257, -1, 1.0
292, 10308, 1958, 908, 230, 194, 0.7029069066047668, -1, 1.0
293, 10308, 1979, 907, 220, 183, 0.7318027019500732, -1, 1.0
294, 10308, 1997, 905, 209, 176, 0.5210921168327332, -1, 1.0
295, 10308, 2010, 909, 193, 165, 0.6698217988014221, -1, 1.0
296, 10308, 2028, 905, 183, 157, 0.6305975914001465, -1, 1.0
297, 10308, 2042, 905, 172, 149, 0.6986685395240784, -1, 1.0
298, 10308, 2074, 912, 140, 123, 0.6221340298652649, -1, 1.0
299, 10308, 2083, 910, 130, 116, 0.5638478994369507, -1, 1.0
301, 10323, 1801, 816, 98, 77, 0.7570903301239014, -1, 1.0
302, 10323, 1790, 814, 102, 79, 0.750483512878418, -1, 1.0
303, 10323, 1782, 812, 104, 81, 0.6010750532150269, -1, 1.0
304, 10323, 1703, 807, 119, 83, 0.6975275874137878, -1, 1.0
305, 10323, 1692, 805, 123, 85, 0.5657857656478882, -1, 1.0
306, 10323, 1681, 804, 126, 87, 0.7815264463424683, -1, 1.0
307, 10323, 1667, 801, 131, 89, 0.8447267413139343, -1, 1.0
308, 10323, 1653, 800, 134, 90, 0.8075644969940186, -1, 1.0
309, 10323, 1638, 797, 138, 93, 0.6919671297073364, -1, 1.0
310, 10323, 1623, 792, 142, 96, 0.8786907196044922, -1, 1.0
311, 10323, 1607, 785, 147, 101, 0.7489168047904968, -1, 1.0
312, 10323, 1592, 782, 151, 104, 0.7693318128585815, -1, 1.0
313, 10323, 1577, 781, 155, 106, 0.8358497619628906, -1, 1.0
314, 10323, 1560, 782, 156, 106, 0.7753321528434753, -1, 1.0
315, 10323, 1549, 782, 159, 107, 0.7665523290634155, -1, 1.0
316, 10323, 1532, 781, 162, 107, 0.834756076335907, -1, 1.0
317, 10323, 1513, 781, 167, 108, 0.7635718584060669, -1, 1.0
318, 10323, 1494, 780, 173, 109, 0.7883560061454773, -1, 1.0
319, 10323, 1473, 782, 173, 109, 0.786214292049408, -1, 1.0
320, 10323, 1456, 775, 181, 112, 0.8125478029251099, -1, 1.0
321, 10323, 1435, 773, 187, 114, 0.8283541202545166, -1, 1.0
322, 10343, 1381, 766, 158, 121, 0.8323322534561157, -1, 1.0
323, 10343, 1357, 761, 159, 125, 0.8072596788406372, -1, 1.0
323, 10323, 1369, 761, 207, 125, 0.7522035241127014, -1, 1.0
324, 10343, 1334, 758, 156, 126, 0.8176255226135254, -1, 1.0
324, 10323, 1400, 767, 181, 122, 0.63334721326828, -1, 1.0
325, 10343, 1310, 755, 157, 128, 0.8543069958686829, -1, 1.0
325, 10323, 1390, 769, 173, 121, 0.5785039663314819, -1, 1.0
326, 10343, 1283, 757, 154, 124, 0.8462499976158142, -1, 1.0
327, 10343, 1255, 753, 159, 127, 0.7142100930213928, -1, 1.0
328, 10347, 1229, 741, 256, 144, 0.8870001435279846, -1, 1.0
328, 10343, 1230, 748, 167, 132, 0.6833117604255676, -1, 1.0
329, 10347, 1201, 738, 267, 147, 0.8252750635147095, -1, 1.0
329, 10343, 1200, 745, 167, 133, 0.7319475412368774, -1, 1.0
330, 10347, 1172, 738, 274, 146, 0.8788493871688843, -1, 1.0
330, 10343, 1167, 747, 165, 129, 0.6225106716156006, -1, 1.0
331, 10347, 1140, 730, 285, 151, 0.8426452875137329, -1, 1.0
332, 10347, 1105, 726, 298, 157, 0.9226677417755128, -1, 1.0
333, 10347, 1069, 721, 308, 161, 0.8130550980567932, -1, 1.0
334, 10347, 1029, 715, 322, 167, 0.6391061544418335, -1, 1.0
335, 10347, 993, 707, 333, 172, 0.900158703327179, -1, 1.0
