88, 9999, 1031, 725, 137, 76, 0.7801118493080139, -1, 1.0
88, 10003, 974, 773, 246, 206, 0.7633262872695923, -1, 1.0
89, 9999, 1009, 729, 133, 74, 0.8680580854415894, -1, 1.0
89, 10003, 987, 783, 255, 209, 0.7573197484016418, -1, 1.0
90, 9999, 989, 732, 134, 77, 0.810246467590332, -1, 1.0
90, 10003, 1001, 793, 266, 211, 0.7467815279960632, -1, 1.0
91, 9999, 970, 734, 131, 76, 0.8660811185836792, -1, 1.0
91, 10003, 1017, 797, 278, 217, 0.7699771523475647, -1, 1.0
92, 9999, 951, 735, 129, 76, 0.9049359560012816, -1, 1.0
92, 10003, 1036, 799, 291, 223, 0.8034154772758484, -1, 1.0
93, 9999, 935, 737, 125, 75, 0.9191582798957824, -1, 1.0
93, 10003, 1052, 801, 307, 232, 0.8006396293640137, -1, 1.0
94, 9999, 919, 739, 121, 73, 0.9353011250495912, -1, 1.0
94, 10003, 1071, 801, 324, 242, 0.7914811372756958, -1, 1.0
95, 9999, 902, 742, 117, 72, 0.9231720566749572, -1, 1.0
95, 10003, 1093, 801, 341, 254, 0.8386660814285278, -1, 1.0
96, 9999, 886, 743, 114, 72, 0.9301213026046752, -1, 1.0
96, 10003, 1115, 802, 363, 267, 0.7154721021652222, -1, 1.0
97, 9999, 871, 741, 113, 74, 0.9206328988075256, -1, 1.0
97, 10003, 1139, 805, 388, 281, 0.7747210264205933, -1, 1.0
98, 9999, 857, 742, 111, 74, 0.9412381649017334, -1, 1.0
98, 10003, 1172, 807, 411, 295, 0.8101134300231934, -1, 1.0
99, 9999, 842, 743, 107, 73, 0.9022674560546876, -1, 1.0
99, 10003, 1192, 810, 445, 312, 0.6455680727958679, -1, 1.0
100, 9999, 829, 741, 105, 76, 0.8659396767616272, -1, 1.0
100, 10003, 1223, 815, 481, 330, 0.6486838459968567, -1, 1.0
101, 10003, 1262, 820, 517, 348, 0.9305541515350342, -1, 1.0
102, 10003, 1299, 823, 559, 366, 0.9025166630744934, -1, 1.0
103, 10003, 1356, 827, 603, 388, 0.8836415410041809, -1, 1.0
104, 10004, 2094, 655, 439, 309, 0.9104589223861694, -1, 1.0
104, 10003, 1471, 833, 621, 411, 0.8166459202766418, -1, 1.0
105, 10004, 1992, 635, 530, 322, 0.9084514379501344, -1, 1.0
106, 10004, 1630, 658, 459, 235, 0.9321627616882324, -1, 1.0
107, 10004, 1559, 664, 428, 220, 0.9366376996040344, -1, 1.0
108, 10004, 1500, 671, 399, 206, 0.9406267404556274, -1, 1.0
109, 10004, 1448, 677, 369, 192, 0.9272356033325196, -1, 1.0
110, 10004, 1401, 682, 342, 179, 0.9113593697547911, -1, 1.0
111, 10004, 1363, 686, 314, 168, 0.9157816767692566, -1, 1.0
112, 10004, 1325, 690, 289, 157, 0.9302099347114564, -1, 1.0
113, 10004, 1295, 696, 263, 146, 0.913899064064026, -1, 1.0
114, 10004, 1266, 702, 239, 136, 0.9189546704292296, -1, 1.0
115, 10004, 1240, 707, 220, 127, 0.9041829705238342, -1, 1.0
116, 10004, 1213, 710, 202, 119, 0.9117059111595154, -1, 1.0
117, 10004, 1188, 715, 186, 111, 0.9026750326156616, -1, 1.0
118, 10004, 1165, 719, 172, 103, 0.8761035203933716, -1, 1.0
119, 10004, 1141, 725, 159, 96, 0.8565875291824341, -1, 1.0
120, 10004, 1119, 727, 147, 89, 0.8513062000274658, -1, 1.0
121, 10004, 1101, 731, 135, 82, 0.8563641905784607, -1, 1.0
122, 10004, 1082, 734, 125, 77, 0.8246734738349915, -1, 1.0
123, 10004, 1061, 737, 117, 73, 0.80274498462677, -1, 1.0
124, 10004, 1042, 740, 109, 68, 0.8414555191993713, -1, 1.0
125, 10004, 1025, 743, 101, 63, 0.7651902437210083, -1, 1.0
126, 10004, 1006, 745, 95, 59, 0.8323481678962708, -1, 1.0
127, 10004, 989, 746, 91, 58, 0.8579829931259155, -1, 1.0
128, 10004, 975, 748, 85, 54, 0.8338103890419006, -1, 1.0
129, 10004, 959, 751, 80, 51, 0.8434231281280518, -1, 1.0
130, 10006, 896, 741, 117, 77, 0.8562495112419128, -1, 1.0
131, 10006, 881, 741, 118, 77, 0.7802737951278687, -1, 1.0
132, 10006, 865, 740, 116, 78, 0.8629917502403259, -1, 1.0
133, 10006, 854, 743, 110, 75, 0.6797475814819336, -1, 1.0
134, 10006, 839, 741, 109, 77, 0.7082894444465637, -1, 1.0
135, 10006, 825, 741, 108, 78, 0.5101552605628967, -1, 1.0
138, 10007, 11, 1280, 268, 219, 0.944697082042694, -1, 1.0
139, 10007, 11, 1268, 300, 233, 0.9314004778862, -1, 1.0
140, 10007, 15, 1260, 332, 239, 0.8947660326957703, -1, 1.0
141, 10007, 0, 1231, 425, 259, 0.8526957631111145, -1, 1.0
142, 10007, 11, 1237, 428, 248, 0.8117470145225525, -1, 1.0
143, 10007, 37, 1230, 445, 245, 0.6783491969108582, -1, 1.0
144, 10007, 72, 1215, 384, 239, 0.8283769488334656, -1, 1.0
145, 10007, 93, 1223, 360, 230, 0.7231572270393372, -1, 1.0
183, 10010, 813, 988, 636, 288, 0.8442975878715515, -1, 1.0
184, 10010, 848, 983, 637, 289, 0.9262632727622986, -1, 1.0
185, 10010, 881, 977, 639, 287, 0.9169018864631652, -1, 1.0
186, 10010, 915, 972, 645, 288, 0.9254051446914672, -1, 1.0
187, 10010, 951, 968, 649, 290, 0.908651888370514, -1, 1.0
188, 10010, 993, 965, 651, 291, 0.9302725195884703, -1, 1.0
189, 10010, 1033, 962, 657, 297, 0.9276442527770996, -1, 1.0
190, 10010, 1079, 962, 658, 302, 0.9248051643371582, -1, 1.0
191, 10010, 1111, 961, 669, 310, 0.862304151058197, -1, 1.0
192, 10010, 1163, 963, 674, 319, 0.9300630688667296, -1, 1.0
193, 10010, 1206, 964, 685, 331, 0.8735019564628601, -1, 1.0
194, 10010, 1249, 967, 702, 344, 0.8548910617828369, -1, 1.0
195, 10010, 1294, 973, 722, 359, 0.8570265173912048, -1, 1.0
196, 10010, 1348, 977, 746, 376, 0.8318513631820679, -1, 1.0
197, 10010, 1390, 982, 777, 394, 0.8074381947517395, -1, 1.0
198, 10010, 1437, 984, 795, 413, 0.6838919520378113, -1, 1.0
199, 10010, 1496, 988, 806, 432, 0.7454079389572144, -1, 1.0
200, 10010, 1526, 987, 780, 440, 0.5397303104400635, -1, 1.0
201, 10010, 1855, 1041, 704, 530, 0.9003841280937195, -1, 1.0
202, 10010, 1933, 1087, 626, 522, 0.7717348337173462, -1, 1.0
203, 10010, 2013, 1084, 546, 530, 0.6178059577941895, -1, 1.0
204, 10010, 2112, 1099, 447, 531, 0.647828996181488, -1, 1.0
211, 10015, 1661, 588, 624, 344, 0.9187020659446716, -1, 1.0
212, 10015, 1602, 595, 596, 324, 0.9298535585403442, -1, 1.0
213, 10015, 1552, 598, 565, 307, 0.925726354122162, -1, 1.0
214, 10015, 1507, 600, 532, 292, 0.9354642033576964, -1, 1.0
215, 10015, 1468, 603, 500, 279, 0.9417431354522704, -1, 1.0
216, 10015, 1434, 611, 467, 265, 0.9201629161834716, -1, 1.0
217, 10015, 1402, 620, 438, 251, 0.9324921369552612, -1, 1.0
218, 10015, 1374, 628, 408, 238, 0.9380378723144532, -1, 1.0
219, 10015, 1347, 638, 381, 223, 0.906854510307312, -1, 1.0
220, 10015, 1326, 645, 355, 210, 0.9370075464248656, -1, 1.0
221, 10015, 1305, 653, 330, 196, 0.9190176129341124, -1, 1.0
222, 10015, 1283, 656, 309, 187, 0.9071478247642516, -1, 1.0
223, 10015, 1265, 661, 288, 177, 0.9086414575576782, -1, 1.0
224, 10015, 1246, 661, 270, 170, 0.9165937304496764, -1, 1.0
225, 10015, 1227, 665, 255, 163, 0.8931864500045776, -1, 1.0
226, 10015, 1212, 666, 242, 157, 0.8985534310340881, -1, 1.0
227, 10015, 1194, 671, 228, 150, 0.8495457768440247, -1, 1.0
228, 10015, 1180, 676, 215, 143, 0.8260688781738281, -1, 1.0
229, 10015, 1164, 682, 202, 134, 0.8930743336677551, -1, 1.0
230, 10015, 1149, 685, 192, 128, 0.8709515929222107, -1, 1.0
231, 10015, 1133, 688, 183, 123, 0.828495979309082, -1, 1.0
232, 10015, 1118, 691, 175, 118, 0.9027938842773438, -1, 1.0
233, 10015, 1105, 692, 166, 114, 0.877358615398407, -1, 1.0
234, 10015, 1091, 696, 160, 109, 0.8643239736557007, -1, 1.0
235, 10015, 1076, 699, 153, 105, 0.8528075218200684, -1, 1.0
236, 10015, 1063, 700, 148, 103, 0.8800715804100037, -1, 1.0
237, 10015, 1051, 703, 143, 99, 0.8658009767532349, -1, 1.0
238, 10015, 1038, 705, 138, 96, 0.8437404632568359, -1, 1.0
239, 10015, 1024, 706, 134, 93, 0.8574439883232117, -1, 1.0
240, 10015, 1011, 707, 130, 91, 0.8257080316543579, -1, 1.0
241, 10015, 997, 710, 127, 89, 0.8145334720611572, -1, 1.0
242, 10015, 987, 714, 120, 85, 0.7322791814804077, -1, 1.0
243, 10015, 978, 716, 115, 82, 0.73640376329422, -1, 1.0
244, 10015, 967, 722, 111, 77, 0.8025256395339966, -1, 1.0
245, 10015, 956, 727, 106, 73, 0.5770009160041809, -1, 1.0
246, 10015, 945, 728, 103, 69, 0.7075033783912659, -1, 1.0
247, 10015, 935, 729, 100, 67, 0.8520564436912537, -1, 1.0
248, 10015, 924, 730, 97, 65, 0.8689581155776978, -1, 1.0
249, 10015, 913, 732, 96, 63, 0.8793530464172363, -1, 1.0
250, 10015, 905, 733, 92, 61, 0.8887659907341003, -1, 1.0
251, 10015, 896, 736, 89, 60, 0.8693315386772156, -1, 1.0
252, 10015, 886, 737, 86, 57, 0.8700310587882996, -1, 1.0
253, 10015, 877, 737, 85, 58, 0.8909437656402588, -1, 1.0
254, 10015, 869, 738, 84, 58, 0.8694924712181091, -1, 1.0
255, 10015, 859, 739, 81, 57, 0.915940284729004, -1, 1.0
256, 10018, 2162, 694, 374, 287, 0.9499351978302002, -1, 1.0
256, 10015, 851, 742, 78, 55, 0.8616978526115417, -1, 1.0
257, 10018, 2070, 678, 460, 313, 0.9296525120735168, -1, 1.0
257, 10015, 844, 746, 75, 54, 0.8288740515708923, -1, 1.0
258, 10018, 1991, 659, 534, 322, 0.9310846328735352, -1, 1.0
258, 10015, 836, 746, 72, 52, 0.7234464883804321, -1, 1.0
259, 10018, 1912, 657, 581, 312, 0.9172619581222534, -1, 1.0
260, 10018, 1824, 659, 588, 296, 0.9474461674690248, -1, 1.0
261, 10018, 1744, 664, 574, 279, 0.7767251133918762, -1, 1.0
262, 10018, 1675, 669, 551, 263, 0.6471922397613525, -1, 1.0
263, 10018, 1615, 674, 522, 249, 0.5306403040885925, -1, 1.0
264, 10018, 1564, 679, 492, 235, 0.9358813762664796, -1, 1.0
265, 10018, 1519, 684, 462, 222, 0.9269787669181824, -1, 1.0
266, 10018, 1480, 690, 432, 209, 0.9358487725257874, -1, 1.0
267, 10018, 1444, 693, 403, 198, 0.9301362037658693, -1, 1.0
268, 10018, 1413, 697, 375, 187, 0.9411210417747498, -1, 1.0
269, 10018, 1386, 699, 351, 178, 0.9303836822509766, -1, 1.0
270, 10018, 1361, 703, 327, 168, 0.9282289147377014, -1, 1.0
271, 10018, 1338, 705, 305, 160, 0.9367719292640686, -1, 1.0
272, 10018, 1317, 708, 282, 152, 0.9397132992744446, -1, 1.0
273, 10018, 1299, 710, 264, 146, 0.9332735538482666, -1, 1.0
274, 10018, 1281, 713, 247, 139, 0.927708864212036, -1, 1.0
275, 10018, 1264, 716, 232, 133, 0.9412065744400024, -1, 1.0
276, 10018, 1250, 717, 217, 128, 0.9223708510398864, -1, 1.0
277, 10018, 1236, 717, 206, 124, 0.9095308780670166, -1, 1.0
278, 10018, 1223, 717, 193, 120, 0.9064639806747437, -1, 1.0
279, 10018, 1216, 718, 178, 114, 0.9182722568511964, -1, 1.0
280, 10018, 1210, 719, 165, 109, 0.9125718474388124, -1, 1.0
281, 10018, 1206, 721, 153, 103, 0.8969019055366516, -1, 1.0
282, 10018, 1203, 721, 142, 98, 0.8934164047241211, -1, 1.0
283, 10018, 1202, 719, 132, 93, 0.8605115413665771, -1, 1.0
284, 10018, 1205, 718, 121, 88, 0.8436079621315002, -1, 1.0
285, 10018, 1209, 719, 110, 82, 0.8732534646987915, -1, 1.0
286, 10018, 1211, 718, 101, 78, 0.8580508232116699, -1, 1.0
287, 10018, 1214, 713, 95, 75, 0.8589047193527222, -1, 1.0
288, 10018, 1218, 707, 90, 73, 0.8367815613746643, -1, 1.0
289, 10018, 1222, 702, 88, 73, 0.8121999502182007, -1, 1.0
290, 10018, 1227, 696, 86, 72, 0.7805501222610474, -1, 1.0
291, 10018, 1233, 690, 83, 70, 0.8226701617240906, -1, 1.0
292, 10018, 1239, 684, 82, 68, 0.8331819176673889, -1, 1.0
293, 10018, 1246, 677, 84, 69, 0.8469625115394592, -1, 1.0
294, 10018, 1252, 671, 85, 68, 0.7241532206535339, -1, 1.0
295, 10018, 1260, 668, 83, 64, 0.7099803686141968, -1, 1.0
296, 10018, 1269, 664, 82, 62, 0.6760217547416687, -1, 1.0
297, 10018, 1282, 655, 85, 61, 0.5590109825134277, -1, 1.0
298, 10018, 1293, 649, 88, 62, 0.5095741748809814, -1, 1.0
299, 10020, 2176, 648, 359, 319, 0.9103248715400696, -1, 1.0
300, 10020, 2096, 638, 435, 344, 0.923966109752655, -1, 1.0
301, 10020, 2016, 615, 508, 357, 0.8919174075126648, -1, 1.0
302, 10020, 1941, 607, 568, 355, 0.8164176344871521, -1, 1.0
303, 10020, 1857, 605, 583, 346, 0.8956018090248108, -1, 1.0
304, 10020, 1780, 611, 577, 333, 0.9282651543617249, -1, 1.0
305, 10020, 1712, 615, 560, 317, 0.9252474308013916, -1, 1.0
306, 10020, 1653, 620, 530, 303, 0.9133349657058716, -1, 1.0
307, 10020, 1604, 626, 499, 288, 0.9126508235931396, -1, 1.0
308, 10020, 1557, 632, 469, 273, 0.9334968328475952, -1, 1.0
309, 10020, 1515, 638, 441, 260, 0.9299672842025756, -1, 1.0
310, 10020, 1474, 645, 415, 246, 0.9395396113395692, -1, 1.0
311, 10020, 1436, 652, 390, 231, 0.9378010630607604, -1, 1.0
312, 10020, 1404, 658, 364, 218, 0.9555665254592896, -1, 1.0
313, 10020, 1375, 664, 340, 206, 0.9338768720626832, -1, 1.0
314, 10020, 1347, 668, 319, 195, 0.9348337054252625, -1, 1.0
315, 10020, 1322, 676, 299, 184, 0.9466722011566162, -1, 1.0
316, 10020, 1299, 681, 278, 173, 0.945743203163147, -1, 1.0
317, 10020, 1277, 686, 260, 163, 0.9289740920066832, -1, 1.0
318, 10020, 1257, 690, 243, 155, 0.9326236844062804, -1, 1.0
319, 10020, 1234, 691, 230, 150, 0.914370596408844, -1, 1.0
320, 10020, 1214, 693, 217, 144, 0.9314810037612916, -1, 1.0
321, 10020, 1195, 697, 204, 137, 0.8944929838180542, -1, 1.0
322, 10020, 1176, 701, 194, 132, 0.9088813066482544, -1, 1.0
323, 10020, 1159, 705, 184, 125, 0.9014620184898376, -1, 1.0
324, 10020, 1140, 708, 175, 120, 0.8973198533058167, -1, 1.0
325, 10020, 1123, 710, 166, 115, 0.8587733507156372, -1, 1.0
326, 10020, 1107, 714, 158, 109, 0.8668411374092102, -1, 1.0
327, 10020, 1089, 716, 150, 104, 0.87562096118927, -1, 1.0
328, 10020, 1075, 719, 142, 98, 0.853191614151001, -1, 1.0
329, 10020, 1059, 723, 135, 93, 0.8051085472106934, -1, 1.0
330, 10020, 1046, 725, 129, 89, 0.8345755338668823, -1, 1.0
331, 10020, 1031, 728, 123, 85, 0.7552091479301453, -1, 1.0
332, 10020, 1020, 731, 116, 80, 0.7482707500457764, -1, 1.0
333, 10020, 1003, 731, 113, 78, 0.8193019032478333, -1, 1.0
334, 10020, 990, 733, 109, 75, 0.8395050168037415, -1, 1.0
335, 10020, 978, 734, 104, 73, 0.8242050409317017, -1, 1.0
336, 10020, 968, 734, 98, 69, 0.7755873799324036, -1, 1.0
337, 10020, 954, 738, 95, 67, 0.81847083568573, -1, 1.0
338, 10020, 939, 740, 92, 66, 0.8492807745933533, -1, 1.0
339, 10020, 927, 742, 88, 63, 0.8416767716407776, -1, 1.0
340, 10020, 915, 742, 85, 61, 0.855542004108429, -1, 1.0
341, 10020, 902, 744, 84, 60, 0.8405835628509521, -1, 1.0
342, 10020, 893, 747, 80, 57, 0.7241707444190979, -1, 1.0
343, 10020, 880, 747, 79, 57, 0.8579346537590027, -1, 1.0
344, 10020, 870, 751, 74, 54, 0.8068903684616089, -1, 1.0
345, 10020, 860, 752, 70, 52, 0.7313629388809204, -1, 1.0
346, 10020, 852, 754, 67, 51, 0.793000340461731, -1, 1.0
347, 10020, 822, 752, 68, 51, 0.6047506928443909, -1, 1.0
351, 10023, 815, 793, 158, 115, 0.798911988735199, -1, 1.0
352, 10023, 826, 791, 162, 119, 0.8825807571411133, -1, 1.0
353, 10023, 836, 792, 166, 123, 0.8814013004302979, -1, 1.0
354, 10023, 848, 791, 173, 128, 0.9063077569007874, -1, 1.0
355, 10023, 860, 790, 178, 133, 0.9056861400604248, -1, 1.0
356, 10023, 871, 788, 184, 139, 0.8628881573677063, -1, 1.0
357, 10023, 883, 790, 189, 142, 0.8745290637016296, -1, 1.0
358, 10023, 896, 789, 195, 146, 0.8615943193435669, -1, 1.0
359, 10023, 910, 788, 200, 151, 0.8821576237678528, -1, 1.0
360, 10023, 924, 788, 207, 157, 0.8903666138648987, -1, 1.0
361, 10023, 937, 789, 216, 162, 0.8907364010810852, -1, 1.0
362, 10023, 954, 790, 223, 167, 0.9092741012573242, -1, 1.0
363, 10023, 969, 792, 231, 174, 0.9112206697463988, -1, 1.0
364, 10023, 987, 794, 239, 180, 0.940789520740509, -1, 1.0
365, 10023, 1005, 797, 249, 188, 0.9281097054481506, -1, 1.0
366, 10023, 1026, 800, 260, 197, 0.9345788955688475, -1, 1.0
367, 10023, 1047, 801, 273, 206, 0.9431562423706056, -1, 1.0
368, 10023, 1068, 804, 289, 216, 0.9540030360221864, -1, 1.0
369, 10023, 1094, 808, 305, 226, 0.9467366337776184, -1, 1.0
370, 10023, 1119, 811, 323, 238, 0.9457170963287354, -1, 1.0
371, 10023, 1150, 813, 343, 252, 0.956303060054779, -1, 1.0
372, 10023, 1181, 818, 368, 268, 0.9532654285430908, -1, 1.0
373, 10023, 1217, 822, 396, 286, 0.9545210599899292, -1, 1.0
374, 10023, 1259, 828, 432, 306, 0.938937246799469, -1, 1.0
375, 10023, 1308, 835, 472, 330, 0.928878903388977, -1, 1.0
376, 10023, 1357, 840, 521, 357, 0.923286199569702, -1, 1.0
377, 10023, 1424, 850, 575, 388, 0.8050316572189331, -1, 1.0
378, 10023, 1512, 862, 641, 423, 0.8893587589263916, -1, 1.0
379, 10023, 1558, 878, 664, 459, 0.79518723487854, -1, 1.0
380, 10023, 1962, 925, 597, 562, 0.8002147674560547, -1, 1.0
381, 10026, 2046, 729, 492, 360, 0.8849424719810486, -1, 1.0
382, 10026, 1947, 723, 582, 380, 0.9315131902694702, -1, 1.0
383, 10026, 1813, 725, 687, 383, 0.8799430727958679, -1, 1.0
384, 10026, 1690, 738, 709, 367, 0.889066755771637, -1, 1.0
385, 10026, 1568, 754, 704, 350, 0.9199268817901612, -1, 1.0
386, 10026, 1445, 777, 694, 333, 0.8601131439208984, -1, 1.0
387, 10026, 1340, 795, 672, 319, 0.9052748680114746, -1, 1.0
388, 10026, 1124, 838, 635, 301, 0.866688072681427, -1, 1.0
389, 10026, 1002, 866, 596, 285, 0.7363115549087524, -1, 1.0
390, 10026, 905, 892, 569, 276, 0.9194145798683168, -1, 1.0
391, 10026, 828, 915, 542, 267, 0.9111768007278442, -1, 1.0
392, 10026, 758, 937, 519, 258, 0.7889108061790466, -1, 1.0
393, 10026, 691, 959, 496, 247, 0.7996084690093994, -1, 1.0
394, 10026, 610, 987, 485, 242, 0.9366260170936584, -1, 1.0
395, 10026, 540, 1009, 471, 238, 0.8427367806434631, -1, 1.0
396, 10026, 467, 1028, 462, 239, 0.508674144744873, -1, 1.0
397, 10026, 395, 1043, 454, 239, 0.5946733355522156, -1, 1.0
398, 10026, 9, 1192, 341, 185, 0.5180856585502625, -1, 1.0
399, 10026, 0, 1198, 315, 185, 0.9156729578971864, -1, 1.0
400, 10026, 0, 1204, 287, 185, 0.8926251530647278, -1, 1.0
401, 10026, 0, 1215, 240, 178, 0.91997629404068, -1, 1.0
402, 10026, 0, 1233, 176, 167, 0.7724158763885498, -1, 1.0
420, 10027, 1031, 813, 230, 170, 0.8875099420547485, -1, 1.0
421, 10027, 1056, 816, 246, 181, 0.9482176899909972, -1, 1.0
422, 10027, 1089, 817, 263, 193, 0.9181047081947328, -1, 1.0
423, 10027, 1124, 822, 283, 205, 0.9458602070808412, -1, 1.0
424, 10027, 1165, 826, 307, 218, 0.9460239410400392, -1, 1.0
425, 10027, 1210, 829, 334, 232, 0.9441009759902954, -1, 1.0
426, 10027, 1263, 836, 367, 248, 0.9513550996780396, -1, 1.0
427, 10027, 1322, 841, 409, 270, 0.934258997440338, -1, 1.0
428, 10027, 1394, 849, 458, 295, 0.9411370754241944, -1, 1.0
429, 10027, 1480, 855, 522, 327, 0.861797034740448, -1, 1.0
430, 10027, 1578, 865, 607, 367, 0.867496132850647, -1, 1.0
431, 10027, 1711, 874, 692, 410, 0.7176843881607056, -1, 1.0
432, 10027, 1822, 882, 708, 431, 0.8314607739448547, -1, 1.0
433, 10027, 1945, 908, 614, 444, 0.8928989768028259, -1, 1.0
436, 10029, 790, 799, 128, 97, 0.8193626999855042, -1, 1.0
437, 10029, 798, 799, 134, 102, 0.808066189289093, -1, 1.0
438, 10029, 810, 798, 140, 108, 0.8527157306671143, -1, 1.0
439, 10029, 824, 799, 142, 112, 0.8457830548286438, -1, 1.0
440, 10029, 837, 800, 148, 117, 0.8327844738960266, -1, 1.0
441, 10029, 851, 799, 153, 123, 0.8019533753395081, -1, 1.0
442, 10029, 866, 798, 160, 131, 0.6848312020301819, -1, 1.0
443, 10029, 878, 797, 168, 138, 0.7645019292831421, -1, 1.0
444, 10029, 894, 801, 172, 144, 0.8182142376899719, -1, 1.0
445, 10029, 911, 802, 181, 150, 0.8386174440383911, -1, 1.0
446, 10029, 928, 804, 189, 155, 0.8447837233543396, -1, 1.0
447, 10029, 946, 806, 199, 161, 0.87094646692276, -1, 1.0
448, 10029, 967, 808, 210, 170, 0.9020792245864868, -1, 1.0
449, 10029, 988, 811, 222, 179, 0.8890933394432068, -1, 1.0
450, 10029, 1011, 814, 237, 189, 0.9268643260002136, -1, 1.0
451, 10029, 1040, 813, 254, 201, 0.9286540150642396, -1, 1.0
452, 10029, 1069, 818, 272, 214, 0.927728235721588, -1, 1.0
453, 10029, 1107, 821, 292, 227, 0.9258145093917848, -1, 1.0
454, 10029, 1146, 825, 317, 245, 0.8958719372749329, -1, 1.0
455, 10029, 1192, 831, 348, 265, 0.9336667060852052, -1, 1.0
456, 10029, 1246, 840, 385, 287, 0.8871616721153259, -1, 1.0
457, 10029, 1308, 848, 431, 316, 0.91044282913208, -1, 1.0
458, 10029, 1383, 856, 489, 354, 0.8595352172851562, -1, 1.0
459, 10029, 1476, 868, 558, 397, 0.8672531247138977, -1, 1.0
460, 10029, 2014, 1020, 545, 463, 0.6595471501350403, -1, 1.0
475, 10033, 1366, 661, 315, 194, 0.8543818593025208, -1, 1.0
476, 10033, 1340, 667, 296, 184, 0.8826174139976501, -1, 1.0
477, 10033, 1323, 671, 275, 174, 0.9040838479995728, -1, 1.0
478, 10033, 1304, 676, 256, 165, 0.8407498002052307, -1, 1.0
479, 10033, 1282, 680, 238, 155, 0.8993513584136963, -1, 1.0
480, 10033, 1261, 682, 225, 148, 0.8921303749084473, -1, 1.0
481, 10033, 1240, 683, 213, 143, 0.8804491758346558, -1, 1.0
482, 10033, 1223, 685, 202, 137, 0.7685723900794983, -1, 1.0
483, 10033, 1204, 688, 193, 131, 0.8313950300216675, -1, 1.0
484, 10033, 1183, 690, 186, 128, 0.8420462608337402, -1, 1.0
485, 10033, 1167, 693, 178, 124, 0.8531408309936523, -1, 1.0
486, 10033, 1151, 693, 169, 121, 0.7299284934997559, -1, 1.0
487, 10033, 1137, 696, 163, 118, 0.8697511553764343, -1, 1.0
488, 10033, 1122, 697, 157, 115, 0.8473467826843262, -1, 1.0
489, 10033, 1108, 697, 149, 112, 0.7593206167221069, -1, 1.0
490, 10033, 1094, 699, 144, 110, 0.8140152096748352, -1, 1.0
491, 10033, 1081, 702, 138, 105, 0.7714934945106506, -1, 1.0
492, 10033, 1068, 707, 131, 99, 0.6237140893936157, -1, 1.0
493, 10033, 1056, 713, 126, 92, 0.8355039954185486, -1, 1.0
494, 10033, 1042, 717, 121, 86, 0.731730043888092, -1, 1.0
495, 10033, 1030, 719, 116, 82, 0.7840341329574585, -1, 1.0
496, 10033, 1018, 720, 111, 78, 0.7761553525924683, -1, 1.0
497, 10033, 1006, 721, 107, 76, 0.8208529353141785, -1, 1.0
498, 10033, 992, 724, 104, 73, 0.8538893461227417, -1, 1.0
499, 10033, 982, 725, 100, 71, 0.8150546550750732, -1, 1.0
500, 10033, 971, 727, 97, 68, 0.7616560459136963, -1, 1.0
501, 10033, 961, 729, 94, 66, 0.858492374420166, -1, 1.0
502, 10033, 949, 730, 90, 63, 0.8114033937454224, -1, 1.0
503, 10033, 936, 732, 88, 61, 0.8853713274002075, -1, 1.0
504, 10033, 927, 733, 85, 60, 0.8050766587257385, -1, 1.0
505, 10033, 916, 735, 82, 58, 0.6522029042243958, -1, 1.0
506, 10033, 906, 739, 79, 56, 0.8399440050125122, -1, 1.0
507, 10033, 897, 741, 76, 54, 0.6377712488174438, -1, 1.0
508, 10033, 886, 741, 74, 53, 0.6913257837295532, -1, 1.0
509, 10033, 877, 743, 74, 53, 0.8289481401443481, -1, 1.0
510, 10033, 867, 745, 72, 53, 0.6717873215675354, -1, 1.0
511, 10033, 857, 747, 69, 52, 0.5513467788696289, -1, 1.0
512, 10035, 847, 826, 145, 113, 0.7843034267425537, -1, 1.0
513, 10035, 919, 838, 179, 142, 0.8872875571250916, -1, 1.0
514, 10035, 941, 840, 187, 147, 0.9212237000465392, -1, 1.0
515, 10035, 961, 845, 194, 154, 0.8791577816009521, -1, 1.0
516, 10035, 982, 849, 207, 165, 0.7962643504142761, -1, 1.0
517, 10035, 1007, 857, 219, 174, 0.8228720426559448, -1, 1.0
518, 10035, 1033, 863, 233, 184, 0.8362997174263, -1, 1.0
519, 10035, 1065, 867, 251, 198, 0.9274699091911316, -1, 1.0
520, 10035, 1100, 873, 270, 213, 0.9301170110702516, -1, 1.0
521, 10035, 1137, 878, 294, 229, 0.9289594888687134, -1, 1.0
522, 10035, 1182, 886, 323, 249, 0.911886990070343, -1, 1.0
523, 10035, 1238, 899, 356, 271, 0.9423678517341614, -1, 1.0
524, 10035, 1303, 912, 400, 298, 0.8791812658309937, -1, 1.0
525, 10035, 1379, 927, 455, 332, 0.9258655905723572, -1, 1.0
526, 10035, 1480, 949, 518, 369, 0.8415259122848511, -1, 1.0
527, 10035, 1610, 972, 599, 417, 0.816785454750061, -1, 1.0
530, 10038, 1694, 651, 495, 290, 0.9085170030593872, -1, 1.0
531, 10038, 1549, 657, 464, 261, 0.9322717189788818, -1, 1.0
532, 10038, 1461, 666, 430, 237, 0.9202508330345154, -1, 1.0
533, 10038, 1396, 676, 395, 215, 0.9143422245979308, -1, 1.0
534, 10038, 1347, 682, 360, 196, 0.9171616435050964, -1, 1.0
535, 10038, 1310, 688, 326, 180, 0.9327794909477234, -1, 1.0
536, 10038, 1280, 696, 294, 165, 0.945956826210022, -1, 1.0
537, 10038, 1253, 701, 266, 152, 0.9170544743537904, -1, 1.0
538, 10038, 1228, 705, 243, 142, 0.9229148030281068, -1, 1.0
539, 10038, 1204, 706, 224, 134, 0.9190107583999634, -1, 1.0
540, 10038, 1183, 710, 205, 125, 0.9112379550933838, -1, 1.0
541, 10038, 1162, 715, 189, 117, 0.9087815284729004, -1, 1.0
542, 10038, 1145, 719, 172, 108, 0.882026195526123, -1, 1.0
543, 10038, 1128, 722, 159, 101, 0.8627093434333801, -1, 1.0
544, 10038, 1112, 725, 148, 93, 0.8516684174537659, -1, 1.0
545, 10038, 1097, 728, 135, 85, 0.8099362254142761, -1, 1.0
546, 10038, 1083, 730, 126, 80, 0.7963036298751831, -1, 1.0
547, 10038, 1070, 730, 118, 76, 0.819304347038269, -1, 1.0
548, 10038, 1054, 733, 112, 71, 0.8326979279518127, -1, 1.0
549, 10038, 1040, 735, 104, 67, 0.8483575582504272, -1, 1.0
550, 10038, 1027, 736, 100, 64, 0.7554420232772827, -1, 1.0
551, 10038, 1016, 738, 93, 59, 0.8034384250640869, -1, 1.0
552, 10041, 737, 798, 126, 76, 0.8210391402244568, -1, 1.0
552, 10038, 1000, 738, 92, 58, 0.7361391186714172, -1, 1.0
553, 10041, 749, 799, 125, 81, 0.8418036699295044, -1, 1.0
553, 10038, 985, 740, 91, 57, 0.6955291628837585, -1, 1.0
554, 10041, 763, 799, 123, 83, 0.7952869534492493, -1, 1.0
554, 10038, 974, 741, 87, 54, 0.6882677674293518, -1, 1.0
555, 10041, 770, 799, 122, 84, 0.8278687000274658, -1, 1.0
555, 10038, 961, 743, 82, 52, 0.6145281791687012, -1, 1.0
556, 10041, 781, 801, 123, 85, 0.832416296005249, -1, 1.0
556, 10038, 952, 746, 78, 49, 0.8071838617324829, -1, 1.0
557, 10041, 791, 800, 127, 89, 0.8183643817901611, -1, 1.0
557, 10038, 941, 749, 72, 45, 0.7870514988899231, -1, 1.0
558, 10041, 800, 799, 132, 93, 0.6906564831733704, -1, 1.0
559, 10041, 832, 803, 143, 102, 0.8633508086204529, -1, 1.0
560, 10041, 841, 802, 146, 107, 0.8571825623512268, -1, 1.0
561, 10041, 852, 802, 152, 113, 0.8590151071548462, -1, 1.0
562, 10041, 863, 804, 157, 117, 0.8263905048370361, -1, 1.0
563, 10041, 875, 805, 160, 120, 0.8578453660011292, -1, 1.0
564, 10041, 887, 805, 165, 125, 0.849618136882782, -1, 1.0
565, 10041, 899, 807, 168, 129, 0.8034496307373047, -1, 1.0
566, 10041, 912, 807, 175, 135, 0.8781816363334656, -1, 1.0
567, 10041, 925, 807, 181, 141, 0.8950758576393127, -1, 1.0
568, 10041, 939, 808, 187, 146, 0.9224180579185486, -1, 1.0
569, 10041, 955, 809, 195, 152, 0.929924726486206, -1, 1.0
570, 10041, 973, 811, 204, 159, 0.901108741760254, -1, 1.0
571, 10041, 988, 814, 214, 167, 0.9089353680610656, -1, 1.0
572, 10041, 1008, 817, 225, 174, 0.9401267170906068, -1, 1.0
573, 10041, 1029, 822, 236, 182, 0.9274112582206726, -1, 1.0
574, 10041, 1053, 827, 249, 191, 0.9404263496398926, -1, 1.0
575, 10041, 1077, 833, 262, 200, 0.939358115196228, -1, 1.0
576, 10041, 1104, 837, 280, 212, 0.9324244856834412, -1, 1.0
577, 10041, 1135, 840, 298, 225, 0.9234061241149902, -1, 1.0
