1, 10006, 567, 548, 62, 46, 0.9262514114379884, -1, 1.0
1, 10005, 604, 534, 61, 58, 0.7516082525253296, -1, 1.0
1, 10041, 1402, 341, 137, 120, 0.5702263116836548, -1, 1.0
2, 10006, 567, 547, 63, 46, 0.93576580286026, -1, 1.0
2, 10005, 604, 534, 61, 58, 0.7486447691917419, -1, 1.0
2, 10041, 1395, 347, 142, 124, 0.536043107509613, -1, 1.0
3, 10006, 567, 546, 64, 47, 0.940662920475006, -1, 1.0
3, 10005, 604, 534, 61, 58, 0.7530146241188049, -1, 1.0
3, 10041, 1391, 352, 148, 129, 0.5531448721885681, -1, 1.0
4, 10006, 567, 546, 65, 47, 0.9457230567932128, -1, 1.0
4, 10005, 604, 534, 61, 58, 0.7532106041908264, -1, 1.0
4, 10041, 1390, 360, 153, 133, 0.5583988428115845, -1, 1.0
5, 10006, 566, 546, 65, 47, 0.9485182166099548, -1, 1.0
5, 10005, 604, 534, 61, 58, 0.751605212688446, -1, 1.0
5, 10041, 1389, 366, 157, 138, 0.5558276176452637, -1, 1.0
6, 10006, 567, 546, 65, 47, 0.9438977241516112, -1, 1.0
6, 10005, 604, 534, 61, 58, 0.753896176815033, -1, 1.0
6, 10041, 1388, 371, 163, 141, 0.5686415433883667, -1, 1.0
7, 10006, 567, 546, 66, 47, 0.9463214874267578, -1, 1.0
7, 10005, 604, 534, 61, 58, 0.7522735595703125, -1, 1.0
7, 10041, 1388, 375, 170, 147, 0.5697333216667175, -1, 1.0
8, 10006, 567, 546, 66, 47, 0.94426292181015, -1, 1.0
8, 10005, 604, 534, 61, 58, 0.7497265338897705, -1, 1.0
8, 10041, 1389, 380, 178, 152, 0.5494834184646606, -1, 1.0
9, 10006, 566, 546, 65, 47, 0.9408046007156372, -1, 1.0
9, 10005, 604, 534, 61, 58, 0.7561722993850708, -1, 1.0
9, 10041, 1393, 384, 188, 157, 0.5842491388320923, -1, 1.0
10, 10006, 567, 546, 65, 47, 0.9472602605819702, -1, 1.0
10, 10005, 604, 534, 61, 58, 0.7526828050613403, -1, 1.0
10, 10041, 1397, 386, 196, 163, 0.5657616257667542, -1, 1.0
11, 10005, 603, 533, 61, 58, 0.9304140210151672, -1, 1.0
11, 10041, 1396, 390, 203, 171, 0.7728891372680664, -1, 1.0
12, 10005, 603, 533, 61, 59, 0.9443339109420776, -1, 1.0
12, 10041, 1398, 392, 201, 179, 0.7687042355537415, -1, 1.0
13, 10005, 603, 533, 61, 59, 0.9362452030181884, -1, 1.0
13, 10041, 1400, 394, 199, 190, 0.7681878209114075, -1, 1.0
14, 10068, 338, 598, 64, 52, 0.8947307467460632, -1, 1.0
14, 10005, 603, 533, 61, 59, 0.7676604390144348, -1, 1.0
14, 10041, 1405, 397, 194, 202, 0.6198158264160156, -1, 1.0
15, 10068, 340, 599, 65, 52, 0.8697407841682434, -1, 1.0
15, 10005, 603, 533, 61, 59, 0.7663516998291016, -1, 1.0
15, 10041, 1414, 405, 185, 212, 0.7097986936569214, -1, 1.0
16, 10005, 603, 533, 61, 59, 0.761125385761261, -1, 1.0
16, 10041, 1427, 411, 172, 221, 0.6520125269889832, -1, 1.0
17, 10005, 602, 533, 62, 59, 0.8659414052963257, -1, 1.0
17, 10041, 1444, 410, 155, 219, 0.7574455738067627, -1, 1.0
18, 10068, 344, 600, 68, 53, 0.7598736882209778, -1, 1.0
18, 10005, 602, 533, 62, 59, 0.7121345400810242, -1, 1.0
18, 10041, 1469, 416, 130, 216, 0.629000723361969, -1, 1.0
19, 10005, 602, 533, 62, 59, 0.7608160376548767, -1, 1.0
20, 10005, 602, 533, 62, 59, 0.7619466185569763, -1, 1.0
21, 10068, 351, 598, 71, 55, 0.7825159430503845, -1, 1.0
21, 10005, 603, 534, 61, 58, 0.6331650614738464, -1, 1.0
22, 10068, 352, 598, 73, 56, 0.7820329070091248, -1, 1.0
22, 10005, 603, 534, 61, 58, 0.5829381346702576, -1, 1.0
23, 10077, 567, 547, 70, 46, 0.7832774519920349, -1, 1.0
23, 10068, 355, 598, 75, 57, 0.663598358631134, -1, 1.0
23, 10005, 603, 534, 61, 57, 0.5563222765922546, -1, 1.0
24, 10077, 568, 548, 68, 45, 0.786964476108551, -1, 1.0
24, 10068, 356, 598, 75, 58, 0.5822428464889526, -1, 1.0
24, 10005, 603, 534, 61, 57, 0.5389934182167053, -1, 1.0
25, 10077, 567, 547, 68, 46, 0.7802868485450745, -1, 1.0
25, 10068, 359, 598, 76, 58, 0.6933799386024475, -1, 1.0
25, 10005, 603, 534, 61, 57, 0.5749095678329468, -1, 1.0
26, 10077, 567, 547, 69, 46, 0.779019296169281, -1, 1.0
26, 10068, 362, 598, 78, 60, 0.6892386078834534, -1, 1.0
26, 10005, 603, 534, 61, 57, 0.5726856589317322, -1, 1.0
27, 10077, 567, 547, 69, 46, 0.7731518149375916, -1, 1.0
27, 10068, 364, 597, 80, 62, 0.6638725996017456, -1, 1.0
27, 10005, 603, 534, 61, 57, 0.5509132742881775, -1, 1.0
28, 10077, 568, 546, 70, 47, 0.7705727219581604, -1, 1.0
28, 10068, 366, 595, 82, 64, 0.5961536765098572, -1, 1.0
28, 10005, 604, 534, 61, 57, 0.507984459400177, -1, 1.0
29, 10077, 568, 546, 71, 47, 0.7708349227905273, -1, 1.0
29, 10068, 368, 592, 84, 67, 0.7462983131408691, -1, 1.0
29, 10005, 604, 534, 61, 57, 0.5257590413093567, -1, 1.0
30, 10077, 567, 546, 70, 47, 0.8254737854003906, -1, 1.0
30, 10068, 369, 590, 86, 69, 0.7769255638122559, -1, 1.0
30, 10005, 604, 534, 60, 57, 0.5570416450500488, -1, 1.0
31, 10077, 569, 541, 78, 51, 0.7664015889167786, -1, 1.0
31, 10068, 371, 588, 88, 71, 0.7111882567405701, -1, 1.0
31, 10005, 603, 535, 61, 57, 0.5204493403434753, -1, 1.0
32, 10077, 569, 538, 82, 54, 0.7642440795898438, -1, 1.0
32, 10068, 373, 587, 91, 73, 0.7587018013000488, -1, 1.0
32, 10005, 603, 535, 61, 57, 0.5220877528190613, -1, 1.0
33, 10077, 568, 538, 84, 55, 0.7680400609970093, -1, 1.0
33, 10068, 374, 586, 93, 75, 0.6957260370254517, -1, 1.0
33, 10005, 603, 535, 61, 57, 0.5544725656509399, -1, 1.0
34, 10077, 567, 536, 86, 56, 0.7826399207115173, -1, 1.0
34, 10068, 378, 587, 95, 77, 0.7646960616111755, -1, 1.0
34, 10005, 603, 535, 62, 57, 0.5218728184700012, -1, 1.0
35, 10068, 380, 588, 97, 79, 0.7552440762519836, -1, 1.0
35, 10005, 603, 535, 62, 57, 0.7439828515052795, -1, 1.0
36, 10068, 385, 588, 98, 80, 0.7873125076293945, -1, 1.0
36, 10005, 603, 535, 62, 57, 0.7499970197677612, -1, 1.0
37, 10068, 388, 588, 100, 80, 0.8184133172035217, -1, 1.0
37, 10005, 603, 535, 62, 57, 0.7526987791061401, -1, 1.0
38, 10068, 391, 587, 101, 81, 0.8354989290237427, -1, 1.0
38, 10005, 603, 535, 62, 57, 0.7505800724029541, -1, 1.0
39, 10068, 394, 587, 103, 83, 0.824812114238739, -1, 1.0
39, 10005, 603, 535, 62, 57, 0.7541491389274597, -1, 1.0
40, 10068, 397, 588, 105, 83, 0.8337631821632385, -1, 1.0
40, 10005, 603, 535, 62, 58, 0.7512948513031006, -1, 1.0
41, 10068, 400, 588, 106, 84, 0.8447293639183044, -1, 1.0
41, 10005, 603, 534, 62, 58, 0.7658525109291077, -1, 1.0
42, 10068, 403, 587, 108, 85, 0.7934739589691162, -1, 1.0
42, 10005, 603, 534, 62, 58, 0.76456218957901, -1, 1.0
43, 10068, 407, 586, 111, 87, 0.8528231978416443, -1, 1.0
43, 10005, 603, 534, 62, 58, 0.7682409286499023, -1, 1.0
44, 10068, 411, 585, 114, 88, 0.8890330195426941, -1, 1.0
44, 10005, 603, 534, 62, 58, 0.7548136711120605, -1, 1.0
45, 10068, 414, 584, 116, 91, 0.909506857395172, -1, 1.0
45, 10005, 603, 534, 62, 58, 0.7154181599617004, -1, 1.0
46, 10068, 417, 583, 119, 92, 0.9039531350135804, -1, 1.0
46, 10005, 602, 534, 63, 58, 0.7005451917648315, -1, 1.0
47, 10068, 420, 583, 121, 94, 0.901190459728241, -1, 1.0
47, 10005, 596, 533, 67, 59, 0.6839553117752075, -1, 1.0
48, 10068, 424, 583, 123, 95, 0.8933537006378174, -1, 1.0
48, 10005, 590, 533, 71, 59, 0.6617669463157654, -1, 1.0
49, 10068, 428, 582, 126, 97, 0.8601173162460327, -1, 1.0
49, 10005, 596, 534, 69, 58, 0.6643259525299072, -1, 1.0
50, 10068, 432, 582, 128, 99, 0.8803369998931885, -1, 1.0
50, 10005, 598, 534, 67, 58, 0.6282125115394592, -1, 1.0
51, 10068, 436, 582, 131, 101, 0.8972602486610413, -1, 1.0
51, 10005, 600, 535, 66, 58, 0.6762658953666687, -1, 1.0
52, 10068, 440, 581, 135, 104, 0.854850172996521, -1, 1.0
52, 10005, 602, 535, 65, 57, 0.6809523701667786, -1, 1.0
53, 10068, 444, 581, 137, 105, 0.868703305721283, -1, 1.0
53, 10005, 602, 535, 64, 57, 0.661167323589325, -1, 1.0
54, 10068, 448, 580, 140, 107, 0.8823227882385254, -1, 1.0
54, 10005, 603, 535, 63, 56, 0.6521430015563965, -1, 1.0
55, 10068, 452, 581, 144, 108, 0.894938051700592, -1, 1.0
55, 10005, 603, 535, 62, 56, 0.7085438966751099, -1, 1.0
56, 10068, 457, 580, 148, 111, 0.8950860500335693, -1, 1.0
56, 10005, 603, 535, 62, 55, 0.7182371020317078, -1, 1.0
57, 10068, 462, 580, 152, 113, 0.9103321433067322, -1, 1.0
57, 10005, 604, 535, 61, 54, 0.6843134760856628, -1, 1.0
58, 10068, 469, 579, 156, 115, 0.9169683456420898, -1, 1.0
58, 10005, 604, 535, 61, 54, 0.6709253787994385, -1, 1.0
59, 10068, 474, 579, 160, 117, 0.9211041927337646, -1, 1.0
59, 10005, 604, 535, 60, 53, 0.6558849215507507, -1, 1.0
60, 10068, 482, 577, 164, 121, 0.86955326795578, -1, 1.0
60, 10005, 603, 535, 60, 53, 0.6762095093727112, -1, 1.0
61, 10068, 488, 577, 170, 124, 0.789421558380127, -1, 1.0
61, 10005, 603, 535, 60, 52, 0.5707265734672546, -1, 1.0
62, 10068, 494, 578, 174, 127, 0.9018037915229796, -1, 1.0
62, 10005, 596, 534, 64, 52, 0.573387622833252, -1, 1.0
63, 10068, 503, 577, 181, 132, 0.8927883505821228, -1, 1.0
63, 10005, 583, 533, 72, 51, 0.6453914642333984, -1, 1.0
64, 10068, 512, 573, 188, 137, 0.9084144830703736, -1, 1.0
65, 10068, 520, 571, 195, 141, 0.8018718361854553, -1, 1.0
66, 10115, 347, 605, 69, 46, 0.8891285061836243, -1, 1.0
66, 10068, 530, 569, 204, 147, 0.5277161002159119, -1, 1.0
67, 10115, 351, 605, 70, 47, 0.8942956924438477, -1, 1.0
67, 10068, 541, 569, 214, 152, 0.6789735555648804, -1, 1.0
68, 10115, 357, 604, 68, 48, 0.9048348665237428, -1, 1.0
68, 10068, 554, 568, 224, 157, 0.6463963389396667, -1, 1.0
69, 10115, 362, 604, 68, 49, 0.9299466609954834, -1, 1.0
69, 10068, 568, 567, 235, 164, 0.806352436542511, -1, 1.0
70, 10115, 368, 605, 68, 49, 0.902024507522583, -1, 1.0
70, 10068, 581, 565, 249, 171, 0.788649320602417, -1, 1.0
71, 10115, 372, 604, 69, 50, 0.8010095953941345, -1, 1.0
71, 10068, 599, 563, 264, 179, 0.699393630027771, -1, 1.0
72, 10115, 375, 602, 71, 52, 0.8378440737724304, -1, 1.0
72, 10068, 617, 561, 281, 187, 0.7826437950134277, -1, 1.0
72, 10005, 601, 537, 64, 54, 0.7043563723564148, -1, 1.0
73, 10115, 381, 601, 73, 53, 0.796841561794281, -1, 1.0
73, 10068, 639, 559, 302, 197, 0.7609302997589111, -1, 1.0
73, 10005, 602, 537, 63, 55, 0.7070247530937195, -1, 1.0
74, 10115, 386, 601, 74, 54, 0.9030801653862, -1, 1.0
74, 10068, 665, 555, 325, 209, 0.7981773614883423, -1, 1.0
74, 10005, 603, 536, 62, 55, 0.7374695539474487, -1, 1.0
75, 10115, 392, 601, 75, 56, 0.8671754598617554, -1, 1.0
75, 10068, 692, 552, 353, 222, 0.8587663173675537, -1, 1.0
75, 10005, 603, 535, 62, 56, 0.761104941368103, -1, 1.0
76, 10115, 395, 598, 78, 59, 0.8942150473594666, -1, 1.0
76, 10068, 732, 547, 380, 239, 0.8409306406974792, -1, 1.0
76, 10005, 603, 535, 62, 56, 0.7299417853355408, -1, 1.0
77, 10115, 401, 600, 80, 61, 0.881314218044281, -1, 1.0
77, 10068, 770, 541, 422, 259, 0.8679594993591309, -1, 1.0
77, 10005, 603, 535, 62, 57, 0.7213431000709534, -1, 1.0
78, 10115, 407, 599, 83, 63, 0.899017870426178, -1, 1.0
78, 10068, 812, 539, 465, 279, 0.7449353337287903, -1, 1.0
78, 10005, 603, 535, 62, 56, 0.7130872011184692, -1, 1.0
79, 10115, 413, 599, 87, 65, 0.8883062601089478, -1, 1.0
79, 10005, 602, 535, 62, 57, 0.7334723472595215, -1, 1.0
80, 10115, 419, 599, 90, 67, 0.9122422933578492, -1, 1.0
80, 10005, 602, 535, 62, 57, 0.7307954430580139, -1, 1.0
81, 10115, 425, 599, 94, 69, 0.9073909521102904, -1, 1.0
81, 10005, 603, 535, 62, 57, 0.7093179225921631, -1, 1.0
82, 10115, 431, 599, 98, 72, 0.8894900679588318, -1, 1.0
82, 10005, 603, 535, 62, 57, 0.7042133808135986, -1, 1.0
83, 10115, 438, 596, 102, 74, 0.885054349899292, -1, 1.0
83, 10005, 599, 535, 64, 58, 0.6908825635910034, -1, 1.0
84, 10115, 445, 595, 106, 77, 0.9063796401023864, -1, 1.0
84, 10005, 584, 535, 73, 58, 0.7040801048278809, -1, 1.0
85, 10115, 454, 593, 111, 82, 0.924595057964325, -1, 1.0
85, 10005, 593, 535, 71, 58, 0.6466231942176819, -1, 1.0
86, 10115, 463, 591, 116, 85, 0.9264054894447328, -1, 1.0
86, 10005, 598, 535, 68, 58, 0.6611135601997375, -1, 1.0
87, 10115, 473, 591, 121, 89, 0.8198451995849609, -1, 1.0
87, 10068, 796, 453, 344, 191, 0.623458206653595, -1, 1.0
87, 10005, 599, 535, 67, 57, 0.5387860536575317, -1, 1.0
88, 10115, 484, 590, 126, 91, 0.9188668131828308, -1, 1.0
88, 10068, 769, 461, 330, 179, 0.8930899500846863, -1, 1.0
88, 10005, 600, 536, 66, 56, 0.5232802033424377, -1, 1.0
89, 10115, 495, 590, 133, 94, 0.9154955744743348, -1, 1.0
89, 10068, 744, 470, 315, 169, 0.8469849228858948, -1, 1.0
90, 10115, 507, 591, 140, 97, 0.8998222947120667, -1, 1.0
90, 10068, 723, 473, 301, 163, 0.7935411930084229, -1, 1.0
91, 10115, 522, 590, 147, 101, 0.8779460191726685, -1, 1.0
91, 10068, 706, 481, 289, 156, 0.8605908751487732, -1, 1.0
92, 10136, 374, 600, 75, 54, 0.9222106337547302, -1, 1.0
92, 10115, 537, 589, 156, 106, 0.77963787317276, -1, 1.0
92, 10068, 686, 489, 276, 148, 0.7487448453903198, -1, 1.0
93, 10136, 379, 597, 77, 57, 0.8345257043838501, -1, 1.0
93, 10115, 553, 587, 167, 112, 0.8329371809959412, -1, 1.0
93, 10068, 673, 493, 262, 142, 0.7387088537216187, -1, 1.0
94, 10139, 1250, 330, 322, 314, 0.9390395879745485, -1, 1.0
94, 10136, 384, 595, 78, 60, 0.8437522053718567, -1, 1.0
94, 10115, 572, 586, 178, 119, 0.7671838402748108, -1, 1.0
94, 10068, 663, 496, 246, 135, 0.6967570781707764, -1, 1.0
95, 10139, 1198, 340, 372, 304, 0.833124577999115, -1, 1.0
95, 10136, 389, 592, 81, 62, 0.8304408192634583, -1, 1.0
95, 10115, 592, 584, 191, 126, 0.5259609222412109, -1, 1.0
96, 10136, 394, 593, 84, 64, 0.8994832634925842, -1, 1.0
96, 10115, 614, 574, 207, 138, 0.8928967714309692, -1, 1.0
97, 10136, 401, 595, 86, 64, 0.9100306630134584, -1, 1.0
97, 10115, 640, 566, 226, 151, 0.7882618308067322, -1, 1.0
98, 10136, 409, 596, 88, 64, 0.9492871165275574, -1, 1.0
98, 10115, 672, 568, 245, 160, 0.9003550410270691, -1, 1.0
99, 10141, 1495, 247, 58, 46, 0.9034611582756042, -1, 1.0
99, 10136, 416, 596, 91, 66, 0.8893322944641113, -1, 1.0
99, 10115, 708, 568, 269, 169, 0.8228920698165894, -1, 1.0
99, 10068, 587, 512, 193, 120, 0.5262530446052551, -1, 1.0
100, 10141, 1496, 247, 59, 47, 0.8911070227622986, -1, 1.0
100, 10136, 424, 595, 95, 69, 0.8680557608604431, -1, 1.0
100, 10115, 748, 564, 299, 181, 0.8007529377937317, -1, 1.0
100, 10068, 580, 516, 185, 116, 0.506730854511261, -1, 1.0
101, 10141, 1495, 247, 59, 47, 0.8959481120109558, -1, 1.0
101, 10136, 431, 595, 99, 71, 0.8897888660430908, -1, 1.0
101, 10115, 801, 564, 333, 195, 0.8030024766921997, -1, 1.0
101, 10068, 569, 520, 179, 112, 0.6082410216331482, -1, 1.0
102, 10141, 1494, 247, 60, 48, 0.879144549369812, -1, 1.0
102, 10136, 440, 593, 103, 74, 0.7884844541549683, -1, 1.0
102, 10115, 867, 556, 374, 215, 0.6630252599716187, -1, 1.0
102, 10068, 564, 524, 170, 107, 0.5762203931808472, -1, 1.0
103, 10141, 1493, 247, 60, 47, 0.9050161242485046, -1, 1.0
103, 10136, 451, 592, 107, 78, 0.7486395239830017, -1, 1.0
103, 10115, 947, 553, 428, 238, 0.6915354132652283, -1, 1.0
103, 10068, 551, 527, 164, 104, 0.5267991423606873, -1, 1.0
104, 10141, 1493, 247, 60, 48, 0.9135221242904664, -1, 1.0
104, 10136, 461, 589, 112, 82, 0.703931450843811, -1, 1.0
104, 10068, 544, 530, 157, 100, 0.6106184720993042, -1, 1.0
105, 10141, 1492, 247, 61, 49, 0.8628429770469666, -1, 1.0
105, 10136, 474, 584, 119, 87, 0.8556042909622192, -1, 1.0
105, 10068, 543, 532, 147, 96, 0.7637383341789246, -1, 1.0
106, 10141, 1491, 249, 61, 49, 0.8833376169204712, -1, 1.0
106, 10139, 786, 460, 323, 181, 0.7743661403656006, -1, 1.0
106, 10136, 488, 582, 124, 91, 0.757289707660675, -1, 1.0
107, 10141, 1491, 250, 61, 49, 0.8679265379905701, -1, 1.0
107, 10139, 759, 468, 313, 171, 0.6371269226074219, -1, 1.0
107, 10136, 502, 579, 133, 96, 0.6286824941635132, -1, 1.0
108, 10146, 545, 528, 106, 68, 0.9141677618026732, -1, 1.0
108, 10139, 734, 475, 300, 163, 0.832570493221283, -1, 1.0
108, 10136, 517, 576, 140, 102, 0.6609140634536743, -1, 1.0
109, 10139, 712, 481, 287, 156, 0.8887913227081299, -1, 1.0
109, 10136, 528, 576, 152, 106, 0.8725324273109436, -1, 1.0
110, 10141, 1490, 250, 65, 52, 0.9100201725959778, -1, 1.0
110, 10139, 693, 487, 274, 150, 0.8474127054214478, -1, 1.0
110, 10136, 551, 575, 160, 110, 0.5858725905418396, -1, 1.0
111, 10141, 1489, 250, 66, 53, 0.9105634093284608, -1, 1.0
111, 10139, 679, 498, 259, 138, 0.6917434334754944, -1, 1.0
111, 10136, 577, 573, 170, 116, 0.663192629814148, -1, 1.0
111, 10068, 488, 545, 128, 85, 0.6389965415000916, -1, 1.0
112, 10141, 1488, 251, 68, 54, 0.9020060300827026, -1, 1.0
112, 10139, 667, 502, 241, 128, 0.6775755882263184, -1, 1.0
112, 10136, 602, 572, 183, 123, 0.6395615339279175, -1, 1.0
112, 10068, 484, 545, 126, 83, 0.5595824122428894, -1, 1.0
113, 10139, 696, 507, 200, 115, 0.9075644016265868, -1, 1.0
113, 10136, 630, 557, 202, 138, 0.7210463881492615, -1, 1.0
113, 10068, 474, 547, 119, 81, 0.6347379088401794, -1, 1.0
114, 10155, 294, 632, 97, 76, 0.9426928758621216, -1, 1.0
114, 10136, 659, 550, 222, 152, 0.7705824971199036, -1, 1.0
114, 10068, 468, 548, 114, 80, 0.7651705145835876, -1, 1.0
115, 10141, 1486, 251, 72, 57, 0.9420050978660583, -1, 1.0
115, 10155, 298, 631, 102, 80, 0.8169440031051636, -1, 1.0
115, 10136, 699, 555, 241, 157, 0.7806876301765442, -1, 1.0
115, 10068, 462, 547, 111, 79, 0.6975721120834351, -1, 1.0
116, 10141, 1485, 251, 73, 59, 0.9316097497940063, -1, 1.0
116, 10139, 612, 518, 177, 108, 0.8023959398269653, -1, 1.0
116, 10155, 304, 632, 106, 84, 0.7935472130775452, -1, 1.0
116, 10136, 745, 555, 266, 166, 0.783482015132904, -1, 1.0
116, 10068, 457, 547, 106, 78, 0.7464472055435181, -1, 1.0
117, 10141, 1485, 251, 74, 60, 0.9320353269577026, -1, 1.0
117, 10139, 598, 522, 168, 104, 0.8701316118240356, -1, 1.0
117, 10155, 309, 633, 110, 87, 0.8288813233375549, -1, 1.0
117, 10136, 799, 551, 298, 179, 0.8089256882667542, -1, 1.0
117, 10068, 452, 550, 102, 76, 0.7856245040893555, -1, 1.0
118, 10141, 1484, 251, 76, 61, 0.9277159571647644, -1, 1.0
118, 10139, 588, 524, 165, 103, 0.8246287107467651, -1, 1.0
118, 10155, 315, 636, 116, 89, 0.8052850961685181, -1, 1.0
118, 10136, 869, 545, 337, 195, 0.7500492930412292, -1, 1.0
118, 10068, 447, 555, 99, 72, 0.7459590435028076, -1, 1.0
119, 10141, 1483, 250, 77, 62, 0.8118461966514587, -1, 1.0
119, 10139, 580, 527, 156, 100, 0.7987446784973145, -1, 1.0
119, 10155, 322, 637, 121, 92, 0.7340279817581177, -1, 1.0
119, 10136, 952, 535, 391, 219, 0.7307410836219788, -1, 1.0
119, 10068, 442, 559, 95, 69, 0.7138773202896118, -1, 1.0
120, 10141, 1482, 250, 79, 64, 0.9081633687019348, -1, 1.0
120, 10139, 568, 535, 150, 93, 0.830701470375061, -1, 1.0
120, 10155, 329, 640, 127, 96, 0.7211199402809143, -1, 1.0
120, 10068, 438, 561, 92, 66, 0.6678912043571472, -1, 1.0
121, 10141, 1480, 250, 79, 65, 0.8634853363037109, -1, 1.0
121, 10139, 556, 534, 145, 92, 0.847651481628418, -1, 1.0
121, 10155, 338, 645, 134, 102, 0.7952531576156616, -1, 1.0
121, 10068, 434, 563, 89, 63, 0.7456908822059631, -1, 1.0
122, 10141, 1479, 251, 78, 64, 0.9344868659973145, -1, 1.0
122, 10139, 546, 536, 140, 90, 0.8738816976547241, -1, 1.0
122, 10155, 346, 646, 143, 108, 0.7671428322792053, -1, 1.0
122, 10136, 1231, 517, 368, 265, 0.6646151542663574, -1, 1.0
122, 10068, 429, 563, 86, 62, 0.6280178427696228, -1, 1.0
123, 10141, 1478, 252, 77, 65, 0.9302851557731628, -1, 1.0
123, 10139, 537, 539, 134, 87, 0.824989914894104, -1, 1.0
123, 10155, 356, 647, 152, 114, 0.8209800124168396, -1, 1.0
123, 10068, 427, 565, 83, 60, 0.6791130304336548, -1, 1.0
124, 10141, 1477, 253, 77, 64, 0.9214332103729248, -1, 1.0
124, 10139, 538, 541, 122, 83, 0.798448920249939, -1, 1.0
124, 10155, 366, 650, 163, 122, 0.7517293691635132, -1, 1.0
124, 10068, 424, 565, 79, 59, 0.7234777808189392, -1, 1.0
125, 10141, 1477, 253, 79, 65, 0.9289344549179076, -1, 1.0
125, 10139, 528, 537, 121, 83, 0.7156379222869873, -1, 1.0
125, 10155, 379, 651, 175, 132, 0.6681059002876282, -1, 1.0
125, 10068, 420, 563, 77, 58, 0.6147589087486267, -1, 1.0
126, 10141, 1476, 255, 81, 65, 0.9132556319236756, -1, 1.0
126, 10155, 393, 655, 190, 143, 0.669091522693634, -1, 1.0
126, 10068, 415, 561, 76, 59, 0.6568996906280518, -1, 1.0
127, 10141, 1476, 255, 83, 67, 0.7577114105224609, -1, 1.0
127, 10155, 411, 659, 207, 155, 0.7249603867530823, -1, 1.0
127, 10068, 411, 564, 74, 57, 0.6962649822235107, -1, 1.0
128, 10141, 1475, 255, 85, 68, 0.767913281917572, -1, 1.0
128, 10155, 431, 662, 228, 171, 0.7367051839828491, -1, 1.0
128, 10068, 406, 564, 72, 57, 0.6176156997680664, -1, 1.0
129, 10169, 601, 534, 65, 55, 0.8427678942680359, -1, 1.0
129, 10141, 1474, 257, 86, 69, 0.7717239260673523, -1, 1.0
129, 10155, 457, 665, 256, 194, 0.7429542541503906, -1, 1.0
129, 10068, 402, 567, 70, 55, 0.6120811104774475, -1, 1.0
130, 10169, 602, 534, 63, 53, 0.8063956499099731, -1, 1.0
130, 10141, 1472, 257, 86, 70, 0.7867782115936279, -1, 1.0
130, 10155, 485, 669, 293, 224, 0.7644285559654236, -1, 1.0
130, 10068, 400, 569, 68, 53, 0.7233688235282898, -1, 1.0
131, 10169, 602, 535, 61, 53, 0.8074166178703308, -1, 1.0
131, 10141, 1472, 258, 88, 71, 0.7914734482765198, -1, 1.0
131, 10139, 486, 559, 83, 60, 0.7560477256774902, -1, 1.0
131, 10068, 397, 572, 66, 52, 0.5815774202346802, -1, 1.0
132, 10174, 317, 610, 57, 43, 0.8174229264259338, -1, 1.0
132, 10169, 603, 536, 61, 53, 0.7797267436981201, -1, 1.0
132, 10141, 1471, 259, 89, 72, 0.7530455589294434, -1, 1.0
132, 10139, 481, 560, 81, 59, 0.7329843640327454, -1, 1.0
132, 10068, 393, 572, 63, 49, 0.6152870059013367, -1, 1.0
133, 10174, 321, 609, 58, 44, 0.7793859839439392, -1, 1.0
133, 10169, 604, 536, 60, 53, 0.7727220058441162, -1, 1.0
133, 10141, 1470, 258, 90, 74, 0.7694153785705566, -1, 1.0
133, 10139, 475, 559, 78, 58, 0.7063008546829224, -1, 1.0
133, 10068, 391, 574, 61, 47, 0.6300498247146606, -1, 1.0
134, 10174, 325, 608, 59, 45, 0.7777844667434692, -1, 1.0
134, 10169, 604, 536, 60, 54, 0.759918749332428, -1, 1.0
134, 10141, 1469, 257, 91, 76, 0.755849301815033, -1, 1.0
134, 10139, 474, 567, 71, 52, 0.7419637441635132, -1, 1.0
134, 10068, 389, 575, 58, 46, 0.7070840001106262, -1, 1.0
135, 10174, 329, 608, 61, 46, 0.8468695878982544, -1, 1.0
135, 10169, 604, 536, 59, 54, 0.7350307703018188, -1, 1.0
135, 10141, 1468, 258, 91, 77, 0.7188142538070679, -1, 1.0
135, 10139, 467, 568, 69, 49, 0.6942638158798218, -1, 1.0
135, 10068, 384, 576, 57, 44, 0.6371029019355774, -1, 1.0
136, 10174, 332, 606, 63, 48, 0.8165532946586609, -1, 1.0
136, 10169, 604, 536, 59, 55, 0.7789608240127563, -1, 1.0
136, 10141, 1466, 257, 91, 78, 0.7748010754585266, -1, 1.0
136, 10139, 461, 571, 65, 47, 0.7507687211036682, -1, 1.0
136, 10068, 382, 575, 56, 42, 0.6335886120796204, -1, 1.0
137, 10174, 335, 605, 65, 50, 0.8613478541374207, -1, 1.0
137, 10169, 604, 535, 59, 55, 0.7706984281539917, -1, 1.0
137, 10141, 1463, 259, 89, 78, 0.7663015723228455, -1, 1.0
137, 10139, 460, 574, 59, 43, 0.7236849069595337, -1, 1.0
138, 10174, 340, 607, 65, 49, 0.8673600554466248, -1, 1.0
138, 10169, 604, 535, 59, 55, 0.7993545532226562, -1, 1.0
138, 10141, 1463, 258, 88, 79, 0.7654560804367065, -1, 1.0
138, 10139, 455, 575, 56, 40, 0.7527762055397034, -1, 1.0
139, 10174, 345, 608, 67, 50, 0.8078000545501709, -1, 1.0
139, 10169, 604, 535, 59, 55, 0.8030738234519958, -1, 1.0
139, 10141, 1461, 264, 86, 78, 0.7415700554847717, -1, 1.0
139, 10139, 444, 583, 46, 33, 0.6725517511367798, -1, 1.0
140, 10174, 350, 606, 70, 52, 0.8414886593818665, -1, 1.0
140, 10169, 604, 535, 59, 55, 0.8165432810783386, -1, 1.0
140, 10141, 1460, 267, 84, 76, 0.7457167506217957, -1, 1.0
141, 10183, 442, 571, 63, 49, 0.7880881428718567, -1, 1.0
141, 10169, 605, 535, 59, 55, 0.739806592464447, -1, 1.0
141, 10141, 1460, 270, 84, 75, 0.7259649634361267, -1, 1.0
142, 10184, 1485, 252, 77, 44, 0.7524071931838989, -1, 1.0
142, 10183, 436, 570, 62, 47, 0.7271313667297363, -1, 1.0
142, 10169, 605, 534, 59, 56, 0.7192729115486145, -1, 1.0
142, 10141, 1459, 270, 83, 75, 0.5869275331497192, -1, 1.0
143, 10184, 1489, 252, 74, 44, 0.8474447131156921, -1, 1.0
143, 10183, 425, 567, 67, 49, 0.8400844931602478, -1, 1.0
143, 10174, 363, 603, 80, 59, 0.7183999419212341, -1, 1.0
143, 10169, 604, 534, 60, 56, 0.6696943640708923, -1, 1.0
143, 10141, 1458, 271, 84, 75, 0.6678808331489563, -1, 1.0
144, 10184, 1490, 253, 72, 43, 0.8194575905799866, -1, 1.0
144, 10174, 368, 601, 83, 61, 0.8178426027297974, -1, 1.0
144, 10169, 604, 534, 60, 56, 0.7302222847938538, -1, 1.0
144, 10141, 1457, 271, 85, 77, 0.630673348903656, -1, 1.0
145, 10174, 374, 603, 87, 62, 0.8630435466766357, -1, 1.0
145, 10169, 604, 535, 60, 56, 0.7822376489639282, -1, 1.0
145, 10141, 1456, 271, 86, 78, 0.7323317527770996, -1, 1.0
146, 10174, 382, 602, 90, 64, 0.8822709918022156, -1, 1.0
146, 10169, 604, 535, 60, 56, 0.7306961417198181, -1, 1.0
146, 10141, 1455, 273, 87, 80, 0.7280026078224182, -1, 1.0
147, 10174, 389, 602, 93, 67, 0.8348470330238342, -1, 1.0
147, 10169, 603, 535, 61, 56, 0.7928496599197388, -1, 1.0
147, 10141, 1454, 273, 88, 82, 0.738862156867981, -1, 1.0
148, 10174, 397, 600, 98, 71, 0.7949260473251343, -1, 1.0
148, 10169, 603, 535, 61, 55, 0.7330610156059265, -1, 1.0
148, 10141, 1452, 279, 88, 81, 0.7269945740699768, -1, 1.0
149, 10184, 1464, 271, 94, 66, 0.8558789491653442, -1, 1.0
149, 10174, 406, 603, 101, 70, 0.8186810612678528, -1, 1.0
149, 10169, 603, 535, 61, 55, 0.7247214913368225, -1, 1.0
149, 10141, 1451, 283, 88, 80, 0.7122114300727844, -1, 1.0
150, 10174, 415, 603, 105, 72, 0.8679251074790955, -1, 1.0
150, 10169, 603, 535, 61, 55, 0.8327656388282776, -1, 1.0
150, 10141, 1453, 279, 92, 83, 0.731867790222168, -1, 1.0
151, 10174, 424, 601, 109, 76, 0.8716659545898438, -1, 1.0
151, 10169, 598, 535, 64, 56, 0.8705282807350159, -1, 1.0
151, 10141, 1451, 279, 94, 84, 0.7420129776000977, -1, 1.0
152, 10184, 1493, 257, 74, 54, 0.8736670017242432, -1, 1.0
152, 10183, 378, 575, 72, 48, 0.8376191854476929, -1, 1.0
152, 10174, 435, 599, 114, 80, 0.7328745722770691, -1, 1.0
152, 10169, 582, 534, 74, 58, 0.7024156451225281, -1, 1.0
152, 10141, 1450, 279, 95, 87, 0.6469311714172363, -1, 1.0
153, 10184, 1496, 257, 70, 52, 0.921773374080658, -1, 1.0
153, 10183, 375, 574, 70, 48, 0.8279902935028076, -1, 1.0
153, 10174, 447, 598, 120, 83, 0.7164064049720764, -1, 1.0
153, 10169, 582, 534, 77, 58, 0.7082692980766296, -1, 1.0
153, 10141, 1448, 281, 98, 88, 0.7032440304756165, -1, 1.0
154, 10184, 1498, 258, 68, 50, 0.9241722226142884, -1, 1.0
154, 10183, 356, 573, 81, 50, 0.831310510635376, -1, 1.0
154, 10174, 460, 596, 126, 88, 0.7241589426994324, -1, 1.0
154, 10169, 592, 534, 73, 57, 0.650027871131897, -1, 1.0
154, 10141, 1446, 281, 99, 89, 0.5708431005477905, -1, 1.0
155, 10184, 1495, 259, 69, 50, 0.9247356057167052, -1, 1.0
155, 10174, 474, 593, 133, 92, 0.8444819450378418, -1, 1.0
155, 10169, 597, 534, 69, 56, 0.7136302590370178, -1, 1.0
155, 10141, 1442, 286, 99, 89, 0.638725757598877, -1, 1.0
156, 10184, 1495, 261, 68, 50, 0.9185806512832642, -1, 1.0
156, 10174, 490, 592, 141, 97, 0.854937732219696, -1, 1.0
156, 10169, 599, 534, 66, 55, 0.6808483600616455, -1, 1.0
156, 10141, 1440, 289, 99, 89, 0.5110324621200562, -1, 1.0
157, 10174, 508, 592, 150, 102, 0.9071877598762512, -1, 1.0
157, 10169, 589, 534, 71, 55, 0.7508805990219116, -1, 1.0
157, 10141, 1441, 282, 103, 93, 0.7093318700790405, -1, 1.0
158, 10183, 362, 575, 64, 46, 0.9123362302780152, -1, 1.0
158, 10174, 527, 591, 161, 109, 0.782172679901123, -1, 1.0
158, 10169, 578, 534, 78, 55, 0.705048143863678, -1, 1.0
158, 10141, 1441, 281, 105, 97, 0.5742207169532776, -1, 1.0
159, 10183, 362, 576, 60, 45, 0.9304283261299132, -1, 1.0
159, 10174, 547, 589, 174, 116, 0.8266500234603882, -1, 1.0
159, 10141, 1439, 281, 107, 100, 0.7625869512557983, -1, 1.0
160, 10183, 361, 577, 57, 43, 0.9408585429191588, -1, 1.0
160, 10174, 571, 587, 188, 124, 0.8306475281715393, -1, 1.0
160, 10141, 1438, 277, 111, 106, 0.7355558276176453, -1, 1.0
161, 10205, 1434, 307, 103, 82, 0.9237935543060304, -1, 1.0
161, 10183, 360, 579, 54, 42, 0.7913246750831604, -1, 1.0
161, 10174, 599, 584, 207, 133, 0.7262453436851501, -1, 1.0
161, 10169, 572, 536, 85, 57, 0.7121107578277588, -1, 1.0
161, 10141, 1436, 277, 114, 109, 0.6817863583564758, -1, 1.0
162, 10205, 1432, 308, 106, 85, 0.9415375590324402, -1, 1.0
162, 10183, 358, 579, 52, 41, 0.8337966799736023, -1, 1.0
162, 10174, 631, 580, 228, 145, 0.7963603734970093, -1, 1.0
162, 10169, 569, 540, 85, 54, 0.7318219542503357, -1, 1.0
162, 10141, 1433, 280, 115, 111, 0.66081303358078, -1, 1.0
163, 10183, 353, 580, 51, 39, 0.8728675246238708, -1, 1.0
163, 10174, 666, 577, 256, 158, 0.7887324094772339, -1, 1.0
163, 10169, 565, 542, 81, 52, 0.7564974427223206, -1, 1.0
163, 10141, 1430, 288, 115, 109, 0.5613874197006226, -1, 1.0
164, 10183, 353, 582, 50, 38, 0.8644436001777649, -1, 1.0
164, 10174, 711, 573, 288, 174, 0.7584293484687805, -1, 1.0
164, 10141, 1429, 289, 118, 111, 0.7493993043899536, -1, 1.0
165, 10211, 602, 535, 62, 57, 0.9354889392852784, -1, 1.0
165, 10183, 351, 583, 49, 37, 0.880226731300354, -1, 1.0
165, 10174, 768, 568, 327, 192, 0.7615336179733276, -1, 1.0
165, 10141, 1427, 293, 119, 110, 0.6443539261817932, -1, 1.0
166, 10211, 601, 535, 63, 57, 0.9431185126304626, -1, 1.0
166, 10183, 348, 583, 49, 36, 0.8764082193374634, -1, 1.0
166, 10174, 839, 562, 375, 215, 0.786370575428009, -1, 1.0
166, 10141, 1425, 294, 120, 110, 0.7744947671890259, -1, 1.0
167, 10211, 602, 535, 62, 57, 0.8678483963012695, -1, 1.0
167, 10183, 347, 583, 47, 36, 0.7770327925682068, -1, 1.0
167, 10141, 1423, 290, 123, 114, 0.7040899991989136, -1, 1.0
168, 10211, 602, 535, 62, 57, 0.8402652144432068, -1, 1.0
168, 10183, 346, 583, 46, 36, 0.7825016379356384, -1, 1.0
168, 10169, 567, 543, 83, 52, 0.7102667093276978, -1, 1.0
168, 10141, 1420, 292, 125, 115, 0.5475406050682068, -1, 1.0
169, 10211, 603, 535, 61, 56, 0.8503192663192749, -1, 1.0
169, 10183, 340, 582, 48, 37, 0.7816670536994934, -1, 1.0
169, 10169, 564, 544, 79, 50, 0.7353694438934326, -1, 1.0
169, 10141, 1419, 294, 127, 116, 0.7027468085289001, -1, 1.0
170, 10211, 603, 535, 61, 56, 0.8546438217163086, -1, 1.0
170, 10183, 327, 582, 54, 38, 0.7835973501205444, -1, 1.0
170, 10169, 564, 545, 76, 49, 0.6602651476860046, -1, 1.0
170, 10141, 1417, 296, 127, 117, 0.5319840908050537, -1, 1.0
171, 10211, 603, 535, 61, 57, 0.8596691489219666, -1, 1.0
171, 10184, 1485, 268, 80, 60, 0.7894541025161743, -1, 1.0
171, 10183, 322, 581, 56, 38, 0.7244684100151062, -1, 1.0
171, 10169, 565, 544, 75, 49, 0.5339294075965881, -1, 1.0
171, 10141, 1416, 296, 127, 118, 0.5061540007591248, -1, 1.0
172, 10211, 603, 534, 61, 57, 0.8663827180862427, -1, 1.0
172, 10183, 318, 581, 58, 38, 0.7892035841941833, -1, 1.0
172, 10169, 566, 544, 75, 49, 0.7413501143455505, -1, 1.0
172, 10141, 1415, 298, 129, 119, 0.5241552591323853, -1, 1.0
173, 10211, 603, 534, 61, 58, 0.8796951770782471, -1, 1.0
173, 10183, 314, 580, 60, 39, 0.7878835797309875, -1, 1.0
173, 10169, 566, 543, 75, 49, 0.7066550254821777, -1, 1.0
173, 10141, 1414, 299, 130, 119, 0.5067111849784851, -1, 1.0
174, 10211, 603, 534, 61, 58, 0.896393895149231, -1, 1.0
174, 10183, 310, 579, 62, 40, 0.7873785495758057, -1, 1.0
174, 10169, 566, 544, 75, 49, 0.7003923058509827, -1, 1.0
174, 10141, 1414, 301, 132, 120, 0.5101842880249023, -1, 1.0
175, 10211, 603, 534, 61, 58, 0.8915536999702454, -1, 1.0
175, 10183, 305, 577, 64, 41, 0.7865389585494995, -1, 1.0
175, 10169, 567, 543, 75, 49, 0.7190654873847961, -1, 1.0
175, 10141, 1413, 298, 133, 122, 0.5087693333625793, -1, 1.0
176, 10211, 603, 534, 61, 58, 0.909899652004242, -1, 1.0
176, 10183, 304, 576, 65, 42, 0.7839256525039673, -1, 1.0
176, 10141, 1412, 302, 135, 121, 0.7368599772453308, -1, 1.0
177, 10211, 603, 534, 62, 58, 0.8916504383087158, -1, 1.0
177, 10183, 302, 576, 66, 42, 0.781440794467926, -1, 1.0
177, 10141, 1411, 304, 136, 121, 0.6610434651374817, -1, 1.0
178, 10211, 602, 534, 62, 58, 0.911325752735138, -1, 1.0
178, 10183, 301, 577, 66, 43, 0.7828381061553955, -1, 1.0
178, 10141, 1408, 309, 135, 118, 0.589470386505127, -1, 1.0
179, 10211, 602, 534, 62, 58, 0.8805758953094482, -1, 1.0
179, 10183, 301, 577, 65, 42, 0.7829912900924683, -1, 1.0
179, 10141, 1407, 310, 133, 118, 0.5762926936149597, -1, 1.0
180, 10211, 602, 533, 62, 58, 0.8665684461593628, -1, 1.0
180, 10141, 1406, 311, 132, 118, 0.7843703627586365, -1, 1.0
181, 10211, 602, 534, 62, 58, 0.894662618637085, -1, 1.0
181, 10141, 1406, 313, 132, 117, 0.7716822624206543, -1, 1.0
182, 10211, 602, 534, 62, 58, 0.9010629057884216, -1, 1.0
182, 10184, 1481, 273, 85, 68, 0.7711043953895569, -1, 1.0
182, 10141, 1405, 314, 133, 117, 0.6310656666755676, -1, 1.0
183, 10211, 602, 534, 62, 58, 0.9088863134384156, -1, 1.0
183, 10184, 1481, 273, 85, 70, 0.7703315019607544, -1, 1.0
183, 10141, 1405, 314, 133, 117, 0.5998395681381226, -1, 1.0
184, 10211, 602, 534, 62, 58, 0.9057635068893432, -1, 1.0
184, 10184, 1477, 275, 88, 70, 0.7697242498397827, -1, 1.0
184, 10141, 1404, 314, 133, 117, 0.602065920829773, -1, 1.0
185, 10211, 602, 534, 63, 58, 0.896900475025177, -1, 1.0
185, 10184, 1476, 274, 89, 71, 0.7708143591880798, -1, 1.0
185, 10141, 1403, 313, 133, 118, 0.5862177610397339, -1, 1.0
186, 10211, 601, 534, 63, 58, 0.8988209962844849, -1, 1.0
186, 10184, 1476, 274, 90, 72, 0.7716281414031982, -1, 1.0
186, 10141, 1402, 313, 132, 119, 0.585999071598053, -1, 1.0
187, 10211, 601, 534, 63, 58, 0.9039499759674072, -1, 1.0
187, 10184, 1477, 273, 90, 73, 0.7693934440612793, -1, 1.0
187, 10141, 1404, 313, 133, 118, 0.5148890018463135, -1, 1.0
188, 10211, 601, 533, 63, 58, 0.9066921472549438, -1, 1.0
188, 10184, 1478, 272, 90, 74, 0.7726197838783264, -1, 1.0
188, 10141, 1404, 314, 133, 118, 0.5666514039039612, -1, 1.0
189, 10211, 601, 533, 63, 59, 0.9076970219612122, -1, 1.0
189, 10184, 1477, 273, 90, 75, 0.7730239629745483, -1, 1.0
189, 10141, 1403, 313, 133, 118, 0.5136385560035706, -1, 1.0
190, 10211, 601, 533, 63, 59, 0.9082868695259094, -1, 1.0
190, 10141, 1403, 313, 133, 119, 0.7746770977973938, -1, 1.0
191, 10232, 567, 543, 76, 51, 0.9100216031074524, -1, 1.0
191, 10211, 602, 534, 62, 58, 0.7593913078308105, -1, 1.0
191, 10141, 1405, 313, 135, 119, 0.5279477834701538, -1, 1.0
192, 10232, 567, 544, 74, 50, 0.9123032093048096, -1, 1.0
192, 10211, 602, 534, 62, 58, 0.7625292539596558, -1, 1.0
192, 10141, 1405, 313, 136, 119, 0.5651299953460693, -1, 1.0
193, 10232, 567, 545, 73, 49, 0.8921180367469788, -1, 1.0
193, 10211, 602, 534, 62, 58, 0.7784286737442017, -1, 1.0
193, 10184, 1478, 275, 89, 75, 0.5506502985954285, -1, 1.0
193, 10141, 1405, 310, 139, 121, 0.5487213134765625, -1, 1.0
194, 10232, 567, 545, 71, 49, 0.8837084770202637, -1, 1.0
194, 10211, 602, 534, 62, 58, 0.779862642288208, -1, 1.0
194, 10141, 1404, 307, 138, 123, 0.5561168789863586, -1, 1.0
195, 10232, 567, 545, 70, 49, 0.8922392725944519, -1, 1.0
195, 10211, 602, 534, 62, 58, 0.7798367738723755, -1, 1.0
195, 10141, 1405, 308, 140, 123, 0.557600200176239, -1, 1.0
196, 10232, 567, 545, 70, 49, 0.8967779278755188, -1, 1.0
196, 10211, 602, 534, 62, 58, 0.7805834412574768, -1, 1.0
196, 10141, 1406, 307, 142, 124, 0.562278687953949, -1, 1.0
197, 10232, 568, 545, 70, 49, 0.898152232170105, -1, 1.0
197, 10211, 602, 535, 62, 57, 0.7790626287460327, -1, 1.0
197, 10141, 1405, 308, 143, 124, 0.5614162683486938, -1, 1.0
198, 10232, 567, 545, 69, 49, 0.8969530463218689, -1, 1.0
198, 10211, 603, 535, 62, 57, 0.7794859409332275, -1, 1.0
198, 10141, 1404, 308, 143, 124, 0.5763227343559265, -1, 1.0
199, 10232, 568, 545, 69, 49, 0.8989980220794678, -1, 1.0
199, 10211, 603, 535, 62, 57, 0.779931366443634, -1, 1.0
199, 10184, 1479, 278, 88, 74, 0.5660140514373779, -1, 1.0
199, 10141, 1404, 309, 144, 124, 0.5435869097709656, -1, 1.0
200, 10232, 568, 544, 70, 49, 0.9007277488708496, -1, 1.0
200, 10211, 603, 535, 62, 57, 0.7760741710662842, -1, 1.0
200, 10184, 1479, 279, 87, 74, 0.5610794425010681, -1, 1.0
200, 10141, 1404, 308, 144, 124, 0.5093011856079102, -1, 1.0
201, 10232, 568, 545, 70, 49, 0.9000642895698547, -1, 1.0
201, 10211, 603, 535, 61, 57, 0.7749315500259399, -1, 1.0
201, 10141, 1404, 308, 145, 124, 0.5569912791252136, -1, 1.0
202, 10232, 568, 545, 71, 49, 0.9014084339141846, -1, 1.0
202, 10211, 603, 535, 61, 57, 0.7756612300872803, -1, 1.0
202, 10141, 1404, 308, 145, 124, 0.5523271560668945, -1, 1.0
203, 10232, 568, 545, 71, 49, 0.9045429229736328, -1, 1.0
203, 10211, 603, 535, 61, 57, 0.7760005593299866, -1, 1.0
203, 10141, 1404, 309, 145, 123, 0.5605230927467346, -1, 1.0
204, 10232, 567, 545, 70, 49, 0.9048026204109192, -1, 1.0
204, 10211, 603, 535, 61, 57, 0.7775506973266602, -1, 1.0
204, 10141, 1404, 308, 145, 123, 0.5643784403800964, -1, 1.0
205, 10232, 568, 544, 71, 49, 0.902741014957428, -1, 1.0
205, 10211, 603, 535, 61, 57, 0.776305615901947, -1, 1.0
205, 10141, 1403, 309, 145, 123, 0.567309558391571, -1, 1.0
206, 10232, 567, 545, 70, 49, 0.900662362575531, -1, 1.0
206, 10211, 603, 535, 61, 57, 0.7782450318336487, -1, 1.0
206, 10184, 1479, 280, 87, 73, 0.5782469511032104, -1, 1.0
206, 10141, 1402, 310, 144, 122, 0.5503135919570923, -1, 1.0
207, 10232, 568, 544, 70, 49, 0.9009196758270264, -1, 1.0
207, 10211, 603, 535, 61, 57, 0.7761170864105225, -1, 1.0
207, 10184, 1480, 281, 87, 72, 0.5878093242645264, -1, 1.0
207, 10141, 1402, 310, 144, 122, 0.5449209809303284, -1, 1.0
208, 10232, 567, 544, 70, 50, 0.9010875821113586, -1, 1.0
208, 10211, 603, 536, 61, 57, 0.775262713432312, -1, 1.0
208, 10184, 1480, 281, 88, 72, 0.5839020013809204, -1, 1.0
208, 10141, 1402, 310, 143, 121, 0.5412370562553406, -1, 1.0
209, 10232, 567, 544, 70, 50, 0.8996689915657043, -1, 1.0
209, 10211, 603, 535, 61, 57, 0.775062620639801, -1, 1.0
209, 10184, 1479, 281, 88, 72, 0.588310182094574, -1, 1.0
209, 10141, 1402, 310, 142, 121, 0.5755080580711365, -1, 1.0
210, 10232, 567, 544, 69, 50, 0.9005193710327148, -1, 1.0
210, 10211, 603, 535, 61, 57, 0.7755880355834961, -1, 1.0
210, 10184, 1479, 281, 88, 72, 0.6116175055503845, -1, 1.0
210, 10141, 1402, 310, 142, 121, 0.5920858979225159, -1, 1.0
211, 10232, 568, 544, 70, 50, 0.9032273888587952, -1, 1.0
211, 10211, 603, 536, 61, 57, 0.7746932506561279, -1, 1.0
211, 10184, 1479, 282, 88, 72, 0.621204137802124, -1, 1.0
211, 10141, 1402, 310, 141, 121, 0.5871677398681641, -1, 1.0
212, 10232, 567, 543, 70, 50, 0.9048287868499756, -1, 1.0
212, 10211, 603, 535, 61, 57, 0.777294933795929, -1, 1.0
212, 10184, 1478, 281, 88, 72, 0.6423306465148926, -1, 1.0
212, 10141, 1402, 310, 141, 120, 0.5988860726356506, -1, 1.0
213, 10232, 567, 543, 70, 50, 0.9052521586418152, -1, 1.0
213, 10211, 603, 535, 61, 57, 0.7781004905700684, -1, 1.0
213, 10184, 1478, 281, 89, 72, 0.632544219493866, -1, 1.0
213, 10141, 1403, 310, 141, 120, 0.5997173190116882, -1, 1.0
214, 10232, 567, 543, 70, 51, 0.9057943820953368, -1, 1.0
214, 10211, 603, 535, 61, 57, 0.7766252160072327, -1, 1.0
214, 10184, 1477, 281, 89, 73, 0.6447443962097168, -1, 1.0
214, 10141, 1403, 311, 141, 120, 0.592282772064209, -1, 1.0
215, 10232, 567, 543, 70, 51, 0.9064456820487976, -1, 1.0
215, 10211, 603, 535, 61, 57, 0.776574969291687, -1, 1.0
215, 10184, 1477, 280, 89, 73, 0.6039842963218689, -1, 1.0
215, 10141, 1403, 311, 141, 120, 0.5900106430053711, -1, 1.0
216, 10232, 567, 543, 70, 50, 0.907271444797516, -1, 1.0
216, 10211, 603, 535, 61, 57, 0.7766129970550537, -1, 1.0
216, 10184, 1477, 279, 89, 74, 0.6183621287345886, -1, 1.0
216, 10141, 1403, 311, 141, 120, 0.5916712880134583, -1, 1.0
217, 10232, 568, 544, 70, 50, 0.9059711694717408, -1, 1.0
217, 10211, 603, 535, 61, 57, 0.7663199305534363, -1, 1.0
217, 10184, 1477, 279, 89, 74, 0.6367852091789246, -1, 1.0
217, 10141, 1403, 311, 140, 120, 0.5726093649864197, -1, 1.0
218, 10232, 568, 543, 71, 51, 0.9068394899368286, -1, 1.0
218, 10211, 603, 535, 61, 57, 0.7631525993347168, -1, 1.0
218, 10184, 1476, 279, 90, 74, 0.6415606141090393, -1, 1.0
218, 10141, 1403, 311, 140, 119, 0.5629662275314331, -1, 1.0
219, 10232, 568, 543, 72, 51, 0.9078495502471924, -1, 1.0
219, 10211, 603, 536, 61, 57, 0.7643237709999084, -1, 1.0
219, 10184, 1476, 279, 90, 74, 0.6352695226669312, -1, 1.0
219, 10141, 1403, 312, 139, 119, 0.5598081946372986, -1, 1.0
220, 10232, 568, 543, 72, 51, 0.9082170724868774, -1, 1.0
220, 10211, 603, 536, 61, 57, 0.7651512026786804, -1, 1.0
220, 10184, 1477, 279, 90, 75, 0.6305360198020935, -1, 1.0
220, 10141, 1404, 311, 139, 119, 0.5659326314926147, -1, 1.0
221, 10232, 568, 543, 72, 51, 0.9073702692985536, -1, 1.0
221, 10211, 603, 536, 61, 57, 0.7675348520278931, -1, 1.0
221, 10184, 1477, 279, 89, 74, 0.6070765256881714, -1, 1.0
221, 10141, 1404, 312, 139, 119, 0.5801960825920105, -1, 1.0
222, 10232, 568, 543, 72, 51, 0.907382309436798, -1, 1.0
222, 10211, 603, 535, 61, 57, 0.7646713256835938, -1, 1.0
222, 10184, 1477, 279, 89, 74, 0.6592951416969299, -1, 1.0
222, 10141, 1403, 312, 139, 119, 0.6079838871955872, -1, 1.0
223, 10263, 245, 594, 86, 46, 0.9074704647064208, -1, 1.0
223, 10232, 567, 543, 72, 51, 0.7659590244293213, -1, 1.0
223, 10211, 603, 536, 61, 57, 0.6246359348297119, -1, 1.0
223, 10184, 1477, 279, 90, 74, 0.5762413144111633, -1, 1.0
223, 10141, 1403, 312, 139, 119, 0.5621761679649353, -1, 1.0
224, 10232, 568, 543, 73, 51, 0.9073808193206788, -1, 1.0
224, 10211, 603, 536, 61, 57, 0.7635484933853149, -1, 1.0
224, 10184, 1476, 279, 90, 75, 0.6347575783729553, -1, 1.0
224, 10141, 1403, 312, 139, 119, 0.5503724813461304, -1, 1.0
225, 10232, 568, 543, 73, 51, 0.9092888832092284, -1, 1.0
225, 10211, 603, 536, 61, 57, 0.7618796825408936, -1, 1.0
225, 10184, 1476, 278, 90, 75, 0.631374716758728, -1, 1.0
225, 10141, 1403, 312, 139, 119, 0.5467562079429626, -1, 1.0
226, 10232, 568, 543, 73, 51, 0.9090606570243835, -1, 1.0
226, 10211, 603, 535, 61, 57, 0.7638503909111023, -1, 1.0
226, 10184, 1476, 278, 90, 75, 0.6447004079818726, -1, 1.0
226, 10141, 1403, 312, 139, 119, 0.5515437722206116, -1, 1.0
227, 10232, 568, 543, 73, 51, 0.9092302918434144, -1, 1.0
227, 10211, 603, 535, 61, 57, 0.7661470770835876, -1, 1.0
227, 10184, 1476, 278, 90, 75, 0.6619008779525757, -1, 1.0
227, 10141, 1403, 312, 139, 119, 0.547194242477417, -1, 1.0
228, 10232, 568, 542, 73, 52, 0.90849769115448, -1, 1.0
228, 10211, 603, 535, 61, 57, 0.7619103193283081, -1, 1.0
228, 10184, 1476, 278, 90, 75, 0.6505017876625061, -1, 1.0
228, 10141, 1403, 312, 139, 119, 0.5363067388534546, -1, 1.0
229, 10232, 567, 543, 72, 51, 0.9076400399208068, -1, 1.0
229, 10211, 603, 535, 61, 57, 0.7752206325531006, -1, 1.0
229, 10184, 1476, 278, 90, 75, 0.5747986435890198, -1, 1.0
229, 10141, 1404, 312, 139, 119, 0.5590864419937134, -1, 1.0
230, 10232, 567, 544, 71, 50, 0.9086396098136902, -1, 1.0
230, 10211, 603, 535, 61, 57, 0.774684488773346, -1, 1.0
230, 10184, 1476, 278, 90, 75, 0.5852551460266113, -1, 1.0
230, 10141, 1404, 311, 140, 119, 0.5555919408798218, -1, 1.0
231, 10232, 567, 544, 70, 50, 0.9067543745040894, -1, 1.0
231, 10211, 603, 535, 61, 57, 0.7731702327728271, -1, 1.0
231, 10184, 1477, 279, 90, 75, 0.5687285661697388, -1, 1.0
231, 10141, 1405, 310, 141, 120, 0.5429907441139221, -1, 1.0
232, 10232, 567, 544, 69, 50, 0.9078204035758972, -1, 1.0
232, 10211, 603, 535, 61, 57, 0.7746005654335022, -1, 1.0
232, 10184, 1476, 279, 90, 75, 0.5746377110481262, -1, 1.0
232, 10141, 1405, 310, 141, 120, 0.55176842212677, -1, 1.0
233, 10232, 567, 544, 69, 50, 0.9083338975906372, -1, 1.0
233, 10211, 603, 535, 61, 57, 0.7729908227920532, -1, 1.0
233, 10184, 1476, 278, 90, 75, 0.5746724009513855, -1, 1.0
233, 10141, 1405, 310, 142, 120, 0.5450668334960938, -1, 1.0
234, 10232, 567, 544, 69, 50, 0.9099332094192504, -1, 1.0
234, 10211, 603, 535, 61, 57, 0.772081196308136, -1, 1.0
234, 10184, 1476, 279, 90, 75, 0.600374162197113, -1, 1.0
234, 10141, 1404, 310, 142, 120, 0.5433938503265381, -1, 1.0
235, 10211, 603, 535, 61, 57, 0.8962907195091248, -1, 1.0
235, 10184, 1477, 281, 90, 74, 0.7326641082763672, -1, 1.0
235, 10141, 1403, 310, 140, 120, 0.668708086013794, -1, 1.0
236, 10211, 602, 535, 62, 58, 0.8962825536727905, -1, 1.0
236, 10184, 1478, 282, 90, 73, 0.7288022041320801, -1, 1.0
236, 10141, 1403, 311, 140, 120, 0.6198223829269409, -1, 1.0
237, 10263, 308, 592, 69, 52, 0.8937681913375854, -1, 1.0
237, 10211, 601, 534, 62, 58, 0.7268345952033997, -1, 1.0
237, 10184, 1478, 282, 90, 73, 0.7080067992210388, -1, 1.0
237, 10141, 1403, 310, 139, 120, 0.6392422318458557, -1, 1.0
238, 10263, 310, 592, 70, 54, 0.8943822383880615, -1, 1.0
238, 10211, 601, 534, 63, 59, 0.7288805842399597, -1, 1.0
238, 10184, 1477, 282, 90, 73, 0.7271050810813904, -1, 1.0
238, 10141, 1404, 310, 139, 120, 0.6409929990768433, -1, 1.0
239, 10263, 310, 591, 72, 56, 0.8937506079673767, -1, 1.0
239, 10211, 601, 534, 63, 59, 0.7237398624420166, -1, 1.0
239, 10184, 1477, 282, 90, 72, 0.7217587232589722, -1, 1.0
239, 10141, 1404, 310, 139, 120, 0.5905535817146301, -1, 1.0
240, 10211, 601, 534, 63, 59, 0.8905594944953918, -1, 1.0
240, 10184, 1477, 282, 90, 72, 0.7260773181915283, -1, 1.0
240, 10141, 1404, 310, 140, 120, 0.5720798969268799, -1, 1.0
241, 10277, 263, 598, 63, 48, 0.9028983116149902, -1, 1.0
241, 10211, 599, 533, 64, 59, 0.7094851732254028, -1, 1.0
241, 10184, 1476, 282, 91, 72, 0.669926643371582, -1, 1.0
241, 10141, 1404, 309, 141, 121, 0.567510187625885, -1, 1.0
242, 10263, 325, 591, 71, 57, 0.9025976657867432, -1, 1.0
242, 10211, 598, 533, 65, 59, 0.7122622728347778, -1, 1.0
242, 10184, 1476, 282, 91, 72, 0.5540649890899658, -1, 1.0
242, 10141, 1404, 308, 141, 122, 0.5265541672706604, -1, 1.0
243, 10263, 331, 593, 71, 58, 0.9007828831672668, -1, 1.0
243, 10211, 599, 533, 65, 59, 0.7490864992141724, -1, 1.0
243, 10184, 1476, 282, 91, 72, 0.7104256749153137, -1, 1.0
243, 10141, 1404, 308, 142, 122, 0.5597584843635559, -1, 1.0
244, 10263, 334, 593, 72, 59, 0.9009624123573304, -1, 1.0
244, 10211, 599, 533, 65, 59, 0.7985553741455078, -1, 1.0
244, 10184, 1476, 282, 91, 72, 0.7097992897033691, -1, 1.0
244, 10141, 1404, 307, 143, 123, 0.5981718897819519, -1, 1.0
245, 10277, 263, 607, 63, 47, 0.9022037982940674, -1, 1.0
245, 10263, 339, 592, 73, 60, 0.7118512988090515, -1, 1.0
245, 10211, 599, 533, 65, 59, 0.7082698941230774, -1, 1.0
245, 10184, 1475, 282, 92, 72, 0.6342287063598633, -1, 1.0
245, 10141, 1403, 307, 143, 123, 0.5940633416175842, -1, 1.0
246, 10277, 268, 608, 60, 45, 0.899810254573822, -1, 1.0
246, 10263, 343, 593, 73, 60, 0.7764451503753662, -1, 1.0
246, 10211, 599, 533, 65, 59, 0.7695789933204651, -1, 1.0
246, 10184, 1475, 282, 92, 72, 0.7121594548225403, -1, 1.0
246, 10141, 1404, 307, 144, 123, 0.6255301237106323, -1, 1.0
247, 10277, 270, 609, 60, 45, 0.8985394835472107, -1, 1.0
247, 10263, 347, 592, 75, 62, 0.7873338460922241, -1, 1.0
247, 10211, 599, 533, 65, 59, 0.7189571857452393, -1, 1.0
247, 10184, 1476, 283, 91, 71, 0.7090813517570496, -1, 1.0
247, 10141, 1403, 306, 144, 124, 0.6237028241157532, -1, 1.0
248, 10277, 270, 610, 61, 44, 0.9020789265632628, -1, 1.0
248, 10263, 352, 590, 78, 64, 0.8505237102508545, -1, 1.0
248, 10211, 599, 533, 65, 59, 0.74737948179245, -1, 1.0
248, 10184, 1475, 283, 91, 71, 0.7147495150566101, -1, 1.0
248, 10141, 1403, 307, 142, 123, 0.6119272112846375, -1, 1.0
249, 10277, 269, 611, 62, 45, 0.9022839665412904, -1, 1.0
249, 10263, 356, 589, 81, 67, 0.8512829542160034, -1, 1.0
249, 10211, 599, 533, 65, 59, 0.811772882938385, -1, 1.0
249, 10184, 1476, 283, 91, 71, 0.7181546688079834, -1, 1.0
249, 10141, 1403, 308, 142, 123, 0.5795929431915283, -1, 1.0
250, 10277, 267, 610, 65, 46, 0.902060329914093, -1, 1.0
250, 10263, 360, 588, 84, 69, 0.8548673391342163, -1, 1.0
250, 10211, 599, 533, 65, 59, 0.8021600246429443, -1, 1.0
250, 10184, 1476, 283, 91, 71, 0.7202084064483643, -1, 1.0
250, 10141, 1403, 308, 141, 123, 0.6121848225593567, -1, 1.0
251, 10277, 264, 610, 70, 48, 0.902729630470276, -1, 1.0
251, 10263, 364, 587, 88, 70, 0.8668978214263916, -1, 1.0
251, 10211, 599, 533, 65, 59, 0.8207273483276367, -1, 1.0
251, 10184, 1477, 283, 91, 71, 0.7270714044570923, -1, 1.0
251, 10141, 1404, 307, 142, 123, 0.5732762217521667, -1, 1.0
252, 10277, 262, 610, 75, 50, 0.9035809636116028, -1, 1.0
252, 10263, 369, 585, 91, 73, 0.8813061714172363, -1, 1.0
252, 10211, 599, 533, 65, 59, 0.7939849495887756, -1, 1.0
252, 10184, 1476, 283, 91, 71, 0.7274314165115356, -1, 1.0
252, 10141, 1404, 306, 142, 124, 0.5862637162208557, -1, 1.0
253, 10277, 264, 609, 77, 50, 0.8951374888420105, -1, 1.0
253, 10263, 373, 585, 94, 75, 0.8569051623344421, -1, 1.0
253, 10211, 597, 534, 66, 58, 0.7689409852027893, -1, 1.0
253, 10141, 1405, 304, 144, 125, 0.720001220703125, -1, 1.0
254, 10263, 378, 584, 98, 77, 0.8944129943847656, -1, 1.0
254, 10211, 594, 534, 68, 58, 0.8177044987678528, -1, 1.0
254, 10141, 1406, 302, 146, 127, 0.77598637342453, -1, 1.0
255, 10285, 284, 614, 65, 55, 0.8929007649421692, -1, 1.0
255, 10263, 385, 585, 101, 79, 0.8424364924430847, -1, 1.0
255, 10211, 591, 534, 71, 59, 0.7218100428581238, -1, 1.0
255, 10141, 1405, 301, 147, 128, 0.7048262357711792, -1, 1.0
256, 10285, 284, 614, 69, 60, 0.8918805122375488, -1, 1.0
256, 10263, 391, 584, 106, 82, 0.8508155941963196, -1, 1.0
256, 10211, 588, 534, 74, 58, 0.7262322306632996, -1, 1.0
256, 10141, 1405, 301, 147, 128, 0.7138295769691467, -1, 1.0
257, 10285, 286, 616, 72, 63, 0.8946035504341125, -1, 1.0
257, 10263, 398, 583, 111, 84, 0.8807631731033325, -1, 1.0
257, 10211, 591, 534, 73, 58, 0.7206720113754272, -1, 1.0
257, 10141, 1405, 301, 148, 129, 0.6829224228858948, -1, 1.0
258, 10285, 288, 618, 74, 64, 0.9043336510658264, -1, 1.0
258, 10263, 405, 581, 116, 87, 0.8822774291038513, -1, 1.0
258, 10211, 596, 534, 70, 58, 0.7908204197883606, -1, 1.0
258, 10141, 1404, 303, 147, 128, 0.7473021745681763, -1, 1.0
259, 10285, 291, 620, 77, 65, 0.9042978882789612, -1, 1.0
259, 10277, 259, 603, 82, 52, 0.8479740023612976, -1, 1.0
259, 10263, 413, 580, 121, 90, 0.7695678472518921, -1, 1.0
259, 10211, 588, 534, 74, 58, 0.6943635940551758, -1, 1.0
259, 10184, 1479, 284, 89, 70, 0.6485626697540283, -1, 1.0
259, 10141, 1403, 304, 146, 127, 0.5612523555755615, -1, 1.0
260, 10285, 293, 620, 79, 68, 0.8993890285491943, -1, 1.0
260, 10263, 422, 579, 126, 93, 0.8755818009376526, -1, 1.0
260, 10211, 590, 534, 73, 58, 0.7602307200431824, -1, 1.0
260, 10184, 1479, 284, 89, 70, 0.6698131561279297, -1, 1.0
260, 10141, 1404, 303, 146, 127, 0.6190152764320374, -1, 1.0
261, 10285, 297, 622, 82, 70, 0.91270112991333, -1, 1.0
261, 10263, 431, 573, 133, 99, 0.8999042510986328, -1, 1.0
261, 10211, 587, 534, 75, 57, 0.6679086685180664, -1, 1.0
261, 10184, 1479, 284, 88, 70, 0.6134352684020996, -1, 1.0
261, 10141, 1404, 304, 146, 127, 0.6037100553512573, -1, 1.0
262, 10263, 440, 569, 140, 105, 0.916808307170868, -1, 1.0
262, 10211, 594, 534, 71, 57, 0.8988205790519714, -1, 1.0
262, 10184, 1479, 284, 88, 70, 0.6426559686660767, -1, 1.0
262, 10141, 1404, 304, 145, 127, 0.6167163848876953, -1, 1.0
263, 10263, 452, 568, 148, 110, 0.9050735235214232, -1, 1.0
263, 10211, 598, 534, 68, 56, 0.8975270390510559, -1, 1.0
263, 10184, 1479, 285, 88, 70, 0.7014215588569641, -1, 1.0
263, 10141, 1404, 305, 145, 126, 0.5996080636978149, -1, 1.0
264, 10285, 305, 623, 96, 82, 0.915832817554474, -1, 1.0
264, 10263, 465, 566, 157, 115, 0.8953981399536133, -1, 1.0
264, 10211, 599, 534, 66, 55, 0.7656750082969666, -1, 1.0
264, 10184, 1479, 285, 88, 69, 0.7553167343139648, -1, 1.0
264, 10141, 1403, 305, 144, 126, 0.6215821504592896, -1, 1.0
265, 10285, 308, 622, 101, 88, 0.9291396141052246, -1, 1.0
265, 10263, 478, 564, 166, 121, 0.8958301544189453, -1, 1.0
265, 10211, 600, 534, 65, 54, 0.8003010153770447, -1, 1.0
265, 10184, 1480, 285, 88, 69, 0.6786693930625916, -1, 1.0
265, 10141, 1403, 307, 142, 125, 0.6343176960945129, -1, 1.0
266, 10285, 311, 622, 106, 93, 0.8936769962310791, -1, 1.0
266, 10263, 491, 561, 178, 128, 0.8905948996543884, -1, 1.0
266, 10184, 1480, 285, 87, 68, 0.7603048086166382, -1, 1.0
266, 10141, 1403, 307, 141, 124, 0.6742234826087952, -1, 1.0
267, 10285, 315, 624, 114, 99, 0.8925228714942932, -1, 1.0
267, 10263, 507, 558, 190, 135, 0.8659681081771851, -1, 1.0
267, 10184, 1481, 285, 87, 68, 0.7887715697288513, -1, 1.0
267, 10141, 1403, 307, 141, 124, 0.6609072089195251, -1, 1.0
268, 10285, 321, 625, 121, 106, 0.9035190343856812, -1, 1.0
268, 10263, 525, 554, 204, 145, 0.9007503390312196, -1, 1.0
268, 10184, 1480, 285, 87, 68, 0.8138344883918762, -1, 1.0
268, 10141, 1403, 308, 139, 123, 0.6329290270805359, -1, 1.0
269, 10285, 326, 627, 131, 114, 0.9290155172348022, -1, 1.0
269, 10277, 261, 618, 63, 47, 0.9006178975105286, -1, 1.0
269, 10263, 546, 548, 219, 155, 0.8381994366645813, -1, 1.0
269, 10184, 1480, 285, 87, 68, 0.6106691956520081, -1, 1.0
269, 10141, 1403, 309, 139, 122, 0.5651876926422119, -1, 1.0
270, 10285, 332, 629, 141, 123, 0.901633322238922, -1, 1.0
270, 10263, 570, 544, 237, 166, 0.8538297414779663, -1, 1.0
270, 10184, 1480, 285, 87, 69, 0.8475947380065918, -1, 1.0
270, 10141, 1404, 308, 139, 122, 0.6109414100646973, -1, 1.0
271, 10285, 339, 630, 152, 133, 0.9013319611549376, -1, 1.0
271, 10263, 600, 539, 257, 179, 0.8880223631858826, -1, 1.0
271, 10184, 1480, 284, 87, 69, 0.8360362648963928, -1, 1.0
271, 10141, 1404, 308, 139, 122, 0.6236059665679932, -1, 1.0
272, 10285, 349, 633, 165, 144, 0.9091637134552002, -1, 1.0
272, 10277, 265, 620, 64, 51, 0.9019771814346312, -1, 1.0
272, 10263, 627, 534, 285, 193, 0.9007821679115297, -1, 1.0
272, 10184, 1480, 284, 87, 69, 0.6221985220909119, -1, 1.0
272, 10141, 1404, 308, 138, 122, 0.5009958744049072, -1, 1.0
273, 10285, 363, 637, 181, 157, 0.902710497379303, -1, 1.0
273, 10277, 265, 620, 64, 52, 0.8043668270111084, -1, 1.0
273, 10263, 667, 527, 315, 209, 0.8001716136932373, -1, 1.0
273, 10184, 1480, 284, 87, 69, 0.743992805480957, -1, 1.0
273, 10141, 1404, 308, 139, 122, 0.601234495639801, -1, 1.0
274, 10285, 379, 639, 200, 170, 0.902743637561798, -1, 1.0
274, 10277, 266, 621, 65, 54, 0.9013619422912598, -1, 1.0
274, 10263, 722, 521, 345, 227, 0.8807262778282166, -1, 1.0
274, 10211, 602, 535, 63, 56, 0.7685378193855286, -1, 1.0
274, 10184, 1480, 284, 87, 69, 0.7285603284835815, -1, 1.0
274, 10141, 1404, 308, 139, 123, 0.5697646141052246, -1, 1.0
275, 10285, 398, 646, 224, 192, 0.8995977640151978, -1, 1.0
275, 10277, 267, 621, 66, 56, 0.7532888054847717, -1, 1.0
275, 10263, 781, 510, 388, 253, 0.7517471313476562, -1, 1.0
275, 10211, 602, 535, 63, 56, 0.6472762823104858, -1, 1.0
275, 10184, 1480, 284, 87, 69, 0.6336132287979126, -1, 1.0
275, 10141, 1404, 307, 139, 123, 0.5656558871269226, -1, 1.0
276, 10285, 422, 652, 260, 224, 0.9004814624786377, -1, 1.0
276, 10277, 268, 621, 68, 58, 0.7604565024375916, -1, 1.0
276, 10263, 928, 507, 399, 273, 0.7496049404144287, -1, 1.0
276, 10211, 601, 535, 64, 56, 0.7479375600814819, -1, 1.0
276, 10184, 1480, 283, 87, 69, 0.6929515600204468, -1, 1.0
276, 10141, 1405, 306, 141, 123, 0.5190637707710266, -1, 1.0
277, 10277, 268, 621, 70, 60, 0.8826157450675964, -1, 1.0
277, 10263, 1094, 511, 416, 294, 0.738843560218811, -1, 1.0
277, 10211, 590, 535, 70, 57, 0.6955650448799133, -1, 1.0
277, 10184, 1480, 283, 87, 69, 0.5848236680030823, -1, 1.0
277, 10141, 1404, 305, 141, 124, 0.511305570602417, -1, 1.0
278, 10277, 270, 623, 72, 61, 0.8878612518310547, -1, 1.0
278, 10211, 595, 535, 69, 57, 0.7696158289909363, -1, 1.0
278, 10184, 1480, 283, 87, 69, 0.7581159472465515, -1, 1.0
278, 10141, 1405, 302, 143, 123, 0.5309807062149048, -1, 1.0
279, 10277, 272, 623, 75, 64, 0.8166042566299438, -1, 1.0
279, 10211, 598, 535, 68, 57, 0.7674543857574463, -1, 1.0
279, 10141, 1408, 291, 147, 124, 0.7382125854492188, -1, 1.0
280, 10277, 274, 623, 79, 67, 0.8134555816650391, -1, 1.0
280, 10211, 599, 535, 66, 57, 0.7890648245811462, -1, 1.0
280, 10141, 1404, 298, 145, 126, 0.7471292614936829, -1, 1.0
281, 10277, 275, 623, 84, 71, 0.8643571138381958, -1, 1.0
281, 10211, 601, 535, 65, 57, 0.7547181844711304, -1, 1.0
281, 10141, 1404, 301, 147, 127, 0.6060142517089844, -1, 1.0
282, 10277, 277, 624, 87, 74, 0.8783113956451416, -1, 1.0
282, 10211, 601, 535, 64, 57, 0.7583140730857849, -1, 1.0
282, 10184, 1480, 283, 86, 70, 0.6878958344459534, -1, 1.0
282, 10141, 1404, 302, 147, 128, 0.536216139793396, -1, 1.0
283, 10277, 278, 626, 90, 78, 0.8814529776573181, -1, 1.0
283, 10211, 602, 535, 64, 57, 0.7504597306251526, -1, 1.0
283, 10184, 1480, 283, 86, 70, 0.6545886993408203, -1, 1.0
283, 10141, 1404, 302, 148, 128, 0.5943626165390015, -1, 1.0
284, 10277, 281, 625, 95, 83, 0.8823354840278625, -1, 1.0
284, 10211, 602, 535, 63, 57, 0.7439110279083252, -1, 1.0
284, 10184, 1480, 284, 87, 70, 0.602166473865509, -1, 1.0
284, 10141, 1404, 302, 148, 128, 0.5431259870529175, -1, 1.0
285, 10277, 282, 626, 101, 88, 0.882924497127533, -1, 1.0
285, 10211, 602, 535, 63, 57, 0.7762166857719421, -1, 1.0
285, 10184, 1480, 284, 87, 70, 0.7448579668998718, -1, 1.0
285, 10141, 1404, 302, 148, 129, 0.6315335035324097, -1, 1.0
286, 10277, 286, 627, 106, 92, 0.8795850872993469, -1, 1.0
286, 10211, 602, 535, 62, 57, 0.7522191405296326, -1, 1.0
286, 10184, 1480, 284, 87, 70, 0.7209323644638062, -1, 1.0
286, 10141, 1403, 303, 148, 128, 0.6557817459106445, -1, 1.0
287, 10277, 288, 627, 113, 97, 0.880851149559021, -1, 1.0
287, 10211, 602, 535, 62, 57, 0.817628800868988, -1, 1.0
287, 10184, 1480, 284, 87, 70, 0.75029057264328, -1, 1.0
287, 10141, 1403, 303, 148, 128, 0.6556726098060608, -1, 1.0
288, 10277, 292, 628, 119, 102, 0.8830535411834717, -1, 1.0
288, 10211, 601, 535, 62, 57, 0.8674889802932739, -1, 1.0
288, 10184, 1480, 284, 87, 70, 0.7622443437576294, -1, 1.0
288, 10141, 1404, 302, 148, 129, 0.6339154243469238, -1, 1.0
289, 10277, 297, 629, 125, 108, 0.8957432508468628, -1, 1.0
289, 10211, 601, 534, 62, 57, 0.8884525299072266, -1, 1.0
289, 10184, 1479, 283, 88, 71, 0.7567026019096375, -1, 1.0
289, 10141, 1403, 305, 146, 127, 0.6735237240791321, -1, 1.0
290, 10277, 303, 631, 133, 115, 0.8969006538391113, -1, 1.0
290, 10211, 601, 534, 62, 58, 0.8235542178153992, -1, 1.0
290, 10184, 1478, 283, 88, 71, 0.7638340592384338, -1, 1.0
290, 10141, 1403, 306, 145, 126, 0.6830580830574036, -1, 1.0
291, 10277, 309, 633, 143, 123, 0.9005236029624939, -1, 1.0
291, 10211, 601, 534, 62, 58, 0.8947749137878418, -1, 1.0
291, 10184, 1478, 283, 89, 71, 0.7504221796989441, -1, 1.0
291, 10141, 1403, 307, 144, 125, 0.7132814526557922, -1, 1.0
292, 10277, 318, 636, 153, 131, 0.8941370844841003, -1, 1.0
292, 10211, 601, 534, 62, 58, 0.8419178128242493, -1, 1.0
292, 10184, 1478, 283, 89, 71, 0.7507635951042175, -1, 1.0
292, 10141, 1403, 307, 143, 124, 0.7170578837394714, -1, 1.0
293, 10277, 328, 640, 164, 141, 0.8939338326454163, -1, 1.0
293, 10211, 601, 534, 62, 58, 0.7461767792701721, -1, 1.0
293, 10184, 1478, 283, 89, 70, 0.7455520033836365, -1, 1.0
293, 10141, 1403, 308, 142, 123, 0.71659255027771, -1, 1.0
294, 10277, 340, 643, 179, 152, 0.9121946692466736, -1, 1.0
294, 10211, 601, 534, 62, 58, 0.8961541652679443, -1, 1.0
294, 10184, 1478, 284, 89, 70, 0.7486836314201355, -1, 1.0
294, 10141, 1403, 308, 141, 123, 0.7009114027023315, -1, 1.0
295, 10277, 353, 649, 197, 166, 0.895351767539978, -1, 1.0
295, 10211, 601, 534, 62, 58, 0.7462978959083557, -1, 1.0
295, 10184, 1478, 284, 89, 70, 0.6909131407737732, -1, 1.0
295, 10141, 1403, 309, 140, 122, 0.6558141708374023, -1, 1.0
296, 10277, 368, 649, 218, 185, 0.8994623422622681, -1, 1.0
296, 10211, 600, 534, 62, 58, 0.8425033688545227, -1, 1.0
296, 10184, 1478, 284, 89, 70, 0.7401780486106873, -1, 1.0
296, 10141, 1405, 307, 142, 123, 0.6214393973350525, -1, 1.0
297, 10277, 387, 652, 245, 208, 0.8515958786010742, -1, 1.0
297, 10211, 601, 534, 62, 58, 0.7532503008842468, -1, 1.0
297, 10141, 1409, 298, 150, 129, 0.6693608164787292, -1, 1.0
298, 10277, 411, 658, 281, 239, 0.8584029674530029, -1, 1.0
298, 10211, 598, 533, 64, 59, 0.7714799046516418, -1, 1.0
299, 10277, 438, 663, 330, 279, 0.7629481554031372, -1, 1.0
299, 10211, 600, 533, 64, 59, 0.7270044088363647, -1, 1.0
300, 10277, 495, 673, 391, 329, 0.785281240940094, -1, 1.0
300, 10211, 601, 533, 64, 59, 0.6291190385818481, -1, 1.0
301, 10211, 601, 533, 63, 58, 0.7678685784339905, -1, 1.0
302, 10211, 602, 533, 63, 58, 0.8380830883979797, -1, 1.0
303, 10211, 602, 533, 62, 58, 0.8796307444572449, -1, 1.0
303, 10141, 1403, 301, 151, 131, 0.7689909934997559, -1, 1.0
304, 10211, 602, 533, 62, 58, 0.8925979733467102, -1, 1.0
304, 10141, 1404, 302, 150, 129, 0.7749698162078857, -1, 1.0
305, 10211, 602, 533, 62, 58, 0.9028947353363036, -1, 1.0
305, 10141, 1403, 304, 149, 128, 0.763016402721405, -1, 1.0
306, 10211, 602, 534, 62, 58, 0.905195415019989, -1, 1.0
306, 10141, 1404, 305, 149, 127, 0.7344771027565002, -1, 1.0
307, 10211, 603, 534, 62, 58, 0.9017189741134644, -1, 1.0
307, 10141, 1403, 306, 148, 126, 0.8423004150390625, -1, 1.0
308, 10328, 691, 438, 255, 200, 0.9038010835647584, -1, 1.0
308, 10211, 602, 534, 63, 58, 0.8837701082229614, -1, 1.0
308, 10141, 1404, 304, 149, 127, 0.7211433053016663, -1, 1.0
309, 10328, 661, 453, 237, 182, 0.920491635799408, -1, 1.0
309, 10141, 1404, 303, 149, 128, 0.8979208469390869, -1, 1.0
310, 10328, 632, 466, 222, 168, 0.8971879482269287, -1, 1.0
310, 10141, 1404, 302, 150, 128, 0.877687931060791, -1, 1.0
311, 10328, 606, 478, 207, 155, 0.9019877910614014, -1, 1.0
311, 10141, 1404, 302, 151, 129, 0.8977025747299194, -1, 1.0
312, 10328, 588, 487, 192, 144, 0.9185998439788818, -1, 1.0
312, 10141, 1403, 303, 151, 129, 0.8975118398666382, -1, 1.0
313, 10328, 571, 495, 179, 134, 0.9304113388061525, -1, 1.0
313, 10141, 1403, 304, 150, 128, 0.893814206123352, -1, 1.0
314, 10328, 557, 503, 164, 124, 0.9154052734375, -1, 1.0
314, 10141, 1402, 306, 148, 127, 0.8922626972198486, -1, 1.0
315, 10328, 544, 508, 150, 117, 0.922654151916504, -1, 1.0
315, 10141, 1402, 307, 147, 125, 0.8864031434059143, -1, 1.0
316, 10334, 1476, 282, 92, 72, 0.9016876220703124, -1, 1.0
316, 10328, 532, 512, 139, 110, 0.8879386782646179, -1, 1.0
316, 10141, 1402, 308, 146, 124, 0.5899461507797241, -1, 1.0
317, 10334, 1475, 282, 93, 72, 0.9199050664901732, -1, 1.0
317, 10328, 522, 517, 129, 103, 0.8921856880187988, -1, 1.0
317, 10141, 1402, 308, 145, 124, 0.5839335322380066, -1, 1.0
318, 10328, 514, 521, 122, 98, 0.9308419227600098, -1, 1.0
318, 10141, 1403, 308, 145, 124, 0.8883951306343079, -1, 1.0
319, 10328, 503, 528, 111, 91, 0.8787656426429749, -1, 1.0
319, 10141, 1403, 309, 144, 123, 0.8455065488815308, -1, 1.0
320, 10328, 503, 544, 95, 76, 0.8739087581634521, -1, 1.0
320, 10141, 1403, 309, 143, 123, 0.7891491651535034, -1, 1.0
321, 10339, 601, 535, 64, 55, 0.8780143857002258, -1, 1.0
321, 10141, 1404, 308, 143, 123, 0.8778301477432251, -1, 1.0
322, 10342, 477, 525, 111, 99, 0.8782358765602112, -1, 1.0
322, 10339, 601, 535, 63, 55, 0.8539817333221436, -1, 1.0
322, 10141, 1404, 307, 144, 124, 0.7477458715438843, -1, 1.0
323, 10342, 469, 530, 107, 95, 0.8772492408752441, -1, 1.0
323, 10339, 602, 535, 63, 56, 0.8485472202301025, -1, 1.0
323, 10141, 1404, 307, 143, 124, 0.7402462363243103, -1, 1.0
324, 10342, 461, 531, 104, 93, 0.8775577545166016, -1, 1.0
324, 10339, 602, 534, 63, 57, 0.8349820375442505, -1, 1.0
324, 10141, 1403, 308, 142, 123, 0.7198927402496338, -1, 1.0
325, 10342, 453, 533, 100, 90, 0.8904829621315002, -1, 1.0
325, 10339, 602, 534, 63, 58, 0.8821830153465271, -1, 1.0
325, 10334, 1481, 285, 89, 69, 0.7603089213371277, -1, 1.0
325, 10141, 1403, 309, 141, 123, 0.5188695192337036, -1, 1.0
326, 10342, 445, 537, 95, 86, 0.8782790303230286, -1, 1.0
326, 10339, 601, 534, 64, 59, 0.8030640482902527, -1, 1.0
326, 10334, 1481, 282, 90, 71, 0.7462664842605591, -1, 1.0
326, 10141, 1403, 309, 141, 122, 0.5126683115959167, -1, 1.0
327, 10342, 437, 540, 91, 83, 0.8765104413032532, -1, 1.0
327, 10339, 601, 534, 63, 59, 0.7591994404792786, -1, 1.0
327, 10334, 1481, 278, 90, 73, 0.7373635768890381, -1, 1.0
327, 10141, 1403, 309, 140, 122, 0.5269530415534973, -1, 1.0
328, 10342, 430, 543, 88, 79, 0.8745377659797668, -1, 1.0
328, 10339, 601, 534, 63, 58, 0.8522266745567322, -1, 1.0
328, 10334, 1481, 277, 91, 74, 0.7569228410720825, -1, 1.0
328, 10141, 1403, 310, 139, 122, 0.605772852897644, -1, 1.0
329, 10342, 424, 546, 84, 76, 0.8860161900520325, -1, 1.0
329, 10339, 601, 534, 63, 58, 0.88229900598526, -1, 1.0
329, 10334, 1480, 280, 90, 74, 0.7600424289703369, -1, 1.0
329, 10141, 1403, 311, 139, 121, 0.601905107498169, -1, 1.0
330, 10342, 418, 550, 81, 72, 0.8855535387992859, -1, 1.0
330, 10339, 601, 534, 64, 58, 0.8222742676734924, -1, 1.0
330, 10334, 1480, 281, 90, 73, 0.7480816841125488, -1, 1.0
330, 10141, 1403, 311, 138, 121, 0.6163880228996277, -1, 1.0
331, 10349, 568, 537, 89, 57, 0.8912444114685059, -1, 1.0
331, 10342, 414, 552, 77, 69, 0.7763800024986267, -1, 1.0
331, 10339, 600, 534, 64, 58, 0.7495085597038269, -1, 1.0
331, 10334, 1480, 282, 90, 72, 0.6077770590782166, -1, 1.0
331, 10141, 1403, 311, 138, 120, 0.5340328812599182, -1, 1.0
332, 10349, 567, 538, 89, 56, 0.8908132314682007, -1, 1.0
332, 10342, 408, 554, 75, 67, 0.7490742802619934, -1, 1.0
332, 10339, 601, 534, 64, 58, 0.6971243023872375, -1, 1.0
332, 10334, 1480, 282, 89, 72, 0.6366370916366577, -1, 1.0
332, 10141, 1403, 311, 138, 120, 0.5249127745628357, -1, 1.0
333, 10342, 403, 554, 72, 64, 0.8884876370429993, -1, 1.0
333, 10339, 600, 534, 64, 59, 0.7518838047981262, -1, 1.0
333, 10334, 1480, 282, 89, 71, 0.6841659545898438, -1, 1.0
333, 10141, 1403, 312, 137, 120, 0.6392024755477905, -1, 1.0
334, 10342, 398, 555, 70, 63, 0.7505213022232056, -1, 1.0
334, 10339, 600, 534, 64, 59, 0.6395305395126343, -1, 1.0
334, 10334, 1480, 283, 89, 70, 0.5337486863136292, -1, 1.0
334, 10141, 1403, 312, 137, 120, 0.517013430595398, -1, 1.0
335, 10342, 393, 559, 68, 61, 0.7417184114456177, -1, 1.0
335, 10339, 600, 533, 65, 59, 0.6573159098625183, -1, 1.0
335, 10334, 1480, 284, 89, 70, 0.6194873452186584, -1, 1.0
335, 10141, 1403, 312, 137, 120, 0.5296679139137268, -1, 1.0
336, 10339, 600, 533, 64, 59, 0.885557234287262, -1, 1.0
336, 10334, 1480, 281, 89, 71, 0.7429298162460327, -1, 1.0
336, 10141, 1403, 312, 137, 119, 0.6219343543052673, -1, 1.0
337, 10339, 596, 533, 67, 59, 0.8939711451530457, -1, 1.0
337, 10334, 1480, 282, 89, 71, 0.714373767375946, -1, 1.0
337, 10141, 1403, 312, 136, 119, 0.6628535389900208, -1, 1.0
338, 10334, 1479, 281, 90, 71, 0.8690219521522522, -1, 1.0
338, 10141, 1404, 312, 137, 119, 0.7120462656021118, -1, 1.0
339, 10349, 568, 532, 97, 61, 0.8729787468910217, -1, 1.0
339, 10334, 1479, 281, 90, 72, 0.7008662223815918, -1, 1.0
339, 10141, 1404, 312, 137, 119, 0.5790374279022217, -1, 1.0
340, 10349, 570, 532, 96, 61, 0.8773213624954224, -1, 1.0
340, 10334, 1479, 282, 90, 71, 0.7162340879440308, -1, 1.0
340, 10141, 1404, 312, 138, 119, 0.6134398579597473, -1, 1.0
341, 10349, 570, 532, 95, 61, 0.875502347946167, -1, 1.0
341, 10334, 1479, 283, 90, 71, 0.7183399796485901, -1, 1.0
341, 10141, 1404, 311, 139, 120, 0.5717353224754333, -1, 1.0
342, 10349, 570, 532, 95, 62, 0.8763558864593506, -1, 1.0
342, 10334, 1479, 283, 90, 70, 0.7052395343780518, -1, 1.0
342, 10141, 1404, 310, 139, 120, 0.5769439935684204, -1, 1.0
343, 10349, 570, 532, 96, 62, 0.8735162615776062, -1, 1.0
343, 10334, 1479, 280, 90, 72, 0.701985239982605, -1, 1.0
343, 10141, 1404, 310, 140, 120, 0.5900830030441284, -1, 1.0
344, 10349, 570, 532, 95, 62, 0.8741286396980286, -1, 1.0
344, 10334, 1478, 277, 91, 74, 0.7098280787467957, -1, 1.0
344, 10141, 1404, 310, 140, 120, 0.698734700679779, -1, 1.0
345, 10349, 572, 532, 94, 62, 0.8704368472099304, -1, 1.0
345, 10334, 1478, 272, 91, 78, 0.7127577066421509, -1, 1.0
345, 10141, 1403, 310, 140, 121, 0.6378224492073059, -1, 1.0
346, 10349, 572, 532, 94, 62, 0.8728851675987244, -1, 1.0
346, 10334, 1478, 270, 91, 80, 0.7054157257080078, -1, 1.0
346, 10141, 1403, 310, 140, 121, 0.6484451293945312, -1, 1.0
347, 10349, 571, 532, 94, 62, 0.8791365027427673, -1, 1.0
347, 10334, 1478, 274, 92, 79, 0.7051520943641663, -1, 1.0
347, 10141, 1404, 310, 141, 121, 0.6514036059379578, -1, 1.0
348, 10349, 571, 532, 94, 62, 0.8787240386009216, -1, 1.0
348, 10334, 1478, 275, 91, 78, 0.7024965882301331, -1, 1.0
348, 10141, 1404, 310, 141, 121, 0.6512150168418884, -1, 1.0
349, 10349, 582, 532, 87, 61, 0.8710896372795105, -1, 1.0
349, 10334, 1479, 276, 91, 78, 0.7059144973754883, -1, 1.0
349, 10141, 1403, 307, 140, 123, 0.5756064057350159, -1, 1.0
350, 10349, 586, 532, 83, 61, 0.8755708336830139, -1, 1.0
350, 10334, 1479, 279, 90, 76, 0.704265832901001, -1, 1.0
350, 10141, 1403, 306, 139, 124, 0.5403056740760803, -1, 1.0
351, 10349, 589, 532, 80, 61, 0.7086920142173767, -1, 1.0
351, 10334, 1479, 279, 90, 75, 0.5815320611000061, -1, 1.0
351, 10141, 1403, 305, 139, 125, 0.5670915842056274, -1, 1.0
352, 10349, 592, 532, 76, 61, 0.8741287589073181, -1, 1.0
352, 10334, 1479, 274, 90, 78, 0.7139620184898376, -1, 1.0
352, 10141, 1403, 305, 138, 125, 0.5797185301780701, -1, 1.0
353, 10349, 594, 532, 74, 60, 0.874545693397522, -1, 1.0
353, 10334, 1479, 271, 90, 80, 0.7123474478721619, -1, 1.0
353, 10141, 1403, 305, 138, 125, 0.5808408260345459, -1, 1.0
354, 10349, 595, 532, 72, 60, 0.8735613822937012, -1, 1.0
354, 10334, 1479, 268, 91, 83, 0.7111806273460388, -1, 1.0
354, 10141, 1403, 305, 138, 126, 0.595116138458252, -1, 1.0
355, 10349, 596, 532, 71, 60, 0.8736222386360168, -1, 1.0
355, 10334, 1480, 266, 91, 85, 0.7071084976196289, -1, 1.0
355, 10141, 1403, 304, 138, 126, 0.5998876690864563, -1, 1.0
356, 10349, 596, 532, 70, 60, 0.8756203055381775, -1, 1.0
356, 10334, 1480, 265, 91, 86, 0.71182781457901, -1, 1.0
356, 10141, 1405, 306, 141, 126, 0.5841215252876282, -1, 1.0
357, 10349, 596, 533, 69, 60, 0.8790273666381836, -1, 1.0
357, 10334, 1479, 265, 91, 86, 0.7043778300285339, -1, 1.0
357, 10141, 1405, 306, 144, 126, 0.5698379278182983, -1, 1.0
358, 10349, 596, 533, 69, 60, 0.8812896013259888, -1, 1.0
358, 10334, 1479, 266, 91, 87, 0.7071560621261597, -1, 1.0
358, 10141, 1405, 305, 146, 126, 0.593291699886322, -1, 1.0
359, 10360, 323, 573, 46, 46, 0.8821706771850586, -1, 1.0
359, 10349, 595, 533, 69, 60, 0.7041228413581848, -1, 1.0
359, 10334, 1479, 267, 91, 86, 0.6693728566169739, -1, 1.0
359, 10141, 1405, 304, 148, 127, 0.6205000877380371, -1, 1.0
360, 10360, 320, 573, 47, 45, 0.8850277662277222, -1, 1.0
360, 10349, 595, 533, 69, 60, 0.708564817905426, -1, 1.0
360, 10334, 1479, 265, 91, 87, 0.619982123374939, -1, 1.0
360, 10141, 1404, 303, 149, 127, 0.6148406863212585, -1, 1.0
361, 10349, 596, 532, 68, 60, 0.883359432220459, -1, 1.0
361, 10334, 1479, 266, 91, 87, 0.7240806221961975, -1, 1.0
361, 10141, 1404, 303, 150, 128, 0.6211450695991516, -1, 1.0
362, 10349, 597, 532, 68, 60, 0.8807855844497681, -1, 1.0
362, 10334, 1479, 265, 91, 88, 0.7244287729263306, -1, 1.0
362, 10141, 1403, 304, 151, 127, 0.6398773789405823, -1, 1.0
363, 10349, 597, 532, 68, 60, 0.8799784779548645, -1, 1.0
363, 10334, 1479, 265, 91, 88, 0.7205332517623901, -1, 1.0
363, 10141, 1403, 304, 150, 127, 0.6253554224967957, -1, 1.0
364, 10349, 596, 532, 68, 60, 0.878666341304779, -1, 1.0
364, 10334, 1479, 267, 90, 87, 0.7226959466934204, -1, 1.0
364, 10141, 1402, 305, 150, 126, 0.6413494348526001, -1, 1.0
365, 10349, 596, 532, 68, 60, 0.8792304992675781, -1, 1.0
365, 10334, 1479, 267, 91, 87, 0.72077876329422, -1, 1.0
365, 10141, 1402, 306, 150, 126, 0.6301305294036865, -1, 1.0
366, 10349, 596, 532, 68, 60, 0.8817763328552246, -1, 1.0
366, 10334, 1478, 266, 91, 87, 0.7200754284858704, -1, 1.0
366, 10141, 1403, 304, 151, 127, 0.6307885050773621, -1, 1.0
367, 10349, 595, 532, 69, 60, 0.8837522268295288, -1, 1.0
367, 10334, 1478, 265, 91, 88, 0.719146728515625, -1, 1.0
367, 10141, 1403, 303, 151, 128, 0.6104020476341248, -1, 1.0
368, 10349, 595, 532, 69, 60, 0.8840624690055847, -1, 1.0
368, 10334, 1478, 265, 91, 88, 0.7215370535850525, -1, 1.0
368, 10141, 1403, 303, 152, 128, 0.6025688648223877, -1, 1.0
369, 10349, 595, 532, 69, 60, 0.8859310150146484, -1, 1.0
369, 10334, 1479, 266, 91, 87, 0.725424587726593, -1, 1.0
369, 10141, 1403, 303, 152, 128, 0.6121647953987122, -1, 1.0
370, 10349, 596, 532, 69, 60, 0.8864032030105591, -1, 1.0
370, 10334, 1479, 265, 90, 88, 0.7288035154342651, -1, 1.0
370, 10141, 1403, 302, 152, 128, 0.6098911166191101, -1, 1.0
371, 10349, 597, 532, 68, 60, 0.8851912021636963, -1, 1.0
371, 10334, 1479, 265, 90, 88, 0.7330271005630493, -1, 1.0
371, 10141, 1403, 302, 153, 129, 0.6322993636131287, -1, 1.0
372, 10349, 597, 532, 67, 59, 0.8870235085487366, -1, 1.0
372, 10334, 1479, 265, 90, 88, 0.7308507561683655, -1, 1.0
372, 10141, 1403, 301, 153, 129, 0.6270785331726074, -1, 1.0
373, 10349, 596, 532, 68, 60, 0.8906550407409668, -1, 1.0
373, 10334, 1479, 265, 90, 88, 0.7232094407081604, -1, 1.0
373, 10141, 1403, 298, 154, 131, 0.5912773609161377, -1, 1.0
374, 10349, 595, 532, 69, 60, 0.8911384344100952, -1, 1.0
374, 10334, 1480, 265, 90, 88, 0.7223275303840637, -1, 1.0
374, 10141, 1403, 296, 154, 133, 0.5722697973251343, -1, 1.0
375, 10349, 598, 533, 67, 59, 0.8920645117759705, -1, 1.0
375, 10334, 1480, 265, 90, 88, 0.7358379364013672, -1, 1.0
375, 10141, 1403, 301, 153, 131, 0.6324060559272766, -1, 1.0
376, 10349, 599, 533, 66, 59, 0.8949442505836487, -1, 1.0
376, 10334, 1480, 266, 90, 88, 0.7388545870780945, -1, 1.0
376, 10141, 1403, 303, 153, 129, 0.634319543838501, -1, 1.0
377, 10349, 600, 533, 65, 59, 0.8972684741020203, -1, 1.0
377, 10334, 1480, 266, 90, 87, 0.7379932403564453, -1, 1.0
377, 10141, 1403, 304, 152, 128, 0.6415904760360718, -1, 1.0
378, 10349, 601, 533, 64, 59, 0.8983933925628662, -1, 1.0
378, 10334, 1480, 266, 90, 87, 0.7380795478820801, -1, 1.0
378, 10141, 1403, 306, 151, 127, 0.658620297908783, -1, 1.0
379, 10349, 601, 533, 64, 59, 0.8973315358161926, -1, 1.0
379, 10334, 1480, 266, 90, 87, 0.7379685640335083, -1, 1.0
379, 10141, 1402, 307, 150, 126, 0.670428991317749, -1, 1.0
380, 10349, 601, 533, 64, 59, 0.8948730230331421, -1, 1.0
380, 10334, 1480, 266, 90, 87, 0.7324533462524414, -1, 1.0
380, 10141, 1402, 308, 149, 124, 0.6824958324432373, -1, 1.0
381, 10349, 601, 533, 64, 59, 0.8935689330101013, -1, 1.0
381, 10334, 1480, 266, 90, 87, 0.7308434247970581, -1, 1.0
381, 10141, 1402, 309, 148, 123, 0.6859615445137024, -1, 1.0
382, 10349, 601, 533, 63, 59, 0.8934284448623657, -1, 1.0
382, 10334, 1480, 266, 89, 87, 0.7305516004562378, -1, 1.0
382, 10141, 1402, 310, 147, 123, 0.6930018067359924, -1, 1.0
383, 10349, 601, 533, 63, 59, 0.8939386606216431, -1, 1.0
383, 10334, 1480, 267, 89, 87, 0.7334936261177063, -1, 1.0
383, 10141, 1403, 309, 146, 122, 0.6885306239128113, -1, 1.0
384, 10349, 601, 533, 63, 59, 0.8951206803321838, -1, 1.0
384, 10334, 1480, 268, 89, 86, 0.7336158752441406, -1, 1.0
384, 10141, 1403, 309, 146, 122, 0.6873099207878113, -1, 1.0
385, 10349, 602, 533, 62, 59, 0.8907380700111389, -1, 1.0
385, 10334, 1480, 270, 89, 85, 0.7533614635467529, -1, 1.0
385, 10141, 1403, 309, 145, 122, 0.7374404072761536, -1, 1.0
386, 10349, 602, 533, 62, 59, 0.8896881341934204, -1, 1.0
386, 10334, 1480, 273, 89, 83, 0.7552167773246765, -1, 1.0
386, 10141, 1403, 309, 144, 122, 0.7543327808380127, -1, 1.0
387, 10349, 602, 533, 62, 59, 0.8873339891433716, -1, 1.0
387, 10334, 1480, 273, 89, 82, 0.757805585861206, -1, 1.0
387, 10141, 1404, 309, 143, 122, 0.7528712749481201, -1, 1.0
388, 10349, 602, 533, 62, 59, 0.8867034316062927, -1, 1.0
388, 10334, 1480, 274, 89, 81, 0.7625637650489807, -1, 1.0
388, 10141, 1403, 310, 142, 122, 0.7528603076934814, -1, 1.0
389, 10349, 603, 534, 62, 59, 0.8868042826652527, -1, 1.0
389, 10334, 1480, 273, 89, 81, 0.7665524482727051, -1, 1.0
389, 10141, 1403, 311, 141, 121, 0.7559598088264465, -1, 1.0
390, 10349, 603, 534, 62, 58, 0.8870173096656799, -1, 1.0
390, 10334, 1480, 275, 89, 80, 0.7655529975891113, -1, 1.0
390, 10141, 1404, 310, 141, 121, 0.7565898299217224, -1, 1.0
391, 10349, 603, 534, 61, 58, 0.8885155916213989, -1, 1.0
391, 10334, 1480, 275, 89, 80, 0.7714963555335999, -1, 1.0
391, 10141, 1404, 310, 140, 121, 0.7570107579231262, -1, 1.0
392, 10349, 603, 534, 61, 58, 0.8902649879455566, -1, 1.0
392, 10334, 1480, 275, 89, 79, 0.7617033123970032, -1, 1.0
392, 10141, 1404, 310, 140, 121, 0.7615135908126831, -1, 1.0
393, 10349, 603, 534, 61, 58, 0.8837463855743408, -1, 1.0
393, 10334, 1480, 274, 89, 80, 0.7615516781806946, -1, 1.0
393, 10141, 1404, 308, 141, 122, 0.7606648802757263, -1, 1.0
394, 10349, 603, 534, 61, 58, 0.8848652839660645, -1, 1.0
394, 10334, 1480, 274, 89, 79, 0.7618051171302795, -1, 1.0
394, 10141, 1403, 310, 140, 121, 0.7591999173164368, -1, 1.0
395, 10349, 603, 534, 61, 58, 0.8846130967140198, -1, 1.0
395, 10334, 1480, 275, 89, 79, 0.7684380412101746, -1, 1.0
395, 10141, 1402, 311, 139, 121, 0.761570155620575, -1, 1.0
396, 10349, 603, 534, 62, 58, 0.8769737482070923, -1, 1.0
396, 10334, 1480, 277, 89, 78, 0.7743244767189026, -1, 1.0
396, 10141, 1403, 309, 140, 122, 0.7605214715003967, -1, 1.0
397, 10349, 603, 534, 62, 58, 0.8932531476020813, -1, 1.0
397, 10334, 1480, 278, 89, 77, 0.8130503296852112, -1, 1.0
397, 10141, 1400, 311, 137, 122, 0.7552081346511841, -1, 1.0
398, 10349, 603, 534, 62, 58, 0.90681391954422, -1, 1.0
398, 10334, 1480, 277, 89, 77, 0.8024984002113342, -1, 1.0
398, 10141, 1401, 314, 136, 120, 0.7548306584358215, -1, 1.0
399, 10349, 603, 534, 62, 58, 0.9126855731010436, -1, 1.0
399, 10334, 1480, 276, 88, 77, 0.7536603808403015, -1, 1.0
399, 10141, 1402, 313, 137, 121, 0.7443994879722595, -1, 1.0
400, 10349, 603, 534, 62, 58, 0.9099698662757874, -1, 1.0
400, 10334, 1480, 275, 88, 77, 0.7565262317657471, -1, 1.0
400, 10141, 1402, 312, 138, 122, 0.6729817986488342, -1, 1.0
401, 10349, 602, 534, 62, 58, 0.9205731749534608, -1, 1.0
401, 10334, 1479, 274, 89, 78, 0.8328803181648254, -1, 1.0
401, 10141, 1401, 313, 138, 123, 0.7574567794799805, -1, 1.0
402, 10349, 603, 534, 62, 58, 0.9122834801673888, -1, 1.0
402, 10334, 1480, 274, 89, 78, 0.8059790134429932, -1, 1.0
402, 10141, 1400, 315, 138, 123, 0.755466878414154, -1, 1.0
403, 10349, 603, 534, 62, 58, 0.8458942174911499, -1, 1.0
403, 10334, 1478, 273, 90, 79, 0.7555549144744873, -1, 1.0
403, 10141, 1401, 314, 139, 125, 0.6842541098594666, -1, 1.0
404, 10349, 603, 534, 62, 58, 0.7661646604537964, -1, 1.0
404, 10334, 1477, 273, 91, 79, 0.7546449303627014, -1, 1.0
404, 10141, 1397, 319, 141, 124, 0.740154504776001, -1, 1.0
405, 10349, 602, 533, 62, 58, 0.926240086555481, -1, 1.0
405, 10334, 1477, 273, 90, 80, 0.7731675505638123, -1, 1.0
405, 10141, 1398, 317, 148, 127, 0.6223582625389099, -1, 1.0
406, 10349, 602, 533, 62, 58, 0.911163568496704, -1, 1.0
406, 10141, 1389, 325, 144, 125, 0.7755936980247498, -1, 1.0
407, 10349, 603, 533, 62, 58, 0.5199741125106812, -1, 1.0
408, 10349, 603, 533, 61, 58, 0.7479041218757629, -1, 1.0
409, 10349, 597, 533, 65, 58, 0.7823076248168945, -1, 1.0
409, 10334, 1470, 278, 96, 83, 0.7464914321899414, -1, 1.0
409, 10141, 1376, 329, 151, 132, 0.5486692190170288, -1, 1.0
410, 10349, 595, 533, 67, 59, 0.7488096356391907, -1, 1.0
410, 10334, 1467, 277, 99, 83, 0.7477771043777466, -1, 1.0
410, 10141, 1372, 331, 152, 135, 0.5475741624832153, -1, 1.0
411, 10349, 595, 533, 67, 59, 0.9307668805122375, -1, 1.0
411, 10334, 1467, 274, 101, 86, 0.7507733702659607, -1, 1.0
411, 10141, 1367, 336, 153, 136, 0.667499303817749, -1, 1.0
412, 10349, 594, 533, 69, 59, 0.9264737367630004, -1, 1.0
412, 10334, 1465, 275, 103, 88, 0.7957334518432617, -1, 1.0
412, 10141, 1361, 342, 153, 138, 0.7460782527923584, -1, 1.0
413, 10349, 594, 533, 69, 59, 0.9301387667655944, -1, 1.0
413, 10334, 1464, 274, 104, 90, 0.8052265644073486, -1, 1.0
413, 10141, 1355, 346, 155, 141, 0.7444626688957214, -1, 1.0
414, 10349, 594, 533, 70, 59, 0.9481839537620544, -1, 1.0
414, 10334, 1465, 273, 105, 92, 0.7744672298431396, -1, 1.0
414, 10141, 1348, 348, 158, 145, 0.7420197129249573, -1, 1.0
415, 10349, 598, 533, 67, 59, 0.931856334209442, -1, 1.0
415, 10334, 1465, 275, 105, 92, 0.8767588138580322, -1, 1.0
415, 10141, 1340, 353, 161, 148, 0.7549578547477722, -1, 1.0
416, 10349, 600, 534, 66, 58, 0.9346548914909364, -1, 1.0
416, 10334, 1465, 275, 106, 95, 0.8830784559249878, -1, 1.0
416, 10141, 1333, 358, 164, 151, 0.7574799060821533, -1, 1.0
417, 10349, 601, 534, 65, 58, 0.9509307742118835, -1, 1.0
417, 10334, 1465, 279, 106, 95, 0.920985460281372, -1, 1.0
417, 10141, 1325, 364, 167, 154, 0.756744921207428, -1, 1.0
418, 10349, 601, 534, 64, 58, 0.9509043097496032, -1, 1.0
418, 10334, 1464, 279, 106, 98, 0.9242350459098816, -1, 1.0
418, 10141, 1316, 369, 170, 156, 0.7597474455833435, -1, 1.0
419, 10349, 602, 534, 63, 58, 0.9243864417076112, -1, 1.0
419, 10334, 1464, 278, 106, 100, 0.7618131041526794, -1, 1.0
419, 10141, 1307, 373, 175, 158, 0.5144475698471069, -1, 1.0
420, 10349, 602, 534, 62, 58, 0.8894190192222595, -1, 1.0
420, 10334, 1463, 277, 108, 102, 0.7619248032569885, -1, 1.0
420, 10141, 1298, 377, 179, 160, 0.5158923864364624, -1, 1.0
421, 10349, 603, 534, 62, 58, 0.937541663646698, -1, 1.0
421, 10334, 1462, 277, 109, 103, 0.9000999331474304, -1, 1.0
421, 10141, 1287, 382, 183, 162, 0.755981981754303, -1, 1.0
422, 10349, 603, 534, 61, 58, 0.9498750567436218, -1, 1.0
422, 10334, 1461, 278, 110, 104, 0.9132296442985536, -1, 1.0
422, 10141, 1278, 388, 188, 164, 0.760831356048584, -1, 1.0
423, 10349, 603, 534, 61, 57, 0.9548473358154296, -1, 1.0
423, 10334, 1458, 280, 111, 106, 0.9171522855758668, -1, 1.0
423, 10141, 1268, 394, 192, 166, 0.7618206143379211, -1, 1.0
424, 10349, 603, 534, 61, 57, 0.9516671299934388, -1, 1.0
424, 10334, 1457, 280, 112, 107, 0.9167278409004213, -1, 1.0
424, 10141, 1260, 398, 196, 170, 0.760552704334259, -1, 1.0
425, 10349, 603, 534, 61, 57, 0.944201409816742, -1, 1.0
425, 10334, 1455, 281, 113, 109, 0.9092664122581482, -1, 1.0
425, 10141, 1253, 401, 201, 176, 0.7600612044334412, -1, 1.0
426, 10349, 603, 534, 61, 57, 0.9147475957870485, -1, 1.0
426, 10334, 1453, 283, 115, 110, 0.7576777338981628, -1, 1.0
426, 10141, 1248, 403, 205, 182, 0.5531601905822754, -1, 1.0
427, 10379, 567, 542, 75, 51, 0.9456248879432678, -1, 1.0
427, 10349, 603, 534, 61, 58, 0.942462682723999, -1, 1.0
427, 10334, 1451, 286, 116, 112, 0.7491465210914612, -1, 1.0
427, 10141, 1245, 406, 210, 190, 0.547187864780426, -1, 1.0
428, 10379, 567, 541, 76, 52, 0.9446607232093812, -1, 1.0
428, 10349, 603, 534, 61, 58, 0.9436591267585754, -1, 1.0
428, 10334, 1449, 289, 118, 113, 0.7496321201324463, -1, 1.0
428, 10141, 1244, 410, 215, 198, 0.5458414554595947, -1, 1.0
429, 10379, 567, 541, 76, 52, 0.9328230619430542, -1, 1.0
429, 10349, 603, 534, 61, 58, 0.8967208862304688, -1, 1.0
429, 10334, 1446, 288, 121, 116, 0.7541168928146362, -1, 1.0
429, 10141, 1245, 413, 225, 206, 0.5570166707038879, -1, 1.0
430, 10379, 567, 541, 77, 52, 0.93910151720047, -1, 1.0
430, 10349, 603, 534, 61, 58, 0.8920773863792419, -1, 1.0
430, 10334, 1443, 288, 123, 118, 0.7532719373703003, -1, 1.0
430, 10141, 1247, 414, 239, 218, 0.5538997650146484, -1, 1.0
431, 10379, 567, 540, 77, 53, 0.9421617984771729, -1, 1.0
431, 10349, 603, 534, 61, 58, 0.8995720148086548, -1, 1.0
431, 10334, 1441, 289, 126, 121, 0.7522465586662292, -1, 1.0
431, 10141, 1250, 415, 257, 231, 0.5465047359466553, -1, 1.0
432, 10379, 567, 540, 77, 53, 0.923348605632782, -1, 1.0
432, 10349, 603, 534, 61, 58, 0.8996390700340271, -1, 1.0
432, 10334, 1437, 289, 128, 125, 0.7529202103614807, -1, 1.0
432, 10141, 1257, 416, 277, 246, 0.5495182275772095, -1, 1.0
433, 10379, 567, 542, 77, 52, 0.9357123374938964, -1, 1.0
433, 10349, 603, 534, 61, 58, 0.8788750767707825, -1, 1.0
433, 10334, 1433, 289, 132, 127, 0.7710656523704529, -1, 1.0
433, 10141, 1266, 418, 298, 264, 0.5888301730155945, -1, 1.0
434, 10379, 568, 543, 76, 51, 0.922194242477417, -1, 1.0
434, 10349, 603, 534, 61, 58, 0.8619379997253418, -1, 1.0
434, 10334, 1429, 288, 135, 129, 0.7711400389671326, -1, 1.0
434, 10141, 1270, 426, 311, 281, 0.5877301096916199, -1, 1.0
435, 10349, 603, 535, 61, 57, 0.8838731646537781, -1, 1.0
435, 10334, 1425, 288, 139, 129, 0.7751001119613647, -1, 1.0
435, 10141, 1272, 436, 318, 298, 0.7604259252548218, -1, 1.0
436, 10349, 603, 535, 61, 57, 0.8108812570571899, -1, 1.0
436, 10141, 1272, 443, 324, 319, 0.7761961817741394, -1, 1.0
437, 10349, 603, 535, 61, 57, 0.7745497822761536, -1, 1.0
438, 10349, 603, 535, 61, 57, 0.7776550650596619, -1, 1.0
438, 10334, 1416, 297, 148, 131, 0.7094655632972717, -1, 1.0
439, 10349, 603, 535, 61, 57, 0.9034051299095154, -1, 1.0
439, 10334, 1411, 302, 152, 134, 0.7766343951225281, -1, 1.0
440, 10349, 603, 535, 61, 57, 0.8037853240966797, -1, 1.0
440, 10334, 1407, 307, 157, 142, 0.7765278220176697, -1, 1.0
441, 10349, 603, 536, 61, 57, 0.8653059601783752, -1, 1.0
441, 10334, 1403, 311, 162, 154, 0.7792053818702698, -1, 1.0
442, 10349, 603, 536, 61, 57, 0.9245637059211732, -1, 1.0
442, 10334, 1399, 327, 164, 156, 0.7799984216690063, -1, 1.0
443, 10379, 568, 542, 78, 51, 0.9396364092826844, -1, 1.0
443, 10349, 603, 536, 61, 56, 0.7820670008659363, -1, 1.0
443, 10334, 1395, 341, 167, 155, 0.538743793964386, -1, 1.0
444, 10379, 568, 542, 78, 51, 0.9482182264328004, -1, 1.0
444, 10349, 603, 536, 61, 56, 0.7834683060646057, -1, 1.0
444, 10334, 1393, 348, 170, 156, 0.5950981974601746, -1, 1.0
445, 10349, 603, 535, 61, 56, 0.7720634341239929, -1, 1.0
445, 10334, 1393, 359, 172, 154, 0.660765528678894, -1, 1.0
446, 10349, 603, 535, 61, 56, 0.8420286178588867, -1, 1.0
446, 10334, 1393, 366, 175, 153, 0.7739014625549316, -1, 1.0
447, 10349, 603, 535, 61, 56, 0.7712560296058655, -1, 1.0
447, 10334, 1397, 371, 178, 155, 0.7488781213760376, -1, 1.0
448, 10349, 603, 535, 61, 56, 0.7702552676200867, -1, 1.0
448, 10334, 1399, 375, 185, 159, 0.6657205820083618, -1, 1.0
449, 10349, 603, 535, 61, 56, 0.7735263109207153, -1, 1.0
449, 10334, 1401, 377, 190, 162, 0.6742627024650574, -1, 1.0
450, 10349, 604, 535, 61, 56, 0.9219359159469604, -1, 1.0
450, 10334, 1401, 382, 193, 166, 0.7763816714286804, -1, 1.0
451, 10349, 604, 535, 60, 56, 0.9438888430595398, -1, 1.0
451, 10334, 1402, 381, 195, 173, 0.7772314548492432, -1, 1.0
452, 10349, 604, 535, 60, 56, 0.9321348667144777, -1, 1.0
452, 10334, 1405, 379, 194, 184, 0.77733314037323, -1, 1.0
453, 10349, 604, 535, 60, 56, 0.8934516906738281, -1, 1.0
453, 10334, 1411, 377, 188, 195, 0.7766510248184204, -1, 1.0
454, 10349, 604, 535, 60, 56, 0.8496320247650146, -1, 1.0
454, 10334, 1419, 378, 180, 205, 0.776655375957489, -1, 1.0
