1, 10002, 1454, 330, 249, 177, 0.8855561017990112, -1, 1.0
2, 10002, 1454, 330, 248, 176, 0.8742601871490479, -1, 1.0
3, 10002, 1454, 330, 249, 176, 0.8604322075843811, -1, 1.0
4, 10002, 1453, 330, 249, 176, 0.8612484335899353, -1, 1.0
5, 10002, 1454, 329, 248, 176, 0.8380337357521057, -1, 1.0
6, 10002, 1454, 329, 248, 176, 0.7971644997596741, -1, 1.0
7, 10002, 1454, 329, 248, 176, 0.8254624009132385, -1, 1.0
8, 10002, 1454, 329, 248, 176, 0.8141714334487915, -1, 1.0
9, 10002, 1454, 329, 249, 176, 0.8121860027313232, -1, 1.0
10, 10002, 1454, 329, 248, 176, 0.7762137055397034, -1, 1.0
11, 10002, 1454, 329, 249, 176, 0.6914005875587463, -1, 1.0
12, 10002, 1453, 329, 249, 176, 0.79856938123703, -1, 1.0
13, 10002, 1453, 329, 249, 176, 0.806656002998352, -1, 1.0
14, 10067, 1115, 101, 308, 163, 0.8624603152275085, -1, 1.0
14, 10002, 1453, 329, 249, 176, 0.5961582064628601, -1, 1.0
15, 10067, 1093, 100, 312, 163, 0.965951442718506, -1, 1.0
15, 10002, 1453, 328, 249, 176, 0.825185239315033, -1, 1.0
16, 10067, 1067, 101, 316, 163, 0.966421604156494, -1, 1.0
16, 10002, 1453, 328, 249, 176, 0.8237599730491638, -1, 1.0
17, 10067, 1049, 100, 316, 162, 0.9662224650382996, -1, 1.0
17, 10002, 1453, 328, 249, 176, 0.8121940493583679, -1, 1.0
18, 10067, 1026, 99, 317, 161, 0.9661979675292968, -1, 1.0
18, 10002, 1453, 328, 249, 177, 0.8297532796859741, -1, 1.0
19, 10067, 1006, 99, 317, 161, 0.9663060307502748, -1, 1.0
19, 10002, 1453, 328, 249, 177, 0.8233192563056946, -1, 1.0
20, 10067, 991, 99, 313, 161, 0.9662462472915648, -1, 1.0
20, 10002, 1453, 328, 249, 177, 0.8240614533424377, -1, 1.0
21, 10067, 967, 97, 314, 161, 0.9670457243919371, -1, 1.0
21, 10002, 1454, 328, 249, 177, 0.8451126217842102, -1, 1.0
22, 10067, 952, 94, 309, 158, 0.9666929841041564, -1, 1.0
22, 10002, 1454, 328, 249, 177, 0.8308995962142944, -1, 1.0
23, 10067, 925, 93, 309, 155, 0.9676121473312378, -1, 1.0
23, 10002, 1454, 328, 249, 177, 0.779782772064209, -1, 1.0
24, 10067, 902, 94, 310, 154, 0.9666664004325868, -1, 1.0
24, 10002, 1453, 328, 249, 177, 0.8211407661437988, -1, 1.0
25, 10067, 887, 94, 304, 154, 0.9647824764251708, -1, 1.0
25, 10002, 1453, 328, 249, 177, 0.8231185674667358, -1, 1.0
26, 10067, 870, 92, 298, 153, 0.8681229948997498, -1, 1.0
26, 10002, 1453, 328, 249, 176, 0.8209986686706543, -1, 1.0
27, 10067, 841, 90, 299, 153, 0.8400185704231262, -1, 1.0
27, 10002, 1453, 328, 249, 176, 0.6880847811698914, -1, 1.0
28, 10067, 867, 90, 269, 151, 0.918701946735382, -1, 1.0
28, 10002, 1452, 329, 248, 175, 0.6936599612236023, -1, 1.0
29, 10067, 824, 91, 273, 150, 0.8552465438842773, -1, 1.0
29, 10081, 1664, 241, 142, 109, 0.850273609161377, -1, 1.0
29, 10002, 1451, 329, 246, 176, 0.7785006761550903, -1, 1.0
30, 10083, 1481, 357, 401, 373, 0.9159581065177916, -1, 1.0
30, 10081, 1665, 241, 141, 109, 0.8364856243133545, -1, 1.0
31, 10083, 1441, 335, 410, 373, 0.9329044818878174, -1, 1.0
31, 10081, 1668, 240, 139, 108, 0.8300755023956299, -1, 1.0
32, 10083, 1403, 319, 409, 369, 0.9450838565826416, -1, 1.0
32, 10067, 782, 92, 249, 150, 0.8512571454048157, -1, 1.0
32, 10081, 1670, 239, 137, 106, 0.5889731645584106, -1, 1.0
33, 10083, 1366, 312, 405, 362, 0.9409480094909668, -1, 1.0
33, 10081, 1669, 238, 138, 105, 0.8413656949996948, -1, 1.0
34, 10083, 1335, 310, 395, 351, 0.9364866018295288, -1, 1.0
34, 10081, 1669, 240, 136, 106, 0.8379243612289429, -1, 1.0
35, 10083, 1309, 309, 395, 338, 0.9449848532676696, -1, 1.0
35, 10081, 1670, 239, 136, 105, 0.8547288179397583, -1, 1.0
36, 10083, 1288, 308, 404, 326, 0.9358733296394348, -1, 1.0
36, 10081, 1671, 239, 136, 104, 0.8214561343193054, -1, 1.0
37, 10083, 1251, 315, 385, 308, 0.94162780046463, -1, 1.0
37, 10081, 1670, 239, 136, 104, 0.8583544492721558, -1, 1.0
38, 10083, 1225, 321, 369, 292, 0.9476310014724731, -1, 1.0
38, 10081, 1671, 239, 136, 104, 0.8565119504928589, -1, 1.0
38, 10002, 1481, 330, 225, 172, 0.7812356352806091, -1, 1.0
39, 10083, 1203, 320, 355, 279, 0.9188224077224731, -1, 1.0
39, 10081, 1671, 240, 136, 104, 0.90287983417511, -1, 1.0
39, 10002, 1483, 330, 222, 173, 0.8510950207710266, -1, 1.0
40, 10083, 1183, 321, 340, 266, 0.949356734752655, -1, 1.0
40, 10081, 1671, 239, 136, 104, 0.9426475167274476, -1, 1.0
40, 10002, 1478, 330, 224, 173, 0.8691548705101013, -1, 1.0
41, 10083, 1162, 319, 328, 255, 0.9480639100074768, -1, 1.0
41, 10081, 1671, 239, 136, 104, 0.9463865756988524, -1, 1.0
41, 10002, 1468, 330, 230, 174, 0.8492869138717651, -1, 1.0
42, 10083, 1145, 316, 315, 246, 0.959581196308136, -1, 1.0
42, 10081, 1671, 239, 136, 104, 0.9585822820663452, -1, 1.0
42, 10002, 1462, 329, 236, 176, 0.8521986603736877, -1, 1.0
43, 10083, 1127, 314, 304, 237, 0.9617055058479308, -1, 1.0
43, 10081, 1671, 239, 136, 104, 0.961282193660736, -1, 1.0
43, 10002, 1459, 328, 239, 176, 0.8521209955215454, -1, 1.0
44, 10083, 1111, 311, 295, 230, 0.9651271104812622, -1, 1.0
44, 10081, 1671, 239, 136, 103, 0.9594702124595642, -1, 1.0
44, 10002, 1456, 328, 242, 177, 0.8600706458091736, -1, 1.0
45, 10083, 1097, 308, 284, 222, 0.966403305530548, -1, 1.0
45, 10081, 1671, 239, 136, 103, 0.9584039449691772, -1, 1.0
45, 10002, 1455, 328, 244, 177, 0.8657858967781067, -1, 1.0
46, 10083, 1084, 305, 274, 216, 0.967166781425476, -1, 1.0
46, 10081, 1671, 239, 136, 103, 0.9636752605438232, -1, 1.0
46, 10002, 1454, 328, 246, 178, 0.8696720004081726, -1, 1.0
47, 10083, 1073, 301, 265, 210, 0.9670780301094056, -1, 1.0
47, 10081, 1671, 239, 137, 103, 0.9648229479789734, -1, 1.0
47, 10002, 1454, 328, 246, 178, 0.8597495555877686, -1, 1.0
48, 10083, 1064, 298, 255, 204, 0.9650590419769288, -1, 1.0
48, 10081, 1671, 240, 137, 103, 0.9580179452896118, -1, 1.0
48, 10002, 1454, 328, 247, 178, 0.8634803295135498, -1, 1.0
49, 10083, 1056, 294, 245, 199, 0.9665465354919434, -1, 1.0
49, 10081, 1671, 240, 137, 104, 0.9488627314567566, -1, 1.0
49, 10002, 1453, 328, 248, 178, 0.8621689081192017, -1, 1.0
50, 10083, 1049, 289, 237, 195, 0.9662657380104064, -1, 1.0
50, 10081, 1671, 240, 137, 104, 0.9336471557617188, -1, 1.0
50, 10002, 1453, 328, 248, 178, 0.8544776439666748, -1, 1.0
51, 10083, 1046, 285, 229, 190, 0.9644699692726136, -1, 1.0
51, 10081, 1670, 241, 136, 106, 0.9361608624458312, -1, 1.0
51, 10002, 1453, 327, 249, 178, 0.8511863350868225, -1, 1.0
52, 10083, 1043, 282, 222, 185, 0.964738428592682, -1, 1.0
52, 10081, 1670, 241, 136, 107, 0.9522209763526917, -1, 1.0
52, 10002, 1452, 327, 249, 178, 0.8525750637054443, -1, 1.0
53, 10083, 1043, 277, 214, 181, 0.9659539461135864, -1, 1.0
53, 10081, 1670, 241, 135, 108, 0.9403260350227356, -1, 1.0
53, 10002, 1453, 327, 250, 178, 0.854744017124176, -1, 1.0
54, 10083, 1044, 274, 207, 177, 0.9663745760917664, -1, 1.0
54, 10081, 1670, 241, 134, 109, 0.9334123134613036, -1, 1.0
54, 10002, 1453, 328, 250, 178, 0.8544031381607056, -1, 1.0
55, 10083, 1046, 269, 201, 174, 0.9656657576560974, -1, 1.0
55, 10081, 1670, 240, 134, 109, 0.9361580610275269, -1, 1.0
55, 10002, 1453, 328, 250, 178, 0.8487371206283569, -1, 1.0
56, 10083, 1048, 266, 197, 170, 0.9660022258758544, -1, 1.0
56, 10081, 1669, 241, 135, 110, 0.9278708100318908, -1, 1.0
56, 10002, 1453, 328, 250, 178, 0.8429533243179321, -1, 1.0
57, 10083, 1053, 262, 193, 167, 0.9649811387062072, -1, 1.0
57, 10081, 1669, 240, 135, 111, 0.927117645740509, -1, 1.0
57, 10002, 1453, 328, 250, 178, 0.8392602801322937, -1, 1.0
58, 10083, 1060, 260, 190, 164, 0.9645416140556335, -1, 1.0
58, 10081, 1668, 240, 136, 111, 0.9406726956367492, -1, 1.0
58, 10002, 1452, 328, 250, 178, 0.8500156402587891, -1, 1.0
59, 10083, 1068, 258, 187, 161, 0.9633241891860962, -1, 1.0
59, 10081, 1668, 240, 136, 111, 0.9444710612297058, -1, 1.0
59, 10002, 1453, 327, 250, 178, 0.8544214963912964, -1, 1.0
60, 10083, 1078, 256, 185, 157, 0.9646502137184144, -1, 1.0
60, 10081, 1668, 240, 136, 111, 0.943526566028595, -1, 1.0
60, 10002, 1453, 327, 250, 178, 0.8491144776344299, -1, 1.0
61, 10083, 1089, 256, 183, 153, 0.9650095701217652, -1, 1.0
61, 10081, 1668, 238, 137, 109, 0.9145817756652832, -1, 1.0
61, 10002, 1453, 327, 250, 178, 0.852505087852478, -1, 1.0
62, 10083, 1102, 254, 181, 150, 0.9638625979423524, -1, 1.0
62, 10081, 1669, 239, 136, 109, 0.9200729727745056, -1, 1.0
62, 10002, 1452, 328, 250, 178, 0.8556680083274841, -1, 1.0
63, 10083, 1114, 251, 182, 148, 0.9641867876052856, -1, 1.0
63, 10081, 1670, 239, 135, 109, 0.9280438423156738, -1, 1.0
63, 10002, 1453, 328, 250, 178, 0.8647951483726501, -1, 1.0
64, 10083, 1128, 248, 182, 147, 0.9639483094215392, -1, 1.0
64, 10081, 1669, 240, 135, 110, 0.9386422038078308, -1, 1.0
64, 10002, 1452, 328, 250, 178, 0.8622018694877625, -1, 1.0
65, 10083, 1144, 244, 182, 146, 0.9642347693443298, -1, 1.0
65, 10081, 1670, 240, 134, 110, 0.9298588037490844, -1, 1.0
65, 10002, 1453, 328, 250, 178, 0.8593782186508179, -1, 1.0
66, 10083, 1159, 241, 183, 144, 0.9650106430053712, -1, 1.0
66, 10081, 1670, 239, 134, 110, 0.9272556900978088, -1, 1.0
66, 10002, 1453, 328, 250, 178, 0.8630238175392151, -1, 1.0
67, 10083, 1176, 240, 182, 142, 0.9650105237960817, -1, 1.0
67, 10081, 1669, 239, 134, 110, 0.9331343173980712, -1, 1.0
67, 10002, 1452, 328, 250, 178, 0.8582000136375427, -1, 1.0
68, 10083, 1194, 236, 181, 140, 0.9645365476608276, -1, 1.0
68, 10081, 1669, 239, 135, 110, 0.9268589019775392, -1, 1.0
68, 10002, 1452, 328, 250, 178, 0.862828254699707, -1, 1.0
69, 10083, 1212, 235, 181, 137, 0.9650611877441406, -1, 1.0
69, 10081, 1668, 239, 135, 110, 0.9344899654388428, -1, 1.0
69, 10002, 1453, 328, 250, 178, 0.8603516221046448, -1, 1.0
70, 10083, 1230, 234, 181, 135, 0.9641737937927246, -1, 1.0
70, 10081, 1667, 239, 136, 110, 0.9248692989349364, -1, 1.0
70, 10002, 1453, 328, 250, 178, 0.8673521280288696, -1, 1.0
71, 10083, 1249, 233, 179, 133, 0.9644947052001952, -1, 1.0
71, 10081, 1667, 237, 136, 108, 0.9359149932861328, -1, 1.0
71, 10002, 1453, 328, 249, 178, 0.859454870223999, -1, 1.0
72, 10083, 1268, 232, 177, 132, 0.964661180973053, -1, 1.0
72, 10081, 1667, 237, 136, 107, 0.913427233695984, -1, 1.0
72, 10002, 1453, 328, 249, 177, 0.865984320640564, -1, 1.0
73, 10083, 1288, 230, 176, 130, 0.9654945731163024, -1, 1.0
73, 10081, 1668, 238, 136, 106, 0.9127820730209352, -1, 1.0
73, 10002, 1453, 328, 249, 177, 0.8680777549743652, -1, 1.0
74, 10083, 1306, 230, 173, 127, 0.963845670223236, -1, 1.0
74, 10081, 1669, 238, 135, 105, 0.9149083495140076, -1, 1.0
74, 10002, 1454, 328, 249, 177, 0.8667024970054626, -1, 1.0
75, 10083, 1323, 230, 170, 126, 0.963711440563202, -1, 1.0
75, 10081, 1669, 239, 135, 104, 0.9054434895515442, -1, 1.0
75, 10002, 1454, 328, 248, 177, 0.8718063831329346, -1, 1.0
76, 10083, 1340, 228, 167, 124, 0.960759460926056, -1, 1.0
76, 10081, 1670, 239, 134, 103, 0.8967974185943604, -1, 1.0
76, 10002, 1454, 328, 248, 177, 0.8610209226608276, -1, 1.0
77, 10083, 1356, 229, 164, 121, 0.9587765336036682, -1, 1.0
77, 10081, 1671, 239, 134, 103, 0.8883588910102844, -1, 1.0
77, 10002, 1454, 328, 248, 177, 0.8600238561630249, -1, 1.0
78, 10083, 1371, 228, 158, 118, 0.9575311541557312, -1, 1.0
78, 10081, 1670, 239, 134, 102, 0.8638074994087219, -1, 1.0
78, 10002, 1454, 329, 248, 176, 0.854556679725647, -1, 1.0
79, 10083, 1386, 228, 150, 116, 0.9557273387908936, -1, 1.0
79, 10081, 1669, 239, 135, 102, 0.8675113320350647, -1, 1.0
79, 10002, 1454, 329, 248, 175, 0.861417829990387, -1, 1.0
80, 10083, 1402, 227, 144, 113, 0.9564700722694396, -1, 1.0
80, 10081, 1669, 239, 135, 102, 0.8636757731437683, -1, 1.0
80, 10002, 1454, 330, 248, 175, 0.8351458311080933, -1, 1.0
81, 10083, 1420, 226, 136, 109, 0.9542666673660278, -1, 1.0
81, 10081, 1668, 239, 135, 102, 0.8662176132202148, -1, 1.0
81, 10002, 1453, 331, 248, 174, 0.8601489663124084, -1, 1.0
82, 10083, 1434, 226, 130, 106, 0.9561728835105896, -1, 1.0
82, 10081, 1669, 239, 135, 102, 0.8672546148300171, -1, 1.0
82, 10002, 1451, 330, 250, 175, 0.8101681470870972, -1, 1.0
83, 10083, 1448, 228, 123, 102, 0.9581546187400818, -1, 1.0
83, 10081, 1669, 239, 135, 102, 0.8516938090324402, -1, 1.0
83, 10002, 1452, 330, 249, 175, 0.7075464129447937, -1, 1.0
84, 10081, 1670, 239, 135, 102, 0.9622511267662048, -1, 1.0
84, 10002, 1453, 329, 249, 175, 0.8600099086761475, -1, 1.0
85, 10081, 1670, 239, 135, 102, 0.9633545279502868, -1, 1.0
85, 10002, 1453, 329, 249, 176, 0.8673781752586365, -1, 1.0
86, 10081, 1670, 239, 135, 102, 0.9637580513954164, -1, 1.0
86, 10002, 1453, 328, 249, 176, 0.8707520961761475, -1, 1.0
87, 10133, 849, 154, 195, 90, 0.9661223888397216, -1, 1.0
87, 10081, 1670, 239, 135, 102, 0.860478401184082, -1, 1.0
87, 10002, 1453, 328, 249, 177, 0.6158480644226074, -1, 1.0
88, 10133, 897, 162, 188, 87, 0.9655486941337584, -1, 1.0
88, 10081, 1671, 239, 134, 102, 0.8717738389968872, -1, 1.0
88, 10002, 1453, 327, 249, 177, 0.8580500483512878, -1, 1.0
89, 10133, 930, 164, 189, 85, 0.9664651155471802, -1, 1.0
89, 10081, 1671, 239, 134, 102, 0.8761970400810242, -1, 1.0
89, 10002, 1453, 327, 249, 178, 0.8753962516784668, -1, 1.0
90, 10133, 970, 165, 189, 81, 0.9671672582626344, -1, 1.0
90, 10081, 1671, 239, 133, 102, 0.8756130933761597, -1, 1.0
90, 10002, 1453, 327, 249, 178, 0.8716975450515747, -1, 1.0
91, 10133, 1006, 165, 193, 80, 0.9662675261497498, -1, 1.0
91, 10081, 1673, 240, 132, 102, 0.8739299774169922, -1, 1.0
91, 10002, 1453, 328, 249, 177, 0.8499670624732971, -1, 1.0
92, 10133, 1043, 166, 190, 78, 0.965760350227356, -1, 1.0
92, 10081, 1673, 240, 132, 102, 0.8572247624397278, -1, 1.0
92, 10002, 1453, 328, 249, 177, 0.8520514965057373, -1, 1.0
93, 10133, 1086, 167, 193, 77, 0.96646910905838, -1, 1.0
93, 10081, 1674, 240, 131, 102, 0.8567629456520081, -1, 1.0
93, 10002, 1453, 328, 249, 177, 0.8566065430641174, -1, 1.0
94, 10133, 1128, 166, 193, 76, 0.9663890600204468, -1, 1.0
94, 10081, 1675, 240, 130, 102, 0.8517428040504456, -1, 1.0
94, 10002, 1453, 328, 249, 177, 0.8503250479698181, -1, 1.0
95, 10133, 1160, 168, 179, 72, 0.965832769870758, -1, 1.0
95, 10081, 1675, 240, 129, 102, 0.8396739363670349, -1, 1.0
95, 10002, 1453, 328, 249, 177, 0.8155125975608826, -1, 1.0
96, 10133, 1213, 164, 185, 73, 0.9656484127044678, -1, 1.0
96, 10081, 1675, 240, 129, 102, 0.8582932353019714, -1, 1.0
96, 10002, 1453, 328, 249, 177, 0.8482775092124939, -1, 1.0
97, 10133, 1262, 166, 193, 73, 0.9641594886779784, -1, 1.0
97, 10081, 1676, 241, 128, 102, 0.8810051679611206, -1, 1.0
97, 10002, 1453, 328, 249, 177, 0.7388637661933899, -1, 1.0
98, 10133, 1305, 166, 194, 73, 0.964302122592926, -1, 1.0
98, 10081, 1675, 241, 129, 102, 0.8758971691131592, -1, 1.0
98, 10002, 1453, 328, 249, 177, 0.7446162700653076, -1, 1.0
99, 10133, 1346, 165, 191, 74, 0.9645275473594666, -1, 1.0
99, 10081, 1674, 240, 129, 102, 0.8784621357917786, -1, 1.0
99, 10002, 1453, 328, 249, 177, 0.840637743473053, -1, 1.0
100, 10133, 1382, 155, 181, 79, 0.965209424495697, -1, 1.0
100, 10081, 1675, 240, 129, 103, 0.8553577661514282, -1, 1.0
100, 10002, 1453, 328, 249, 177, 0.7362220883369446, -1, 1.0
101, 10133, 1439, 144, 197, 88, 0.9646820425987244, -1, 1.0
101, 10081, 1675, 241, 130, 103, 0.885134220123291, -1, 1.0
101, 10002, 1453, 328, 249, 177, 0.6784633994102478, -1, 1.0
102, 10081, 1675, 240, 129, 103, 0.9650519490242004, -1, 1.0
102, 10002, 1453, 328, 249, 177, 0.8556938171386719, -1, 1.0
103, 10081, 1674, 237, 131, 104, 0.9656798839569092, -1, 1.0
103, 10002, 1453, 328, 249, 177, 0.8436509370803833, -1, 1.0
104, 10081, 1672, 240, 132, 106, 0.9660232663154602, -1, 1.0
104, 10002, 1453, 328, 249, 177, 0.8459693789482117, -1, 1.0
105, 10081, 1670, 199, 169, 135, 0.9647499322891236, -1, 1.0
105, 10002, 1453, 328, 249, 177, 0.6101635694503784, -1, 1.0
106, 10002, 1454, 328, 249, 177, 0.9656651020050048, -1, 1.0
107, 10002, 1453, 328, 249, 177, 0.9666149020195008, -1, 1.0
108, 10081, 1668, 232, 147, 121, 0.9662997126579284, -1, 1.0
108, 10002, 1453, 328, 249, 177, 0.8272234201431274, -1, 1.0
109, 10081, 1668, 234, 143, 116, 0.9655358195304872, -1, 1.0
109, 10002, 1454, 328, 249, 177, 0.8730893135070801, -1, 1.0
110, 10081, 1668, 235, 141, 112, 0.9654517769813538, -1, 1.0
110, 10002, 1453, 328, 249, 177, 0.8524335026741028, -1, 1.0
111, 10081, 1669, 236, 139, 110, 0.9653024673461914, -1, 1.0
111, 10002, 1453, 328, 249, 177, 0.8618200421333313, -1, 1.0
112, 10081, 1670, 237, 138, 108, 0.965445041656494, -1, 1.0
112, 10002, 1453, 328, 249, 177, 0.848909854888916, -1, 1.0
113, 10152, 1371, 190, 96, 75, 0.8559082746505737, -1, 1.0
113, 10081, 1670, 238, 137, 107, 0.7352054715156555, -1, 1.0
113, 10002, 1453, 327, 249, 177, 0.5170374512672424, -1, 1.0
114, 10154, 907, 182, 137, 92, 0.96482652425766, -1, 1.0
114, 10152, 1362, 189, 100, 72, 0.8476613759994507, -1, 1.0
114, 10081, 1670, 238, 136, 105, 0.7784668207168579, -1, 1.0
114, 10002, 1453, 327, 249, 177, 0.7666620016098022, -1, 1.0
115, 10154, 926, 181, 137, 94, 0.9653360247612, -1, 1.0
115, 10081, 1671, 239, 135, 105, 0.8552461862564087, -1, 1.0
115, 10002, 1453, 327, 249, 177, 0.7835472226142883, -1, 1.0
116, 10154, 949, 180, 135, 96, 0.8654965162277222, -1, 1.0
116, 10081, 1672, 239, 134, 104, 0.7698942422866821, -1, 1.0
116, 10002, 1453, 327, 249, 177, 0.7179890871047974, -1, 1.0
117, 10154, 978, 182, 130, 97, 0.8778316974639893, -1, 1.0
117, 10152, 1307, 186, 95, 68, 0.8705046772956848, -1, 1.0
117, 10081, 1672, 239, 134, 104, 0.7789443731307983, -1, 1.0
117, 10002, 1453, 328, 249, 177, 0.7077947854995728, -1, 1.0
118, 10157, 1315, 176, 101, 81, 0.9644082188606262, -1, 1.0
118, 10154, 1004, 181, 125, 99, 0.8766831755638123, -1, 1.0
118, 10152, 1284, 182, 110, 74, 0.8474822640419006, -1, 1.0
118, 10081, 1672, 239, 133, 104, 0.7293985486030579, -1, 1.0
118, 10002, 1453, 328, 249, 177, 0.6256362199783325, -1, 1.0
119, 10157, 1288, 177, 103, 81, 0.9650208950042723, -1, 1.0
119, 10154, 1009, 179, 136, 103, 0.8808281421661377, -1, 1.0
119, 10152, 1256, 178, 120, 78, 0.8757162094116211, -1, 1.0
119, 10081, 1671, 239, 134, 104, 0.7388741374015808, -1, 1.0
119, 10002, 1453, 328, 249, 176, 0.7169886231422424, -1, 1.0
120, 10157, 1258, 174, 107, 82, 0.9655427932739258, -1, 1.0
120, 10154, 1019, 180, 147, 109, 0.8815300464630127, -1, 1.0
120, 10152, 1229, 176, 127, 80, 0.8784643411636353, -1, 1.0
120, 10081, 1672, 239, 134, 104, 0.8211036324501038, -1, 1.0
120, 10002, 1453, 328, 249, 176, 0.5529711842536926, -1, 1.0
121, 10157, 1242, 174, 103, 82, 0.9655326008796692, -1, 1.0
121, 10154, 1034, 179, 152, 113, 0.8772231936454773, -1, 1.0
121, 10152, 1205, 176, 129, 82, 0.8554418087005615, -1, 1.0
121, 10081, 1671, 239, 134, 103, 0.7742661237716675, -1, 1.0
121, 10002, 1454, 328, 249, 176, 0.7484284043312073, -1, 1.0
122, 10157, 1212, 172, 105, 82, 0.965797245502472, -1, 1.0
122, 10154, 1059, 178, 151, 113, 0.893515944480896, -1, 1.0
122, 10081, 1671, 239, 134, 103, 0.8770545721054077, -1, 1.0
122, 10002, 1453, 328, 249, 176, 0.8417479395866394, -1, 1.0
123, 10157, 1183, 172, 108, 83, 0.9656251668930054, -1, 1.0
123, 10154, 1074, 175, 154, 115, 0.8794541358947754, -1, 1.0
123, 10081, 1671, 239, 134, 103, 0.7551698684692383, -1, 1.0
123, 10002, 1453, 328, 249, 177, 0.7434776425361633, -1, 1.0
124, 10157, 1143, 170, 119, 87, 0.9651965498924256, -1, 1.0
124, 10154, 1082, 171, 165, 118, 0.8624072074890137, -1, 1.0
124, 10152, 1109, 184, 126, 93, 0.8453524112701416, -1, 1.0
124, 10081, 1671, 239, 134, 103, 0.6965577602386475, -1, 1.0
124, 10002, 1453, 328, 249, 177, 0.6191747188568115, -1, 1.0
125, 10154, 1087, 169, 172, 121, 0.965125322341919, -1, 1.0
125, 10081, 1672, 239, 133, 103, 0.920196294784546, -1, 1.0
125, 10002, 1453, 328, 249, 177, 0.8588927388191223, -1, 1.0
126, 10154, 1083, 166, 186, 124, 0.9647865891456604, -1, 1.0
126, 10081, 1672, 239, 133, 103, 0.9143418073654176, -1, 1.0
126, 10002, 1453, 328, 249, 177, 0.8671437501907349, -1, 1.0
127, 10168, 1130, 170, 153, 122, 0.9647891521453856, -1, 1.0
127, 10081, 1673, 240, 133, 103, 0.8685312271118164, -1, 1.0
127, 10002, 1453, 328, 249, 177, 0.8315922021865845, -1, 1.0
128, 10157, 1017, 157, 143, 87, 0.9642156958580016, -1, 1.0
128, 10081, 1673, 240, 132, 102, 0.8636122941970825, -1, 1.0
128, 10002, 1453, 327, 249, 177, 0.8544842600822449, -1, 1.0
129, 10157, 985, 158, 145, 88, 0.9644016027450562, -1, 1.0
129, 10154, 1150, 175, 171, 122, 0.8974100947380066, -1, 1.0
129, 10081, 1677, 242, 129, 102, 0.8846673965454102, -1, 1.0
129, 10002, 1453, 327, 249, 177, 0.8185465335845947, -1, 1.0
130, 10157, 956, 157, 146, 87, 0.964718759059906, -1, 1.0
130, 10154, 1156, 176, 171, 123, 0.9080020785331726, -1, 1.0
130, 10081, 1678, 242, 127, 101, 0.8488588333129883, -1, 1.0
130, 10002, 1453, 328, 249, 177, 0.8133018016815186, -1, 1.0
131, 10157, 927, 156, 148, 88, 0.9647645950317384, -1, 1.0
131, 10154, 1164, 178, 172, 123, 0.8786358833312988, -1, 1.0
131, 10081, 1679, 241, 127, 100, 0.8137326836585999, -1, 1.0
131, 10002, 1453, 328, 249, 177, 0.8064743280410767, -1, 1.0
132, 10157, 903, 154, 147, 90, 0.9657774567604064, -1, 1.0
132, 10154, 1173, 179, 171, 123, 0.906022310256958, -1, 1.0
132, 10081, 1677, 242, 127, 102, 0.8549312949180603, -1, 1.0
132, 10002, 1453, 328, 249, 177, 0.8330890536308289, -1, 1.0
133, 10157, 877, 151, 146, 94, 0.9631527662277222, -1, 1.0
133, 10154, 1184, 179, 168, 122, 0.951752543449402, -1, 1.0
133, 10081, 1678, 241, 126, 101, 0.8691533803939819, -1, 1.0
133, 10002, 1453, 328, 249, 177, 0.7913371920585632, -1, 1.0
134, 10157, 852, 150, 144, 93, 0.9639880657196044, -1, 1.0
134, 10154, 1192, 180, 165, 122, 0.9281128644943236, -1, 1.0
134, 10081, 1679, 242, 125, 100, 0.8756129741668701, -1, 1.0
134, 10002, 1453, 328, 249, 177, 0.7992507815361023, -1, 1.0
135, 10157, 826, 146, 142, 94, 0.9640059471130372, -1, 1.0
135, 10154, 1200, 181, 163, 122, 0.9001826643943787, -1, 1.0
135, 10081, 1679, 241, 126, 100, 0.8821948170661926, -1, 1.0
135, 10002, 1453, 328, 249, 177, 0.5149915814399719, -1, 1.0
136, 10154, 1204, 180, 160, 123, 0.963454008102417, -1, 1.0
136, 10081, 1678, 241, 126, 100, 0.941023051738739, -1, 1.0
136, 10002, 1453, 328, 249, 177, 0.8607234954833984, -1, 1.0
137, 10154, 1208, 181, 158, 124, 0.9633757472038268, -1, 1.0
137, 10081, 1677, 241, 127, 101, 0.9236038327217102, -1, 1.0
137, 10002, 1454, 328, 249, 177, 0.8614827990531921, -1, 1.0
138, 10154, 1210, 182, 155, 125, 0.9187251925468444, -1, 1.0
138, 10081, 1676, 240, 128, 101, 0.8515415191650391, -1, 1.0
138, 10002, 1454, 328, 249, 177, 0.790543258190155, -1, 1.0
139, 10154, 1212, 183, 153, 126, 0.964066743850708, -1, 1.0
139, 10081, 1673, 240, 130, 101, 0.9123269319534302, -1, 1.0
139, 10002, 1454, 328, 249, 177, 0.8389618992805481, -1, 1.0
140, 10154, 1212, 183, 152, 127, 0.963911771774292, -1, 1.0
140, 10081, 1671, 240, 131, 102, 0.9433093667030334, -1, 1.0
140, 10002, 1454, 328, 249, 177, 0.8614599704742432, -1, 1.0
141, 10154, 1209, 184, 151, 128, 0.9339152574539183, -1, 1.0
141, 10081, 1669, 240, 133, 102, 0.8517477512359619, -1, 1.0
141, 10002, 1454, 328, 249, 177, 0.7973025441169739, -1, 1.0
142, 10154, 1205, 185, 151, 129, 0.9423131346702576, -1, 1.0
142, 10081, 1669, 240, 134, 102, 0.8467282652854919, -1, 1.0
142, 10002, 1454, 329, 249, 177, 0.6103867888450623, -1, 1.0
143, 10154, 1199, 187, 153, 131, 0.9454758763313292, -1, 1.0
143, 10081, 1669, 240, 135, 102, 0.83311927318573, -1, 1.0
143, 10002, 1454, 329, 249, 177, 0.6665794849395752, -1, 1.0
144, 10154, 1193, 189, 156, 132, 0.963354766368866, -1, 1.0
144, 10081, 1668, 240, 136, 102, 0.9404528141021729, -1, 1.0
144, 10002, 1454, 329, 249, 177, 0.8558160662651062, -1, 1.0
145, 10154, 1187, 190, 159, 132, 0.963906705379486, -1, 1.0
145, 10081, 1667, 239, 137, 102, 0.9237741231918336, -1, 1.0
145, 10002, 1454, 329, 249, 177, 0.8410853147506714, -1, 1.0
146, 10154, 1174, 190, 164, 133, 0.9631643891334534, -1, 1.0
146, 10081, 1668, 239, 137, 102, 0.8957139849662781, -1, 1.0
146, 10002, 1454, 329, 249, 177, 0.8425013422966003, -1, 1.0
147, 10154, 1163, 186, 171, 138, 0.963679015636444, -1, 1.0
147, 10081, 1667, 239, 138, 102, 0.8975847363471985, -1, 1.0
147, 10002, 1453, 328, 249, 177, 0.8405151963233948, -1, 1.0
148, 10154, 1156, 191, 174, 139, 0.9096885919570924, -1, 1.0
148, 10081, 1667, 239, 138, 103, 0.8170454502105713, -1, 1.0
148, 10002, 1453, 328, 249, 177, 0.7337538599967957, -1, 1.0
149, 10191, 1066, 127, 207, 89, 0.9640081524848938, -1, 1.0
149, 10154, 1146, 193, 176, 140, 0.9093902707099916, -1, 1.0
149, 10081, 1669, 239, 137, 104, 0.8091046214103699, -1, 1.0
149, 10002, 1453, 328, 249, 177, 0.7450892925262451, -1, 1.0
150, 10191, 1037, 129, 208, 88, 0.9640743136405944, -1, 1.0
150, 10154, 1135, 195, 179, 141, 0.9022907614707948, -1, 1.0
150, 10081, 1668, 239, 138, 104, 0.8286660313606262, -1, 1.0
150, 10002, 1453, 328, 249, 177, 0.8113572001457214, -1, 1.0
151, 10191, 1007, 131, 206, 89, 0.964135766029358, -1, 1.0
151, 10154, 1124, 197, 182, 142, 0.911255180835724, -1, 1.0
151, 10081, 1668, 239, 138, 104, 0.8446345329284668, -1, 1.0
151, 10002, 1453, 328, 249, 177, 0.8164123892784119, -1, 1.0
152, 10191, 980, 133, 208, 90, 0.9622122645378112, -1, 1.0
152, 10154, 1110, 198, 185, 144, 0.9231535792350768, -1, 1.0
152, 10081, 1669, 239, 137, 103, 0.8650771975517273, -1, 1.0
152, 10002, 1453, 328, 249, 177, 0.7642405033111572, -1, 1.0
153, 10191, 945, 132, 208, 90, 0.9638099074363708, -1, 1.0
153, 10154, 1100, 200, 187, 144, 0.9312157034873962, -1, 1.0
153, 10081, 1670, 239, 136, 102, 0.8682947754859924, -1, 1.0
153, 10002, 1454, 328, 249, 177, 0.7667957544326782, -1, 1.0
154, 10191, 918, 128, 208, 93, 0.9637158513069152, -1, 1.0
154, 10154, 1088, 202, 190, 144, 0.9377143383026124, -1, 1.0
154, 10081, 1671, 239, 135, 102, 0.8628338575363159, -1, 1.0
154, 10002, 1454, 328, 249, 177, 0.5456765294075012, -1, 1.0
155, 10154, 1075, 203, 193, 145, 0.9635480642318726, -1, 1.0
155, 10081, 1672, 239, 134, 101, 0.933586835861206, -1, 1.0
155, 10002, 1454, 328, 249, 177, 0.8650442957878113, -1, 1.0
156, 10154, 1061, 205, 196, 146, 0.9635980725288392, -1, 1.0
156, 10081, 1673, 239, 133, 101, 0.9358752369880676, -1, 1.0
156, 10002, 1454, 328, 249, 177, 0.866714596748352, -1, 1.0
157, 10154, 1047, 206, 198, 148, 0.962874174118042, -1, 1.0
157, 10081, 1674, 239, 132, 101, 0.9411656856536864, -1, 1.0
157, 10002, 1454, 327, 249, 177, 0.8717902302742004, -1, 1.0
158, 10191, 810, 124, 187, 97, 0.9633779525756836, -1, 1.0
158, 10154, 1032, 207, 202, 150, 0.9408972263336182, -1, 1.0
158, 10081, 1674, 240, 131, 101, 0.8743204474449158, -1, 1.0
158, 10002, 1454, 327, 249, 178, 0.700545608997345, -1, 1.0
159, 10191, 793, 123, 184, 97, 0.9631640315055848, -1, 1.0
159, 10154, 1017, 207, 205, 152, 0.9324989914894104, -1, 1.0
159, 10081, 1675, 240, 130, 101, 0.8737066388130188, -1, 1.0
159, 10002, 1454, 327, 249, 178, 0.7665601968765259, -1, 1.0
160, 10191, 773, 127, 167, 93, 0.963649332523346, -1, 1.0
160, 10154, 1003, 210, 208, 153, 0.9484509825706482, -1, 1.0
160, 10081, 1675, 239, 129, 101, 0.8784617781639099, -1, 1.0
160, 10002, 1454, 327, 249, 178, 0.7468403577804565, -1, 1.0
161, 10191, 770, 128, 155, 92, 0.9637133479118348, -1, 1.0
161, 10154, 988, 213, 210, 155, 0.9237090349197388, -1, 1.0
161, 10081, 1676, 239, 129, 101, 0.8673518300056458, -1, 1.0
161, 10002, 1454, 327, 249, 178, 0.5757994055747986, -1, 1.0
162, 10191, 771, 128, 147, 91, 0.9631075263023376, -1, 1.0
162, 10154, 973, 215, 213, 156, 0.9319313764572144, -1, 1.0
162, 10081, 1676, 240, 129, 101, 0.8681910037994385, -1, 1.0
162, 10002, 1453, 327, 250, 178, 0.689174473285675, -1, 1.0
163, 10154, 958, 216, 216, 158, 0.9637960195541382, -1, 1.0
163, 10081, 1676, 239, 129, 101, 0.9309571385383606, -1, 1.0
163, 10002, 1453, 327, 250, 178, 0.8594242334365845, -1, 1.0
164, 10154, 943, 216, 217, 160, 0.9617932438850404, -1, 1.0
164, 10081, 1676, 240, 129, 101, 0.9325629472732544, -1, 1.0
164, 10002, 1453, 328, 250, 177, 0.8592202067375183, -1, 1.0
165, 10154, 930, 216, 220, 164, 0.964265763759613, -1, 1.0
165, 10081, 1676, 240, 128, 101, 0.9224817156791688, -1, 1.0
165, 10002, 1453, 328, 250, 177, 0.8572530746459961, -1, 1.0
166, 10154, 915, 217, 220, 167, 0.9640953540802002, -1, 1.0
166, 10081, 1677, 240, 128, 101, 0.9310760498046876, -1, 1.0
166, 10002, 1453, 328, 250, 177, 0.8501102328300476, -1, 1.0
167, 10154, 902, 218, 222, 170, 0.9634606242179872, -1, 1.0
167, 10081, 1676, 240, 128, 101, 0.9343568086624146, -1, 1.0
167, 10002, 1453, 328, 250, 177, 0.850619912147522, -1, 1.0
168, 10154, 890, 219, 223, 172, 0.9636601805686952, -1, 1.0
168, 10081, 1676, 240, 128, 101, 0.9299264550209044, -1, 1.0
168, 10002, 1453, 328, 250, 177, 0.8619897961616516, -1, 1.0
169, 10154, 875, 220, 226, 176, 0.9626612663269044, -1, 1.0
169, 10081, 1676, 240, 128, 101, 0.9231173992156982, -1, 1.0
169, 10002, 1453, 328, 250, 177, 0.8607185482978821, -1, 1.0
170, 10154, 863, 224, 227, 178, 0.9630497097969056, -1, 1.0
170, 10081, 1676, 242, 127, 101, 0.9464290738105774, -1, 1.0
170, 10002, 1453, 328, 250, 177, 0.8516132831573486, -1, 1.0
171, 10154, 853, 227, 228, 180, 0.964454710483551, -1, 1.0
171, 10081, 1679, 242, 126, 102, 0.950846552848816, -1, 1.0
171, 10002, 1453, 328, 250, 178, 0.8116140365600586, -1, 1.0
172, 10154, 842, 230, 230, 181, 0.964126467704773, -1, 1.0
172, 10081, 1680, 240, 125, 101, 0.9474182724952698, -1, 1.0
172, 10002, 1453, 328, 250, 178, 0.806615948677063, -1, 1.0
173, 10154, 832, 231, 231, 184, 0.964343249797821, -1, 1.0
173, 10081, 1681, 240, 124, 100, 0.9468444585800172, -1, 1.0
173, 10002, 1453, 327, 250, 178, 0.8325124979019165, -1, 1.0
174, 10154, 823, 233, 233, 186, 0.9652665257453918, -1, 1.0
174, 10081, 1681, 241, 124, 99, 0.938449203968048, -1, 1.0
174, 10002, 1453, 327, 250, 178, 0.8518215417861938, -1, 1.0
175, 10154, 814, 238, 235, 188, 0.9636524319648744, -1, 1.0
175, 10081, 1682, 240, 123, 99, 0.9387783408164978, -1, 1.0
175, 10002, 1453, 327, 250, 178, 0.8385557532310486, -1, 1.0
176, 10154, 804, 241, 236, 190, 0.964338719844818, -1, 1.0
176, 10081, 1680, 240, 124, 99, 0.9467943906784058, -1, 1.0
176, 10002, 1453, 327, 250, 178, 0.8321672677993774, -1, 1.0
177, 10154, 797, 244, 237, 193, 0.964390516281128, -1, 1.0
177, 10081, 1677, 240, 127, 100, 0.9557526111602784, -1, 1.0
177, 10002, 1453, 327, 250, 177, 0.851330041885376, -1, 1.0
178, 10154, 789, 247, 239, 197, 0.9612719416618348, -1, 1.0
178, 10081, 1675, 240, 128, 100, 0.8535292744636536, -1, 1.0
178, 10002, 1453, 327, 250, 177, 0.5064970254898071, -1, 1.0
179, 10222, 1353, 138, 141, 79, 0.963724970817566, -1, 1.0
179, 10154, 781, 251, 242, 200, 0.9559805393218994, -1, 1.0
179, 10081, 1674, 240, 130, 100, 0.8499918580055237, -1, 1.0
179, 10002, 1453, 327, 250, 177, 0.713991641998291, -1, 1.0
180, 10222, 1310, 142, 141, 73, 0.9637486338615416, -1, 1.0
180, 10154, 773, 256, 245, 203, 0.9619539976119996, -1, 1.0
180, 10081, 1674, 240, 131, 100, 0.8536622524261475, -1, 1.0
180, 10002, 1453, 327, 250, 177, 0.7225342392921448, -1, 1.0
181, 10222, 1256, 144, 146, 71, 0.9647433161735536, -1, 1.0
181, 10154, 770, 259, 247, 206, 0.9646665453910828, -1, 1.0
181, 10081, 1674, 240, 131, 100, 0.8333661556243896, -1, 1.0
181, 10002, 1453, 328, 250, 177, 0.7317618727684021, -1, 1.0
182, 10222, 1208, 145, 154, 69, 0.9648603796958924, -1, 1.0
182, 10154, 767, 263, 248, 210, 0.959940493106842, -1, 1.0
182, 10081, 1673, 239, 132, 100, 0.8101845383644104, -1, 1.0
182, 10002, 1453, 328, 250, 177, 0.7720553874969482, -1, 1.0
183, 10222, 1163, 147, 158, 68, 0.9633535146713256, -1, 1.0
183, 10154, 762, 266, 252, 214, 0.9538515210151672, -1, 1.0
183, 10081, 1673, 239, 133, 100, 0.8360317349433899, -1, 1.0
183, 10002, 1453, 327, 250, 177, 0.7768766283988953, -1, 1.0
184, 10227, 1675, 403, 230, 386, 0.9620203971862792, -1, 1.0
184, 10222, 1134, 148, 151, 67, 0.9550291895866394, -1, 1.0
184, 10154, 759, 272, 255, 218, 0.8309775590896606, -1, 1.0
184, 10081, 1670, 239, 134, 100, 0.7216252088546753, -1, 1.0
184, 10002, 1452, 328, 250, 177, 0.6681099534034729, -1, 1.0
185, 10227, 1638, 389, 265, 388, 0.9597060084342957, -1, 1.0
185, 10222, 1086, 151, 151, 66, 0.95250004529953, -1, 1.0
185, 10154, 759, 275, 260, 223, 0.9025578498840332, -1, 1.0
185, 10081, 1669, 239, 136, 100, 0.8393005728721619, -1, 1.0
185, 10002, 1452, 328, 250, 178, 0.7614656686782837, -1, 1.0
186, 10227, 1605, 378, 296, 383, 0.9679895639419556, -1, 1.0
186, 10222, 1047, 153, 151, 66, 0.9447856545448304, -1, 1.0
186, 10154, 757, 279, 267, 226, 0.8988872170448303, -1, 1.0
186, 10081, 1669, 238, 137, 100, 0.8394812345504761, -1, 1.0
186, 10002, 1452, 328, 248, 177, 0.7226537466049194, -1, 1.0
187, 10227, 1577, 371, 323, 370, 0.9679781198501588, -1, 1.0
187, 10222, 1004, 154, 154, 66, 0.9390033483505248, -1, 1.0
187, 10154, 757, 283, 273, 229, 0.9276694655418396, -1, 1.0
187, 10081, 1668, 238, 139, 100, 0.8473023772239685, -1, 1.0
187, 10002, 1451, 328, 247, 177, 0.75957190990448, -1, 1.0
188, 10227, 1540, 366, 357, 362, 0.9645009636878968, -1, 1.0
188, 10222, 966, 154, 155, 65, 0.9220653176307678, -1, 1.0
188, 10154, 757, 288, 279, 233, 0.8389157652854919, -1, 1.0
188, 10081, 1668, 239, 139, 100, 0.7711612582206726, -1, 1.0
188, 10002, 1452, 328, 246, 177, 0.7213156819343567, -1, 1.0
189, 10227, 1493, 355, 395, 354, 0.9534052014350892, -1, 1.0
189, 10222, 931, 155, 152, 66, 0.9284573197364808, -1, 1.0
189, 10154, 758, 292, 285, 236, 0.8226149678230286, -1, 1.0
189, 10081, 1672, 241, 136, 102, 0.8104907274246216, -1, 1.0
190, 10227, 1457, 335, 406, 354, 0.957299530506134, -1, 1.0
190, 10222, 908, 151, 147, 67, 0.9510378241539, -1, 1.0
190, 10154, 760, 297, 292, 240, 0.8164898753166199, -1, 1.0
190, 10081, 1672, 241, 135, 103, 0.711257815361023, -1, 1.0
191, 10227, 1427, 322, 405, 352, 0.954046666622162, -1, 1.0
191, 10222, 887, 149, 135, 66, 0.9539966583251952, -1, 1.0
191, 10154, 760, 301, 300, 244, 0.8113783001899719, -1, 1.0
191, 10081, 1674, 240, 133, 103, 0.5850436091423035, -1, 1.0
192, 10227, 1399, 314, 399, 346, 0.9625009894371032, -1, 1.0
192, 10154, 760, 306, 308, 249, 0.9497803449630736, -1, 1.0
192, 10081, 1674, 240, 132, 103, 0.8538292050361633, -1, 1.0
193, 10227, 1367, 313, 392, 335, 0.9619346857070924, -1, 1.0
193, 10154, 762, 309, 315, 255, 0.9382383227348328, -1, 1.0
193, 10081, 1673, 239, 133, 103, 0.8035380840301514, -1, 1.0
194, 10227, 1341, 313, 383, 323, 0.9543516635894777, -1, 1.0
194, 10154, 765, 312, 323, 260, 0.95329749584198, -1, 1.0
194, 10081, 1671, 239, 134, 103, 0.8541755676269531, -1, 1.0
195, 10227, 1319, 314, 383, 311, 0.9587029814720154, -1, 1.0
195, 10154, 771, 317, 332, 268, 0.9561752676963806, -1, 1.0
195, 10081, 1672, 239, 134, 103, 0.8767908811569214, -1, 1.0
196, 10227, 1301, 314, 390, 301, 0.9586533308029176, -1, 1.0
196, 10154, 777, 319, 339, 275, 0.9498003125190736, -1, 1.0
196, 10081, 1672, 239, 134, 102, 0.8518445491790771, -1, 1.0
197, 10227, 1265, 316, 372, 289, 0.9570319652557372, -1, 1.0
197, 10154, 786, 324, 346, 281, 0.9495894908905028, -1, 1.0
197, 10081, 1672, 239, 134, 102, 0.8610142469406128, -1, 1.0
198, 10227, 1241, 317, 357, 276, 0.943450093269348, -1, 1.0
198, 10154, 795, 329, 353, 287, 0.9343027472496032, -1, 1.0
198, 10081, 1672, 240, 134, 102, 0.8789975643157959, -1, 1.0
198, 10002, 1490, 329, 219, 173, 0.8585014343261719, -1, 1.0
199, 10227, 1243, 314, 379, 268, 0.938896119594574, -1, 1.0
199, 10154, 807, 337, 364, 293, 0.9262048602104188, -1, 1.0
199, 10081, 1673, 240, 133, 102, 0.8697945475578308, -1, 1.0
199, 10002, 1494, 328, 213, 173, 0.8505350947380066, -1, 1.0
200, 10227, 1204, 314, 359, 258, 0.9437708258628844, -1, 1.0
200, 10154, 817, 342, 372, 301, 0.9359459280967712, -1, 1.0
200, 10081, 1673, 240, 133, 102, 0.9320898056030272, -1, 1.0
200, 10002, 1485, 328, 217, 174, 0.8787609338760376, -1, 1.0
201, 10227, 1181, 312, 341, 250, 0.9423450827598572, -1, 1.0
201, 10154, 832, 344, 382, 310, 0.9359115362167358, -1, 1.0
201, 10081, 1673, 240, 133, 102, 0.9177421927452089, -1, 1.0
201, 10002, 1479, 328, 221, 175, 0.8812415599822998, -1, 1.0
202, 10227, 1169, 310, 319, 242, 0.9549188613891602, -1, 1.0
202, 10154, 851, 350, 392, 318, 0.9271096587181092, -1, 1.0
202, 10081, 1673, 240, 132, 102, 0.9095391035079956, -1, 1.0
202, 10002, 1469, 328, 228, 176, 0.8692346215248108, -1, 1.0
203, 10227, 1166, 307, 297, 233, 0.9575501084327698, -1, 1.0
203, 10154, 865, 354, 405, 327, 0.9458180665969848, -1, 1.0
203, 10081, 1673, 240, 131, 101, 0.9456841349601746, -1, 1.0
203, 10002, 1463, 328, 234, 177, 0.8718119859695435, -1, 1.0
204, 10227, 1161, 305, 278, 225, 0.956617534160614, -1, 1.0
204, 10154, 885, 361, 420, 337, 0.9271554946899414, -1, 1.0
204, 10081, 1673, 240, 131, 101, 0.8744520545005798, -1, 1.0
204, 10002, 1459, 328, 238, 177, 0.7727577090263367, -1, 1.0
205, 10154, 905, 368, 434, 349, 0.9620830416679382, -1, 1.0
205, 10081, 1673, 240, 131, 101, 0.9335987567901612, -1, 1.0
205, 10002, 1457, 328, 241, 177, 0.8696050047874451, -1, 1.0
206, 10154, 938, 354, 443, 371, 0.9653809070587158, -1, 1.0
206, 10081, 1673, 241, 131, 101, 0.9437761306762696, -1, 1.0
206, 10002, 1456, 328, 243, 177, 0.8735154271125793, -1, 1.0
207, 10154, 961, 363, 455, 385, 0.965218722820282, -1, 1.0
207, 10081, 1673, 240, 131, 101, 0.9304770827293396, -1, 1.0
207, 10002, 1455, 328, 245, 177, 0.8667941093444824, -1, 1.0
208, 10154, 994, 374, 464, 398, 0.9604936838150024, -1, 1.0
208, 10081, 1674, 240, 131, 101, 0.9367489218711852, -1, 1.0
208, 10002, 1451, 329, 248, 179, 0.8682825565338135, -1, 1.0
209, 10154, 1034, 392, 471, 405, 0.9625455737113952, -1, 1.0
209, 10081, 1674, 240, 131, 101, 0.9171056747436525, -1, 1.0
209, 10002, 1453, 329, 248, 180, 0.8709685206413269, -1, 1.0
210, 10154, 1068, 406, 484, 416, 0.9457745552062988, -1, 1.0
210, 10081, 1673, 240, 132, 101, 0.890845537185669, -1, 1.0
210, 10002, 1456, 328, 247, 178, 0.8660925626754761, -1, 1.0
211, 10154, 1082, 413, 514, 431, 0.920402467250824, -1, 1.0
211, 10081, 1673, 240, 132, 101, 0.8414644598960876, -1, 1.0
211, 10002, 1458, 327, 246, 177, 0.8410971760749817, -1, 1.0
212, 10249, 878, 178, 162, 97, 0.9265121817588806, -1, 1.0
212, 10227, 1076, 272, 223, 179, 0.9054691791534424, -1, 1.0
212, 10154, 1115, 424, 536, 445, 0.8814542293548584, -1, 1.0
212, 10081, 1673, 240, 132, 101, 0.8693200349807739, -1, 1.0
212, 10002, 1458, 327, 246, 176, 0.8459658026695251, -1, 1.0
213, 10251, 946, 189, 113, 88, 0.9411056041717528, -1, 1.0
213, 10227, 1078, 273, 213, 175, 0.8511745929718018, -1, 1.0
213, 10154, 1171, 435, 547, 456, 0.8357031941413879, -1, 1.0
213, 10081, 1676, 242, 130, 103, 0.8138561248779297, -1, 1.0
213, 10002, 1456, 323, 246, 170, 0.8040643334388733, -1, 1.0
214, 10251, 971, 192, 111, 87, 0.9456260204315186, -1, 1.0
214, 10227, 1080, 272, 205, 173, 0.8543029427528381, -1, 1.0
214, 10154, 1199, 451, 570, 468, 0.84434974193573, -1, 1.0
214, 10081, 1676, 242, 128, 104, 0.8246965408325195, -1, 1.0
214, 10002, 1453, 317, 249, 154, 0.7954612374305725, -1, 1.0
215, 10251, 987, 189, 117, 92, 0.9485978484153748, -1, 1.0
215, 10227, 1084, 270, 199, 170, 0.8453993797302246, -1, 1.0
215, 10154, 1232, 457, 597, 494, 0.8372827172279358, -1, 1.0
215, 10081, 1677, 242, 127, 105, 0.8307907581329346, -1, 1.0
215, 10002, 1451, 318, 249, 147, 0.6402578353881836, -1, 1.0
216, 10251, 989, 187, 131, 96, 0.9396326541900636, -1, 1.0
216, 10227, 1086, 267, 194, 168, 0.9280567169189452, -1, 1.0
216, 10154, 1274, 471, 616, 516, 0.8275914788246155, -1, 1.0
216, 10081, 1678, 242, 126, 107, 0.783261775970459, -1, 1.0
216, 10002, 1452, 321, 248, 144, 0.730181872844696, -1, 1.0
217, 10251, 999, 185, 140, 98, 0.957598865032196, -1, 1.0
217, 10227, 1090, 266, 189, 165, 0.9278192520141602, -1, 1.0
217, 10154, 1309, 488, 610, 531, 0.8546094298362732, -1, 1.0
217, 10081, 1679, 241, 125, 107, 0.8478055000305176, -1, 1.0
217, 10002, 1452, 326, 249, 147, 0.7254819273948669, -1, 1.0
218, 10251, 1034, 188, 131, 96, 0.9566826820373536, -1, 1.0
218, 10227, 1095, 263, 186, 162, 0.9288495779037476, -1, 1.0
218, 10154, 1337, 500, 582, 541, 0.8591498136520386, -1, 1.0
218, 10081, 1679, 239, 125, 105, 0.8498460054397583, -1, 1.0
218, 10002, 1453, 332, 250, 153, 0.7306706309318542, -1, 1.0
219, 10251, 1057, 191, 128, 95, 0.9649444818496704, -1, 1.0
219, 10227, 1102, 261, 185, 159, 0.9269715547561646, -1, 1.0
219, 10154, 1369, 510, 550, 536, 0.8805272579193115, -1, 1.0
219, 10081, 1679, 239, 125, 104, 0.715220034122467, -1, 1.0
219, 10002, 1452, 335, 250, 159, 0.6710927486419678, -1, 1.0
220, 10251, 1056, 189, 140, 98, 0.9633486866950988, -1, 1.0
220, 10227, 1109, 258, 183, 156, 0.925017476081848, -1, 1.0
220, 10154, 1414, 531, 505, 540, 0.8682991862297058, -1, 1.0
220, 10081, 1679, 239, 126, 103, 0.756406843662262, -1, 1.0
220, 10002, 1453, 335, 250, 163, 0.5797300338745117, -1, 1.0
221, 10251, 1064, 188, 144, 100, 0.9636111259460448, -1, 1.0
221, 10227, 1118, 254, 183, 154, 0.9377220273017884, -1, 1.0
221, 10154, 1475, 540, 444, 531, 0.8850089907646179, -1, 1.0
221, 10081, 1679, 239, 126, 103, 0.5335251688957214, -1, 1.0
221, 10002, 1453, 334, 250, 167, 0.502922534942627, -1, 1.0
222, 10251, 1078, 189, 147, 101, 0.9621138572692872, -1, 1.0
222, 10227, 1128, 253, 183, 152, 0.9406885504722596, -1, 1.0
222, 10081, 1679, 239, 127, 102, 0.915568709373474, -1, 1.0
222, 10002, 1452, 332, 250, 169, 0.8839862942695618, -1, 1.0
223, 10251, 1092, 189, 151, 104, 0.9625468254089355, -1, 1.0
223, 10249, 1095, 199, 234, 155, 0.9361081123352052, -1, 1.0
223, 10227, 1141, 253, 182, 148, 0.8720646500587463, -1, 1.0
223, 10081, 1678, 239, 127, 102, 0.6694909334182739, -1, 1.0
223, 10002, 1452, 331, 250, 171, 0.6543073654174805, -1, 1.0
224, 10249, 1114, 204, 234, 164, 0.9627782702445984, -1, 1.0
224, 10227, 1151, 245, 183, 149, 0.9222486615180968, -1, 1.0
224, 10081, 1678, 239, 127, 102, 0.8807346224784851, -1, 1.0
224, 10002, 1452, 331, 250, 173, 0.7316303849220276, -1, 1.0
225, 10227, 1164, 241, 183, 148, 0.9637678265571594, -1, 1.0
225, 10081, 1678, 239, 127, 101, 0.905830979347229, -1, 1.0
225, 10002, 1452, 330, 251, 174, 0.8802937865257263, -1, 1.0
226, 10227, 1179, 242, 183, 146, 0.92162024974823, -1, 1.0
226, 10081, 1678, 239, 127, 101, 0.86826491355896, -1, 1.0
226, 10002, 1452, 330, 251, 175, 0.6856838464736938, -1, 1.0
227, 10251, 1152, 196, 154, 107, 0.9645906686782836, -1, 1.0
227, 10227, 1195, 236, 183, 146, 0.9141300916671752, -1, 1.0
227, 10081, 1678, 239, 128, 101, 0.8718297481536865, -1, 1.0
227, 10002, 1452, 329, 251, 175, 0.8019104599952698, -1, 1.0
228, 10227, 1211, 235, 182, 144, 0.964777171611786, -1, 1.0
228, 10081, 1676, 239, 129, 101, 0.9109859466552734, -1, 1.0
228, 10002, 1452, 329, 251, 175, 0.8725184798240662, -1, 1.0
229, 10227, 1227, 236, 181, 140, 0.9624634385108948, -1, 1.0
229, 10081, 1676, 240, 129, 101, 0.8895458579063416, -1, 1.0
229, 10002, 1453, 329, 250, 176, 0.8491154909133911, -1, 1.0
230, 10251, 1190, 195, 145, 104, 0.9639139771461488, -1, 1.0
230, 10227, 1247, 237, 180, 136, 0.8966009020805359, -1, 1.0
230, 10081, 1676, 240, 130, 101, 0.8235236406326294, -1, 1.0
230, 10002, 1453, 329, 250, 176, 0.6555852890014648, -1, 1.0
231, 10251, 1197, 195, 143, 103, 0.964716136455536, -1, 1.0
231, 10227, 1266, 237, 178, 134, 0.9112933874130248, -1, 1.0
231, 10081, 1677, 240, 131, 101, 0.8467079997062683, -1, 1.0
231, 10002, 1453, 329, 249, 176, 0.7439303994178772, -1, 1.0
232, 10251, 1209, 196, 144, 103, 0.9605246186256408, -1, 1.0
232, 10227, 1284, 238, 178, 130, 0.9223347902297974, -1, 1.0
232, 10081, 1676, 240, 131, 102, 0.8632117509841919, -1, 1.0
232, 10002, 1453, 329, 249, 176, 0.8093046545982361, -1, 1.0
233, 10251, 1214, 194, 143, 104, 0.958723783493042, -1, 1.0
233, 10227, 1302, 234, 176, 130, 0.9196141362190248, -1, 1.0
233, 10081, 1676, 240, 132, 103, 0.8619075417518616, -1, 1.0
233, 10002, 1453, 329, 249, 176, 0.820499837398529, -1, 1.0
234, 10251, 1220, 195, 144, 105, 0.958242893218994, -1, 1.0
234, 10227, 1319, 230, 176, 129, 0.9015436172485352, -1, 1.0
234, 10081, 1676, 240, 132, 104, 0.8561152219772339, -1, 1.0
234, 10002, 1454, 328, 249, 177, 0.814953625202179, -1, 1.0
235, 10251, 1226, 197, 145, 106, 0.9560760259628296, -1, 1.0
235, 10227, 1334, 230, 172, 126, 0.8680968880653381, -1, 1.0
235, 10081, 1676, 240, 132, 104, 0.8508388996124268, -1, 1.0
235, 10002, 1454, 329, 249, 176, 0.8110308647155762, -1, 1.0
236, 10251, 1227, 198, 144, 108, 0.9537172317504884, -1, 1.0
236, 10227, 1350, 231, 172, 124, 0.9013806581497192, -1, 1.0
236, 10081, 1676, 240, 132, 104, 0.8692438006401062, -1, 1.0
236, 10002, 1454, 329, 249, 175, 0.7969513535499573, -1, 1.0
237, 10251, 1228, 200, 143, 109, 0.952578067779541, -1, 1.0
237, 10227, 1367, 231, 167, 122, 0.8913522958755493, -1, 1.0
237, 10081, 1676, 240, 132, 104, 0.8626978397369385, -1, 1.0
237, 10002, 1454, 329, 249, 175, 0.8078668117523193, -1, 1.0
238, 10251, 1228, 200, 142, 110, 0.9518640041351318, -1, 1.0
238, 10227, 1383, 231, 160, 118, 0.9126987457275392, -1, 1.0
238, 10081, 1675, 239, 133, 104, 0.8886363506317139, -1, 1.0
238, 10002, 1454, 331, 249, 174, 0.8608656525611877, -1, 1.0
239, 10251, 1224, 200, 141, 112, 0.9522563219070436, -1, 1.0
239, 10227, 1397, 227, 153, 117, 0.9386425614356996, -1, 1.0
239, 10081, 1674, 239, 133, 104, 0.8676862120628357, -1, 1.0
239, 10002, 1454, 331, 248, 174, 0.8153393268585205, -1, 1.0
240, 10251, 1222, 203, 141, 112, 0.952489972114563, -1, 1.0
240, 10227, 1413, 226, 149, 116, 0.9228262901306152, -1, 1.0
240, 10081, 1675, 239, 133, 104, 0.8612741827964783, -1, 1.0
240, 10002, 1453, 331, 249, 173, 0.7357458472251892, -1, 1.0
241, 10251, 1219, 205, 142, 113, 0.9557427763938904, -1, 1.0
241, 10227, 1425, 226, 140, 115, 0.9521420001983644, -1, 1.0
241, 10081, 1673, 240, 134, 104, 0.8697262406349182, -1, 1.0
241, 10002, 1453, 331, 249, 173, 0.7833476066589355, -1, 1.0
242, 10251, 1213, 206, 145, 114, 0.957423985004425, -1, 1.0
242, 10227, 1438, 236, 131, 105, 0.948838710784912, -1, 1.0
242, 10081, 1673, 239, 134, 103, 0.8340334296226501, -1, 1.0
242, 10002, 1453, 331, 249, 173, 0.7741074562072754, -1, 1.0
243, 10251, 1207, 208, 147, 115, 0.9582937955856324, -1, 1.0
243, 10227, 1452, 236, 122, 101, 0.9341651797294616, -1, 1.0
243, 10081, 1673, 239, 133, 103, 0.8372367024421692, -1, 1.0
243, 10002, 1454, 329, 249, 174, 0.5463512539863586, -1, 1.0
244, 10251, 1198, 209, 149, 116, 0.9581944346427916, -1, 1.0
244, 10081, 1674, 239, 133, 102, 0.905081570148468, -1, 1.0
244, 10002, 1454, 329, 249, 175, 0.8321934938430786, -1, 1.0
245, 10251, 1189, 209, 153, 118, 0.9609997272491456, -1, 1.0
245, 10081, 1674, 239, 133, 102, 0.894872784614563, -1, 1.0
245, 10002, 1454, 328, 249, 175, 0.83943110704422, -1, 1.0
246, 10251, 1178, 210, 155, 119, 0.9641920924186708, -1, 1.0
246, 10081, 1674, 239, 133, 102, 0.9166110754013062, -1, 1.0
246, 10002, 1454, 328, 249, 176, 0.8499597311019897, -1, 1.0
247, 10251, 1165, 211, 158, 122, 0.964659869670868, -1, 1.0
247, 10081, 1674, 239, 133, 102, 0.912770450115204, -1, 1.0
247, 10002, 1453, 327, 250, 177, 0.8471789956092834, -1, 1.0
248, 10251, 1153, 210, 162, 125, 0.9650934934616088, -1, 1.0
248, 10081, 1674, 240, 132, 102, 0.910420298576355, -1, 1.0
248, 10002, 1453, 327, 250, 177, 0.8590768575668335, -1, 1.0
249, 10251, 1139, 209, 165, 128, 0.9650346636772156, -1, 1.0
249, 10081, 1675, 240, 132, 102, 0.8881471157073975, -1, 1.0
249, 10002, 1454, 327, 250, 177, 0.854954183101654, -1, 1.0
250, 10251, 1125, 210, 170, 130, 0.9659721255302428, -1, 1.0
250, 10081, 1675, 240, 131, 102, 0.9074792265892028, -1, 1.0
250, 10002, 1454, 327, 250, 177, 0.8630815148353577, -1, 1.0
251, 10251, 1110, 213, 174, 131, 0.9647107124328612, -1, 1.0
251, 10081, 1676, 239, 130, 102, 0.9183415174484252, -1, 1.0
251, 10002, 1453, 328, 250, 177, 0.870695948600769, -1, 1.0
252, 10251, 1094, 214, 178, 132, 0.9646795988082886, -1, 1.0
252, 10081, 1677, 239, 129, 102, 0.9306951761245728, -1, 1.0
252, 10002, 1453, 328, 250, 177, 0.847818911075592, -1, 1.0
253, 10251, 1079, 215, 180, 133, 0.965745449066162, -1, 1.0
253, 10081, 1679, 240, 128, 101, 0.9040029644966124, -1, 1.0
253, 10002, 1454, 328, 250, 177, 0.8292210102081299, -1, 1.0
254, 10251, 1063, 216, 182, 134, 0.9671550989151, -1, 1.0
254, 10081, 1680, 240, 126, 101, 0.9157482385635376, -1, 1.0
254, 10002, 1454, 328, 250, 177, 0.8325181007385254, -1, 1.0
255, 10251, 1048, 218, 184, 136, 0.966809332370758, -1, 1.0
255, 10081, 1681, 240, 126, 101, 0.91879004240036, -1, 1.0
255, 10002, 1454, 328, 250, 177, 0.8412419557571411, -1, 1.0
256, 10251, 1032, 220, 187, 137, 0.9667003750801086, -1, 1.0
256, 10081, 1681, 240, 125, 101, 0.924184799194336, -1, 1.0
256, 10002, 1454, 329, 250, 176, 0.8304362893104553, -1, 1.0
257, 10251, 1016, 222, 190, 138, 0.9663949608802797, -1, 1.0
257, 10081, 1680, 241, 125, 101, 0.9127371311187744, -1, 1.0
257, 10002, 1453, 329, 250, 176, 0.8367797136306763, -1, 1.0
258, 10251, 999, 224, 192, 140, 0.9672327041625975, -1, 1.0
258, 10081, 1681, 241, 124, 101, 0.936321496963501, -1, 1.0
258, 10002, 1453, 329, 250, 176, 0.83075350522995, -1, 1.0
259, 10251, 985, 225, 194, 142, 0.9670276641845704, -1, 1.0
259, 10081, 1680, 241, 125, 101, 0.9317811727523804, -1, 1.0
259, 10002, 1453, 329, 250, 176, 0.8481215834617615, -1, 1.0
260, 10251, 968, 226, 195, 143, 0.9672543406486512, -1, 1.0
260, 10081, 1679, 241, 126, 101, 0.9121274352073668, -1, 1.0
260, 10002, 1453, 329, 250, 176, 0.8559529185295105, -1, 1.0
261, 10251, 952, 228, 198, 145, 0.966699242591858, -1, 1.0
261, 10081, 1678, 241, 126, 101, 0.9147689938545228, -1, 1.0
261, 10002, 1453, 329, 250, 176, 0.8635833859443665, -1, 1.0
262, 10251, 934, 229, 200, 148, 0.96302729845047, -1, 1.0
262, 10081, 1678, 241, 126, 101, 0.915459394454956, -1, 1.0
262, 10002, 1452, 329, 250, 176, 0.8391462564468384, -1, 1.0
263, 10251, 920, 230, 202, 150, 0.9621165990829468, -1, 1.0
263, 10081, 1678, 240, 126, 102, 0.9255961775779724, -1, 1.0
263, 10002, 1452, 329, 251, 176, 0.8330295085906982, -1, 1.0
264, 10251, 903, 234, 203, 151, 0.9629387259483336, -1, 1.0
264, 10081, 1678, 241, 127, 102, 0.9060452580451964, -1, 1.0
264, 10002, 1452, 329, 251, 175, 0.836721658706665, -1, 1.0
265, 10251, 888, 238, 205, 152, 0.963812530040741, -1, 1.0
265, 10081, 1677, 240, 128, 102, 0.9228097200393676, -1, 1.0
265, 10002, 1452, 329, 251, 175, 0.8536655902862549, -1, 1.0
266, 10251, 874, 240, 207, 154, 0.964149534702301, -1, 1.0
266, 10081, 1675, 240, 130, 102, 0.940710186958313, -1, 1.0
266, 10002, 1452, 330, 251, 175, 0.8559947609901428, -1, 1.0
267, 10251, 859, 241, 208, 156, 0.9658575654029846, -1, 1.0
267, 10081, 1674, 240, 131, 103, 0.9179500937461852, -1, 1.0
267, 10002, 1452, 330, 251, 175, 0.8430206775665283, -1, 1.0
268, 10251, 845, 244, 210, 159, 0.9655282497406006, -1, 1.0
268, 10081, 1676, 240, 132, 103, 0.9371209144592284, -1, 1.0
268, 10002, 1453, 330, 250, 175, 0.8518949747085571, -1, 1.0
269, 10251, 830, 246, 212, 161, 0.964900553226471, -1, 1.0
269, 10081, 1676, 240, 132, 103, 0.923959732055664, -1, 1.0
269, 10002, 1453, 330, 250, 175, 0.8541314005851746, -1, 1.0
270, 10251, 818, 249, 212, 164, 0.9640339612960817, -1, 1.0
270, 10081, 1675, 240, 133, 103, 0.9428069591522216, -1, 1.0
270, 10002, 1453, 330, 250, 175, 0.842999279499054, -1, 1.0
271, 10251, 805, 252, 213, 165, 0.9651756286621094, -1, 1.0
271, 10081, 1673, 240, 134, 103, 0.9442564249038696, -1, 1.0
271, 10002, 1453, 330, 250, 175, 0.8291040062904358, -1, 1.0
272, 10251, 792, 255, 215, 168, 0.9647057056427002, -1, 1.0
272, 10081, 1673, 240, 134, 103, 0.9520606398582458, -1, 1.0
272, 10002, 1453, 330, 250, 175, 0.8154919147491455, -1, 1.0
273, 10251, 780, 258, 217, 169, 0.9511748552322388, -1, 1.0
273, 10081, 1673, 240, 135, 103, 0.8189505338668823, -1, 1.0
273, 10002, 1453, 330, 250, 175, 0.628368616104126, -1, 1.0
274, 10251, 770, 261, 217, 172, 0.9530969858169556, -1, 1.0
274, 10081, 1673, 240, 135, 103, 0.808521568775177, -1, 1.0
274, 10002, 1453, 330, 250, 175, 0.7056012153625488, -1, 1.0
275, 10251, 760, 263, 219, 176, 0.9481213688850404, -1, 1.0
275, 10081, 1673, 240, 135, 103, 0.80513995885849, -1, 1.0
275, 10002, 1453, 330, 250, 175, 0.677933931350708, -1, 1.0
276, 10251, 749, 266, 220, 180, 0.9487793445587158, -1, 1.0
276, 10081, 1672, 239, 136, 104, 0.8266847133636475, -1, 1.0
276, 10002, 1453, 330, 250, 175, 0.7351194024085999, -1, 1.0
277, 10251, 742, 269, 222, 184, 0.9577654600143432, -1, 1.0
277, 10081, 1672, 239, 136, 104, 0.8745603561401367, -1, 1.0
277, 10002, 1453, 329, 250, 176, 0.8425459861755371, -1, 1.0
278, 10298, 1363, 184, 101, 74, 0.9657941460609436, -1, 1.0
278, 10251, 733, 273, 224, 188, 0.9494452476501464, -1, 1.0
278, 10081, 1672, 240, 136, 104, 0.8555900454521179, -1, 1.0
278, 10002, 1453, 329, 250, 176, 0.7891613245010376, -1, 1.0
279, 10300, 1316, 171, 130, 91, 0.9654484987258912, -1, 1.0
279, 10251, 728, 277, 227, 191, 0.9507561326026917, -1, 1.0
279, 10081, 1671, 239, 136, 104, 0.8536692261695862, -1, 1.0
279, 10002, 1453, 329, 250, 176, 0.8084603548049927, -1, 1.0
280, 10300, 1290, 169, 136, 92, 0.9646975994110109, -1, 1.0
280, 10251, 722, 281, 230, 194, 0.9454289078712464, -1, 1.0
280, 10081, 1671, 239, 136, 104, 0.8470097184181213, -1, 1.0
280, 10002, 1453, 329, 250, 176, 0.7883924841880798, -1, 1.0
281, 10300, 1276, 169, 135, 91, 0.9661809206008912, -1, 1.0
281, 10251, 719, 284, 235, 198, 0.9483026266098022, -1, 1.0
281, 10081, 1671, 240, 136, 104, 0.8540012240409851, -1, 1.0
281, 10002, 1453, 329, 250, 176, 0.8308433294296265, -1, 1.0
