1, 10031, 186, 120, 101, 69, 0.8563728332519531, -1, 1.0
1, 10030, 183, 129, 86, 62, 0.7421915531158447, -1, 1.0
1, 10022, 372, 118, 117, 72, 0.6144772171974182, -1, 1.0
1, 10029, 1643, 396, 276, 209, 0.5583265423774719, -1, 1.0
2, 10030, 182, 129, 84, 61, 0.8439462780952454, -1, 1.0
2, 10022, 375, 119, 113, 70, 0.6659324765205383, -1, 1.0
2, 10029, 1632, 389, 286, 215, 0.553017258644104, -1, 1.0
3, 10030, 181, 129, 85, 61, 0.8985021114349365, -1, 1.0
3, 10022, 374, 120, 114, 69, 0.6670655012130737, -1, 1.0
3, 10029, 1612, 385, 302, 221, 0.5711500644683838, -1, 1.0
4, 10030, 182, 129, 84, 61, 0.914705753326416, -1, 1.0
4, 10022, 374, 120, 113, 69, 0.699262261390686, -1, 1.0
4, 10029, 1596, 382, 317, 226, 0.5746883749961853, -1, 1.0
5, 10031, 186, 120, 102, 67, 0.8947885632514954, -1, 1.0
5, 10030, 183, 129, 84, 61, 0.7062185406684875, -1, 1.0
5, 10022, 373, 120, 114, 69, 0.5969146490097046, -1, 1.0
5, 10029, 1574, 378, 337, 233, 0.50790935754776, -1, 1.0
6, 10030, 184, 126, 87, 63, 0.8860775828361511, -1, 1.0
6, 10022, 371, 119, 115, 70, 0.6765428781509399, -1, 1.0
6, 10029, 1555, 373, 356, 238, 0.6297159790992737, -1, 1.0
7, 10030, 185, 126, 85, 62, 0.8811244368553162, -1, 1.0
7, 10022, 370, 119, 116, 71, 0.7065995931625366, -1, 1.0
7, 10029, 1537, 371, 375, 246, 0.6930651068687439, -1, 1.0
8, 10031, 188, 120, 102, 67, 0.8582271337509155, -1, 1.0
8, 10030, 184, 127, 83, 61, 0.7085679769515991, -1, 1.0
8, 10022, 370, 119, 116, 71, 0.6934863924980164, -1, 1.0
8, 10029, 1515, 363, 394, 245, 0.5873310565948486, -1, 1.0
9, 10031, 188, 121, 101, 66, 0.8928055167198181, -1, 1.0
9, 10030, 184, 127, 82, 61, 0.7054018974304199, -1, 1.0
9, 10022, 371, 119, 116, 71, 0.7052462697029114, -1, 1.0
9, 10029, 1492, 359, 415, 249, 0.594694197177887, -1, 1.0
10, 10031, 187, 120, 100, 66, 0.8626421093940735, -1, 1.0
10, 10030, 184, 127, 82, 61, 0.730373203754425, -1, 1.0
10, 10022, 370, 119, 116, 71, 0.6942694783210754, -1, 1.0
10, 10029, 1469, 355, 437, 252, 0.5694869160652161, -1, 1.0
11, 10030, 183, 128, 81, 60, 0.777900755405426, -1, 1.0
11, 10022, 374, 118, 114, 70, 0.6805916428565979, -1, 1.0
11, 10029, 1447, 348, 458, 256, 0.6758372783660889, -1, 1.0
12, 10030, 183, 128, 81, 60, 0.7731397747993469, -1, 1.0
12, 10022, 375, 118, 113, 70, 0.6796156167984009, -1, 1.0
12, 10029, 1421, 340, 482, 259, 0.672918438911438, -1, 1.0
13, 10022, 378, 117, 111, 70, 0.8827630877494812, -1, 1.0
13, 10029, 1390, 335, 509, 262, 0.8277707695960999, -1, 1.0
14, 10068, 1357, 330, 410, 242, 0.8508737683296204, -1, 1.0
14, 10022, 379, 117, 110, 70, 0.6658633947372437, -1, 1.0
15, 10068, 1329, 319, 393, 218, 0.8450818061828613, -1, 1.0
15, 10022, 379, 118, 109, 70, 0.701450526714325, -1, 1.0
16, 10068, 1302, 318, 397, 214, 0.8518563508987427, -1, 1.0
16, 10022, 380, 118, 108, 69, 0.7920392155647278, -1, 1.0
16, 10029, 1296, 319, 534, 260, 0.7062945365905762, -1, 1.0
17, 10030, 183, 135, 75, 54, 0.8366174697875977, -1, 1.0
17, 10022, 380, 118, 108, 70, 0.7383950352668762, -1, 1.0
17, 10029, 1266, 314, 536, 255, 0.6056944131851196, -1, 1.0
18, 10030, 185, 133, 75, 54, 0.8801881670951843, -1, 1.0
18, 10022, 380, 118, 107, 69, 0.7221421599388123, -1, 1.0
18, 10029, 1235, 308, 536, 252, 0.6056212782859802, -1, 1.0
19, 10030, 185, 131, 76, 55, 0.7288459539413452, -1, 1.0
19, 10022, 380, 118, 107, 69, 0.720382571220398, -1, 1.0
19, 10029, 1205, 301, 534, 250, 0.6028807163238525, -1, 1.0
20, 10031, 190, 118, 105, 68, 0.875972330570221, -1, 1.0
20, 10030, 185, 131, 77, 56, 0.7222349643707275, -1, 1.0
20, 10022, 380, 119, 107, 69, 0.6019359230995178, -1, 1.0
20, 10029, 1173, 297, 533, 247, 0.5146773457527161, -1, 1.0
21, 10031, 233, 123, 98, 61, 0.8750648498535156, -1, 1.0
21, 10030, 185, 132, 75, 55, 0.7350248098373413, -1, 1.0
21, 10022, 379, 118, 108, 70, 0.7285177111625671, -1, 1.0
21, 10029, 1144, 293, 529, 244, 0.586528480052948, -1, 1.0
22, 10074, 126, 135, 79, 51, 0.8690451979637146, -1, 1.0
22, 10031, 253, 124, 94, 58, 0.7129591107368469, -1, 1.0
22, 10030, 185, 132, 75, 54, 0.7042560577392578, -1, 1.0
22, 10022, 379, 117, 108, 70, 0.5683152675628662, -1, 1.0
22, 10029, 1108, 288, 528, 243, 0.5096908211708069, -1, 1.0
23, 10030, 185, 131, 75, 54, 0.8686228394508362, -1, 1.0
23, 10022, 378, 118, 108, 70, 0.7021641731262207, -1, 1.0
23, 10029, 1074, 280, 528, 239, 0.6737943887710571, -1, 1.0
24, 10030, 186, 131, 75, 55, 0.7448016405105591, -1, 1.0
24, 10022, 377, 118, 110, 70, 0.6994513273239136, -1, 1.0
24, 10029, 1028, 272, 506, 233, 0.6850923895835876, -1, 1.0
25, 10030, 186, 131, 74, 54, 0.8756585121154785, -1, 1.0
25, 10022, 375, 118, 111, 71, 0.7121843099594116, -1, 1.0
25, 10029, 1006, 271, 504, 230, 0.6948185563087463, -1, 1.0
26, 10030, 187, 131, 74, 54, 0.9153791666030884, -1, 1.0
26, 10022, 374, 118, 112, 71, 0.6945095062255859, -1, 1.0
26, 10029, 977, 266, 503, 227, 0.6905420422554016, -1, 1.0
27, 10030, 186, 131, 75, 54, 0.9426149725914, -1, 1.0
27, 10022, 375, 118, 112, 71, 0.7333096861839294, -1, 1.0
27, 10029, 945, 258, 499, 222, 0.6590211987495422, -1, 1.0
28, 10030, 186, 131, 76, 55, 0.929608941078186, -1, 1.0
28, 10022, 373, 119, 113, 71, 0.740727424621582, -1, 1.0
28, 10029, 918, 256, 494, 221, 0.6543729305267334, -1, 1.0
29, 10030, 186, 131, 77, 55, 0.9070011377334596, -1, 1.0
29, 10022, 373, 118, 114, 72, 0.7452709674835205, -1, 1.0
29, 10029, 886, 250, 489, 219, 0.6566401720046997, -1, 1.0
30, 10030, 186, 131, 78, 55, 0.8760044574737549, -1, 1.0
30, 10022, 373, 118, 115, 72, 0.7493811249732971, -1, 1.0
30, 10029, 853, 248, 483, 214, 0.6475416421890259, -1, 1.0
31, 10030, 185, 130, 79, 56, 0.9080408215522766, -1, 1.0
31, 10022, 373, 118, 115, 72, 0.7531428933143616, -1, 1.0
31, 10029, 824, 246, 474, 211, 0.6442794799804688, -1, 1.0
32, 10030, 184, 129, 81, 57, 0.9157392382621764, -1, 1.0
32, 10022, 373, 118, 115, 73, 0.7440482974052429, -1, 1.0
32, 10029, 794, 241, 466, 207, 0.6340206861495972, -1, 1.0
33, 10030, 183, 129, 81, 57, 0.9077473878860474, -1, 1.0
33, 10022, 373, 118, 115, 72, 0.7482630610466003, -1, 1.0
33, 10029, 765, 237, 456, 203, 0.6508409976959229, -1, 1.0
34, 10030, 183, 130, 81, 57, 0.8713710308074951, -1, 1.0
34, 10022, 373, 118, 114, 73, 0.7177726626396179, -1, 1.0
34, 10029, 737, 230, 449, 200, 0.6680777668952942, -1, 1.0
35, 10030, 183, 129, 81, 57, 0.908204972743988, -1, 1.0
35, 10022, 373, 117, 114, 72, 0.7224917411804199, -1, 1.0
35, 10029, 707, 228, 442, 197, 0.6554177403450012, -1, 1.0
36, 10030, 184, 130, 80, 56, 0.9187244176864624, -1, 1.0
36, 10022, 373, 117, 114, 72, 0.7028108239173889, -1, 1.0
36, 10029, 677, 225, 433, 191, 0.6506072878837585, -1, 1.0
37, 10030, 184, 131, 80, 56, 0.9216819405555724, -1, 1.0
37, 10022, 375, 118, 113, 71, 0.6361160278320312, -1, 1.0
37, 10029, 650, 222, 420, 187, 0.6212579607963562, -1, 1.0
38, 10030, 184, 131, 81, 56, 0.9161714911460876, -1, 1.0
38, 10022, 375, 118, 113, 72, 0.6638098955154419, -1, 1.0
38, 10029, 625, 218, 408, 184, 0.5883050560951233, -1, 1.0
39, 10030, 185, 131, 81, 56, 0.8655948042869568, -1, 1.0
39, 10022, 374, 118, 114, 72, 0.6898144483566284, -1, 1.0
39, 10029, 600, 212, 397, 182, 0.6127921938896179, -1, 1.0
40, 10030, 185, 131, 80, 56, 0.929636776447296, -1, 1.0
40, 10022, 374, 118, 113, 71, 0.6677044034004211, -1, 1.0
40, 10029, 576, 210, 385, 178, 0.6466310024261475, -1, 1.0
41, 10030, 183, 131, 79, 56, 0.9314191937446594, -1, 1.0
41, 10022, 377, 118, 112, 71, 0.6984469890594482, -1, 1.0
41, 10029, 552, 209, 372, 174, 0.6634230613708496, -1, 1.0
42, 10030, 183, 131, 78, 56, 0.68419349193573, -1, 1.0
42, 10022, 378, 118, 111, 71, 0.6837447881698608, -1, 1.0
42, 10029, 527, 207, 361, 170, 0.5852305293083191, -1, 1.0
43, 10092, 122, 131, 80, 54, 0.9248430132865906, -1, 1.0
43, 10030, 183, 132, 77, 55, 0.622150182723999, -1, 1.0
43, 10022, 378, 119, 110, 70, 0.5774325132369995, -1, 1.0
43, 10029, 504, 203, 349, 164, 0.5215618014335632, -1, 1.0
44, 10092, 123, 130, 79, 54, 0.915665328502655, -1, 1.0
44, 10030, 182, 130, 77, 56, 0.5142884254455566, -1, 1.0
44, 10029, 480, 201, 338, 160, 0.5141319632530212, -1, 1.0
45, 10030, 183, 129, 77, 56, 0.6816377639770508, -1, 1.0
45, 10029, 458, 200, 328, 157, 0.5372205376625061, -1, 1.0
46, 10030, 184, 128, 78, 56, 0.667543351650238, -1, 1.0
46, 10029, 437, 196, 316, 155, 0.5100198984146118, -1, 1.0
47, 10030, 184, 128, 79, 57, 0.9344502091407776, -1, 1.0
47, 10029, 417, 195, 307, 151, 0.6637832522392273, -1, 1.0
48, 10030, 184, 127, 79, 57, 0.8337512612342834, -1, 1.0
48, 10029, 399, 192, 302, 146, 0.6509826183319092, -1, 1.0
49, 10030, 184, 128, 79, 58, 0.8945455551147461, -1, 1.0
49, 10029, 376, 191, 289, 141, 0.6138201951980591, -1, 1.0
50, 10030, 184, 130, 79, 57, 0.8118842244148254, -1, 1.0
50, 10029, 356, 191, 277, 138, 0.6416850686073303, -1, 1.0
51, 10029, 338, 191, 267, 135, 0.8664467334747314, -1, 1.0
52, 10029, 321, 187, 256, 131, 0.8281776309013367, -1, 1.0
53, 10022, 366, 119, 117, 71, 0.8869805335998535, -1, 1.0
53, 10029, 303, 187, 243, 128, 0.5140606164932251, -1, 1.0
54, 10022, 363, 120, 119, 71, 0.8414634466171265, -1, 1.0
54, 10029, 289, 187, 234, 125, 0.6122413873672485, -1, 1.0
55, 10029, 272, 187, 221, 122, 0.8087581992149353, -1, 1.0
56, 10029, 259, 188, 213, 117, 0.707482099533081, -1, 1.0
57, 10029, 243, 186, 205, 114, 0.7733621597290039, -1, 1.0
58, 10029, 229, 185, 197, 112, 0.7238729596138, -1, 1.0
59, 10029, 216, 185, 189, 108, 0.8421083688735962, -1, 1.0
60, 10029, 201, 185, 183, 106, 0.8123747110366821, -1, 1.0
61, 10022, 370, 120, 118, 68, 0.6827868819236755, -1, 1.0
61, 10029, 193, 188, 172, 101, 0.6245580911636353, -1, 1.0
62, 10109, 249, 203, 100, 80, 0.7648658156394958, -1, 1.0
62, 10022, 373, 120, 115, 69, 0.6712079644203186, -1, 1.0
62, 10029, 180, 187, 167, 98, 0.6296901106834412, -1, 1.0
63, 10111, 184, 125, 115, 63, 0.7741593718528748, -1, 1.0
63, 10109, 228, 193, 104, 85, 0.7138592004776001, -1, 1.0
63, 10022, 375, 120, 114, 69, 0.7103910446166992, -1, 1.0
63, 10029, 168, 187, 161, 94, 0.501396656036377, -1, 1.0
64, 10109, 214, 194, 99, 82, 0.7665091156959534, -1, 1.0
64, 10022, 375, 119, 113, 69, 0.6929545998573303, -1, 1.0
65, 10022, 375, 119, 112, 69, 0.7883585691452026, -1, 1.0
66, 10111, 187, 123, 108, 60, 0.8419303297996521, -1, 1.0
66, 10022, 374, 119, 113, 69, 0.7124175429344177, -1, 1.0
66, 10029, 130, 183, 144, 87, 0.6088649034500122, -1, 1.0
67, 10111, 156, 134, 118, 61, 0.8328275680541992, -1, 1.0
67, 10022, 377, 118, 111, 69, 0.6569251418113708, -1, 1.0
68, 10109, 123, 185, 116, 83, 0.8183813095092773, -1, 1.0
68, 10022, 376, 118, 111, 69, 0.7291658520698547, -1, 1.0
69, 10109, 106, 183, 118, 82, 0.8669442534446716, -1, 1.0
69, 10022, 376, 118, 111, 69, 0.7357113361358643, -1, 1.0
70, 10109, 93, 186, 119, 79, 0.7434269189834595, -1, 1.0
70, 10022, 374, 118, 112, 69, 0.6629132628440857, -1, 1.0
71, 10109, 78, 180, 122, 81, 0.7876999974250793, -1, 1.0
71, 10022, 374, 119, 113, 69, 0.7573695182800293, -1, 1.0
72, 10109, 71, 182, 119, 78, 0.7574551105499268, -1, 1.0
72, 10022, 373, 119, 114, 70, 0.7009451985359192, -1, 1.0
73, 10111, 173, 128, 102, 59, 0.8361209034919739, -1, 1.0
73, 10109, 58, 183, 117, 75, 0.7345882058143616, -1, 1.0
73, 10022, 373, 119, 114, 70, 0.5258857607841492, -1, 1.0
74, 10111, 176, 128, 99, 59, 0.8354775309562683, -1, 1.0
74, 10109, 48, 181, 116, 75, 0.7314484715461731, -1, 1.0
74, 10022, 373, 119, 114, 71, 0.53645259141922, -1, 1.0
75, 10111, 179, 128, 95, 59, 0.8249374032020569, -1, 1.0
75, 10109, 38, 180, 113, 73, 0.7291892766952515, -1, 1.0
75, 10022, 372, 119, 114, 71, 0.5812978148460388, -1, 1.0
76, 10111, 183, 124, 99, 61, 0.7644302845001221, -1, 1.0
76, 10109, 28, 178, 111, 74, 0.7333066463470459, -1, 1.0
76, 10022, 373, 118, 114, 71, 0.5478430390357971, -1, 1.0
77, 10109, 15, 177, 112, 73, 0.7391785979270935, -1, 1.0
77, 10022, 373, 118, 114, 72, 0.6059339046478271, -1, 1.0
78, 10109, 7, 180, 109, 70, 0.7525728940963745, -1, 1.0
78, 10022, 372, 118, 114, 72, 0.7381112575531006, -1, 1.0
79, 10111, 181, 126, 94, 60, 0.7886095643043518, -1, 1.0
79, 10109, 0, 180, 106, 69, 0.7447382211685181, -1, 1.0
79, 10022, 372, 118, 114, 72, 0.5757403373718262, -1, 1.0
80, 10111, 182, 126, 93, 60, 0.7461428046226501, -1, 1.0
80, 10109, 0, 182, 96, 66, 0.7157993316650391, -1, 1.0
80, 10022, 372, 118, 114, 72, 0.604107677936554, -1, 1.0
81, 10111, 180, 128, 89, 59, 0.7287272810935974, -1, 1.0
81, 10109, 0, 182, 88, 65, 0.6502690315246582, -1, 1.0
81, 10022, 373, 116, 113, 72, 0.6453719735145569, -1, 1.0
82, 10111, 180, 128, 87, 58, 0.7193849682807922, -1, 1.0
82, 10022, 374, 116, 113, 72, 0.6430093050003052, -1, 1.0
83, 10111, 180, 129, 84, 57, 0.6582501530647278, -1, 1.0
83, 10022, 375, 116, 112, 72, 0.5293928980827332, -1, 1.0
84, 10132, 186, 123, 104, 63, 0.7211214900016785, -1, 1.0
84, 10111, 181, 129, 82, 57, 0.6617472171783447, -1, 1.0
84, 10022, 375, 116, 112, 72, 0.5361164212226868, -1, 1.0
85, 10132, 187, 124, 104, 62, 0.6827524304389954, -1, 1.0
85, 10111, 181, 130, 79, 56, 0.6674618721008301, -1, 1.0
85, 10022, 375, 117, 111, 72, 0.5093060731887817, -1, 1.0
86, 10111, 182, 131, 78, 55, 0.681351900100708, -1, 1.0
86, 10022, 376, 117, 111, 71, 0.6722460985183716, -1, 1.0
87, 10111, 182, 131, 77, 55, 0.6790024638175964, -1, 1.0
87, 10022, 376, 117, 110, 71, 0.6756224036216736, -1, 1.0
88, 10111, 182, 131, 76, 55, 0.6805047392845154, -1, 1.0
88, 10022, 376, 117, 110, 71, 0.6718961000442505, -1, 1.0
89, 10111, 183, 132, 75, 55, 0.6818428039550781, -1, 1.0
89, 10022, 376, 117, 110, 71, 0.6662319898605347, -1, 1.0
90, 10111, 183, 132, 75, 54, 0.6858565211296082, -1, 1.0
90, 10022, 376, 117, 110, 71, 0.661647617816925, -1, 1.0
91, 10111, 185, 131, 77, 55, 0.733894407749176, -1, 1.0
91, 10022, 377, 118, 110, 72, 0.6899157762527466, -1, 1.0
92, 10132, 245, 120, 105, 63, 0.736729085445404, -1, 1.0
92, 10111, 185, 131, 78, 56, 0.6891303658485413, -1, 1.0
92, 10022, 377, 118, 111, 72, 0.610321044921875, -1, 1.0
93, 10132, 246, 119, 105, 63, 0.7390414476394653, -1, 1.0
93, 10111, 184, 131, 79, 56, 0.7009683847427368, -1, 1.0
93, 10022, 377, 118, 111, 73, 0.6333790421485901, -1, 1.0
94, 10139, 120, 126, 82, 58, 0.7231493592262268, -1, 1.0
94, 10132, 247, 119, 105, 63, 0.6814813017845154, -1, 1.0
94, 10111, 184, 131, 80, 57, 0.6405168175697327, -1, 1.0
94, 10022, 377, 118, 111, 73, 0.5163794755935669, -1, 1.0
95, 10139, 119, 125, 84, 59, 0.7272313833236694, -1, 1.0
95, 10132, 247, 119, 105, 63, 0.6760846376419067, -1, 1.0
95, 10111, 184, 131, 81, 57, 0.647830069065094, -1, 1.0
95, 10022, 377, 118, 111, 73, 0.5157268643379211, -1, 1.0
96, 10139, 119, 125, 84, 59, 0.7232462763786316, -1, 1.0
96, 10132, 246, 119, 105, 64, 0.6855660080909729, -1, 1.0
96, 10111, 184, 131, 82, 57, 0.6246739625930786, -1, 1.0
96, 10022, 376, 118, 112, 73, 0.5225815773010254, -1, 1.0
97, 10139, 120, 126, 85, 59, 0.7250216603279114, -1, 1.0
97, 10132, 246, 119, 107, 64, 0.6578925848007202, -1, 1.0
97, 10111, 186, 130, 83, 58, 0.5452366471290588, -1, 1.0
97, 10022, 375, 118, 112, 74, 0.533326268196106, -1, 1.0
98, 10139, 121, 127, 84, 58, 0.7232709527015686, -1, 1.0
98, 10132, 245, 119, 108, 64, 0.6602712273597717, -1, 1.0
98, 10111, 186, 130, 84, 58, 0.5404627919197083, -1, 1.0
98, 10022, 374, 118, 113, 74, 0.5348749160766602, -1, 1.0
99, 10111, 185, 129, 85, 59, 0.7476075887680054, -1, 1.0
99, 10022, 373, 117, 114, 74, 0.6607254147529602, -1, 1.0
100, 10111, 184, 129, 85, 59, 0.7463583946228027, -1, 1.0
100, 10022, 372, 116, 114, 74, 0.6797205805778503, -1, 1.0
101, 10111, 184, 129, 85, 58, 0.7673822641372681, -1, 1.0
101, 10022, 372, 116, 115, 75, 0.651645302772522, -1, 1.0
102, 10111, 183, 129, 85, 58, 0.769823431968689, -1, 1.0
102, 10022, 372, 116, 115, 75, 0.6636801362037659, -1, 1.0
103, 10111, 183, 130, 85, 57, 0.7585836052894592, -1, 1.0
103, 10022, 373, 116, 115, 75, 0.6569889187812805, -1, 1.0
104, 10111, 183, 130, 85, 57, 0.7613505721092224, -1, 1.0
104, 10022, 374, 116, 115, 75, 0.6569070219993591, -1, 1.0
105, 10111, 183, 130, 85, 57, 0.766783595085144, -1, 1.0
105, 10022, 374, 116, 115, 75, 0.6452971696853638, -1, 1.0
106, 10132, 249, 122, 102, 61, 0.7750293612480164, -1, 1.0
106, 10111, 184, 129, 85, 57, 0.622617781162262, -1, 1.0
106, 10022, 374, 116, 115, 75, 0.5121016502380371, -1, 1.0
107, 10132, 250, 122, 101, 61, 0.7710846662521362, -1, 1.0
107, 10111, 184, 130, 85, 57, 0.6229055523872375, -1, 1.0
107, 10022, 373, 116, 115, 75, 0.5062053799629211, -1, 1.0
108, 10132, 252, 122, 100, 61, 0.758056640625, -1, 1.0
108, 10111, 184, 130, 84, 57, 0.6770927906036377, -1, 1.0
108, 10022, 373, 115, 115, 76, 0.5501528382301331, -1, 1.0
109, 10132, 252, 123, 99, 61, 0.737551748752594, -1, 1.0
109, 10111, 184, 130, 83, 57, 0.683347225189209, -1, 1.0
109, 10022, 373, 115, 115, 76, 0.5500102639198303, -1, 1.0
110, 10132, 252, 123, 98, 60, 0.7390978336334229, -1, 1.0
110, 10111, 185, 130, 83, 57, 0.6893438100814819, -1, 1.0
110, 10022, 373, 115, 114, 76, 0.5571249723434448, -1, 1.0
111, 10111, 184, 129, 83, 57, 0.7422596216201782, -1, 1.0
111, 10022, 373, 116, 114, 74, 0.6608594059944153, -1, 1.0
112, 10111, 183, 129, 83, 58, 0.7436872720718384, -1, 1.0
112, 10022, 373, 116, 114, 74, 0.6745970845222473, -1, 1.0
113, 10111, 184, 130, 83, 58, 0.7155400514602661, -1, 1.0
113, 10022, 373, 117, 115, 73, 0.6534043550491333, -1, 1.0
114, 10111, 183, 129, 83, 58, 0.7435810565948486, -1, 1.0
114, 10022, 373, 116, 114, 73, 0.6900596022605896, -1, 1.0
115, 10111, 184, 129, 83, 59, 0.7499936819076538, -1, 1.0
115, 10022, 374, 116, 114, 73, 0.6118394136428833, -1, 1.0
116, 10111, 183, 128, 83, 59, 0.7538882493972778, -1, 1.0
116, 10022, 375, 116, 113, 73, 0.6147559285163879, -1, 1.0
117, 10111, 183, 128, 83, 59, 0.740737795829773, -1, 1.0
117, 10022, 373, 116, 114, 73, 0.6023442149162292, -1, 1.0
118, 10111, 184, 127, 84, 60, 0.744026243686676, -1, 1.0
118, 10022, 372, 117, 114, 72, 0.6721612811088562, -1, 1.0
119, 10111, 184, 127, 84, 60, 0.6237282752990723, -1, 1.0
119, 10022, 372, 117, 115, 72, 0.565403938293457, -1, 1.0
120, 10111, 184, 127, 84, 60, 0.7353904247283936, -1, 1.0
120, 10022, 371, 117, 115, 72, 0.5730249881744385, -1, 1.0
121, 10111, 184, 127, 85, 61, 0.6249921917915344, -1, 1.0
121, 10022, 377, 118, 112, 72, 0.623479425907135, -1, 1.0
122, 10162, 3, 199, 101, 112, 0.8821038007736206, -1, 1.0
122, 10132, 187, 120, 112, 66, 0.6257954835891724, -1, 1.0
122, 10111, 185, 127, 86, 61, 0.6214199066162109, -1, 1.0
122, 10022, 379, 118, 111, 72, 0.5441861748695374, -1, 1.0
123, 10162, 4, 201, 110, 114, 0.877549946308136, -1, 1.0
123, 10111, 184, 128, 86, 61, 0.6511929035186768, -1, 1.0
123, 10022, 379, 118, 110, 72, 0.6277134418487549, -1, 1.0
124, 10162, 9, 207, 117, 110, 0.8543578386306763, -1, 1.0
124, 10111, 184, 128, 87, 61, 0.6796861290931702, -1, 1.0
124, 10022, 377, 117, 110, 72, 0.5965138077735901, -1, 1.0
125, 10162, 9, 206, 126, 115, 0.8417589068412781, -1, 1.0
125, 10132, 187, 120, 116, 67, 0.6826154589653015, -1, 1.0
125, 10111, 183, 128, 88, 61, 0.5793413519859314, -1, 1.0
125, 10022, 376, 117, 111, 72, 0.5084724426269531, -1, 1.0
126, 10162, 14, 208, 133, 116, 0.787612795829773, -1, 1.0
126, 10111, 182, 128, 88, 61, 0.7226040959358215, -1, 1.0
126, 10022, 374, 117, 112, 72, 0.5462985038757324, -1, 1.0
127, 10162, 12, 208, 143, 119, 0.8311367034912109, -1, 1.0
127, 10111, 183, 127, 90, 61, 0.7250533699989319, -1, 1.0
127, 10022, 373, 117, 113, 72, 0.5788944363594055, -1, 1.0
128, 10162, 11, 209, 153, 122, 0.7243953347206116, -1, 1.0
128, 10111, 183, 126, 92, 62, 0.6957408785820007, -1, 1.0
128, 10022, 373, 117, 114, 73, 0.5262163877487183, -1, 1.0
129, 10162, 31, 210, 150, 122, 0.7858555316925049, -1, 1.0
129, 10111, 181, 127, 91, 62, 0.688481867313385, -1, 1.0
129, 10022, 373, 117, 114, 73, 0.5252166390419006, -1, 1.0
130, 10162, 36, 210, 154, 122, 0.8091031312942505, -1, 1.0
130, 10111, 181, 127, 91, 61, 0.6843251585960388, -1, 1.0
130, 10022, 375, 117, 113, 73, 0.5447096824645996, -1, 1.0
131, 10162, 37, 212, 161, 123, 0.8336843848228455, -1, 1.0
131, 10132, 186, 121, 113, 66, 0.5389514565467834, -1, 1.0
132, 10162, 37, 214, 169, 126, 0.8061099052429199, -1, 1.0
132, 10132, 187, 121, 111, 66, 0.5447843670845032, -1, 1.0
133, 10162, 41, 214, 174, 128, 0.8534689545631409, -1, 1.0
133, 10132, 188, 122, 109, 66, 0.5532528758049011, -1, 1.0
134, 10162, 48, 214, 179, 129, 0.8859027624130249, -1, 1.0
134, 10132, 188, 123, 108, 65, 0.544460654258728, -1, 1.0
134, 10111, 183, 128, 88, 60, 0.5245033502578735, -1, 1.0
134, 10022, 372, 118, 114, 71, 0.5034686923027039, -1, 1.0
135, 10162, 53, 214, 185, 130, 0.8634471297264099, -1, 1.0
135, 10132, 187, 124, 106, 64, 0.597212016582489, -1, 1.0
135, 10111, 184, 129, 87, 60, 0.5801778435707092, -1, 1.0
135, 10022, 370, 118, 115, 71, 0.5221169590950012, -1, 1.0
136, 10162, 61, 215, 188, 133, 0.8989278078079224, -1, 1.0
136, 10132, 186, 122, 108, 66, 0.6226436495780945, -1, 1.0
136, 10022, 368, 118, 117, 71, 0.6108169555664062, -1, 1.0
137, 10162, 67, 216, 191, 135, 0.9145342111587524, -1, 1.0
137, 10132, 186, 121, 109, 67, 0.6044585704803467, -1, 1.0
137, 10022, 367, 118, 118, 71, 0.5922035574913025, -1, 1.0
138, 10162, 71, 217, 195, 137, 0.8981525301933289, -1, 1.0
138, 10132, 186, 120, 113, 68, 0.5923771858215332, -1, 1.0
138, 10022, 367, 118, 118, 70, 0.5839226841926575, -1, 1.0
139, 10162, 74, 217, 200, 138, 0.9063513278961182, -1, 1.0
139, 10132, 186, 119, 115, 68, 0.5870391726493835, -1, 1.0
139, 10022, 368, 119, 118, 69, 0.5729750394821167, -1, 1.0
140, 10162, 80, 218, 203, 141, 0.909017026424408, -1, 1.0
140, 10022, 368, 119, 118, 69, 0.6338791251182556, -1, 1.0
141, 10162, 86, 218, 205, 141, 0.9253223538398744, -1, 1.0
142, 10162, 90, 219, 208, 142, 0.9371172785758972, -1, 1.0
142, 10132, 182, 120, 116, 68, 0.5401356220245361, -1, 1.0
143, 10162, 97, 219, 210, 143, 0.9433589577674866, -1, 1.0
143, 10132, 180, 121, 114, 66, 0.5842563509941101, -1, 1.0
144, 10162, 102, 220, 212, 144, 0.9297687411308287, -1, 1.0
144, 10132, 181, 122, 113, 66, 0.5586265921592712, -1, 1.0
145, 10162, 106, 219, 215, 144, 0.9238888025283812, -1, 1.0
146, 10162, 112, 220, 218, 145, 0.9245159029960632, -1, 1.0
147, 10162, 118, 221, 221, 145, 0.9184489846229552, -1, 1.0
148, 10162, 123, 221, 223, 146, 0.912629783153534, -1, 1.0
148, 10022, 371, 119, 114, 69, 0.5838777422904968, -1, 1.0
149, 10162, 129, 222, 225, 148, 0.9443626403808594, -1, 1.0
149, 10022, 372, 119, 113, 68, 0.5551694631576538, -1, 1.0
150, 10162, 135, 223, 228, 149, 0.9414592385292052, -1, 1.0
150, 10022, 373, 119, 112, 68, 0.5589502453804016, -1, 1.0
151, 10162, 139, 225, 232, 151, 0.9385578036308287, -1, 1.0
151, 10022, 378, 118, 110, 68, 0.6013522744178772, -1, 1.0
152, 10162, 144, 227, 237, 152, 0.9333153963088988, -1, 1.0
152, 10132, 181, 127, 100, 61, 0.5890872478485107, -1, 1.0
152, 10022, 379, 118, 108, 68, 0.5805785059928894, -1, 1.0
153, 10162, 152, 228, 240, 153, 0.9476231336593628, -1, 1.0
153, 10132, 182, 126, 97, 61, 0.5965936779975891, -1, 1.0
153, 10022, 380, 118, 107, 68, 0.5515905022621155, -1, 1.0
154, 10162, 157, 229, 245, 156, 0.936066210269928, -1, 1.0
154, 10132, 181, 127, 94, 60, 0.6136755347251892, -1, 1.0
154, 10022, 382, 118, 106, 68, 0.5507462024688721, -1, 1.0
155, 10162, 165, 229, 249, 158, 0.9461310505867004, -1, 1.0
155, 10132, 182, 128, 92, 59, 0.6140685081481934, -1, 1.0
156, 10162, 173, 230, 255, 160, 0.9381651878356934, -1, 1.0
156, 10132, 182, 129, 89, 59, 0.6515046954154968, -1, 1.0
157, 10162, 183, 231, 260, 162, 0.6562290787696838, -1, 1.0
157, 10132, 178, 130, 87, 58, 0.5644799470901489, -1, 1.0
157, 10022, 377, 119, 108, 68, 0.5381587147712708, -1, 1.0
158, 10162, 194, 232, 263, 163, 0.6460738778114319, -1, 1.0
158, 10132, 181, 130, 85, 58, 0.5283210873603821, -1, 1.0
158, 10022, 375, 119, 109, 68, 0.5225414633750916, -1, 1.0
159, 10162, 204, 233, 270, 165, 0.93428635597229, -1, 1.0
159, 10132, 179, 131, 83, 56, 0.6168944835662842, -1, 1.0
159, 10022, 374, 120, 111, 68, 0.5542615056037903, -1, 1.0
160, 10162, 215, 234, 275, 168, 0.939763367176056, -1, 1.0
160, 10132, 181, 131, 82, 56, 0.6473125219345093, -1, 1.0
160, 10022, 373, 119, 112, 68, 0.6130841374397278, -1, 1.0
161, 10162, 227, 236, 281, 171, 0.9445151090621948, -1, 1.0
161, 10132, 184, 130, 84, 56, 0.5831303000450134, -1, 1.0
161, 10022, 371, 119, 114, 68, 0.5777267813682556, -1, 1.0
162, 10162, 241, 238, 290, 175, 0.933596670627594, -1, 1.0
162, 10132, 185, 131, 83, 55, 0.6363504528999329, -1, 1.0
162, 10022, 371, 119, 114, 68, 0.5772603154182434, -1, 1.0
163, 10162, 255, 241, 297, 178, 0.9425992965698242, -1, 1.0
163, 10132, 185, 131, 83, 55, 0.6385432481765747, -1, 1.0
163, 10022, 370, 119, 115, 68, 0.5163699388504028, -1, 1.0
164, 10162, 273, 243, 307, 182, 0.935560405254364, -1, 1.0
164, 10132, 185, 130, 83, 56, 0.6096988916397095, -1, 1.0
164, 10022, 372, 119, 115, 67, 0.5940987467765808, -1, 1.0
165, 10162, 289, 246, 318, 187, 0.9381085634231568, -1, 1.0
165, 10132, 184, 130, 82, 56, 0.6549772620201111, -1, 1.0
165, 10022, 373, 120, 114, 67, 0.6469835638999939, -1, 1.0
166, 10162, 307, 250, 330, 193, 0.9227694272994996, -1, 1.0
166, 10132, 184, 131, 81, 55, 0.6687922477722168, -1, 1.0
166, 10022, 374, 120, 114, 67, 0.6316637396812439, -1, 1.0
167, 10162, 326, 254, 343, 197, 0.917796552181244, -1, 1.0
167, 10132, 183, 132, 80, 55, 0.5856050848960876, -1, 1.0
168, 10214, 189, 126, 93, 58, 0.921700656414032, -1, 1.0
168, 10162, 350, 257, 356, 202, 0.5922956466674805, -1, 1.0
168, 10132, 184, 132, 79, 54, 0.5409392714500427, -1, 1.0
169, 10162, 373, 261, 373, 208, 0.9167280197143556, -1, 1.0
169, 10132, 184, 132, 80, 54, 0.5888270735740662, -1, 1.0
170, 10162, 396, 265, 390, 212, 0.8967158198356628, -1, 1.0
170, 10132, 184, 132, 79, 54, 0.6189044713973999, -1, 1.0
170, 10022, 375, 121, 112, 66, 0.5382310152053833, -1, 1.0
171, 10162, 423, 271, 409, 220, 0.8953798413276672, -1, 1.0
171, 10132, 185, 133, 79, 54, 0.5058277249336243, -1, 1.0
171, 10022, 374, 120, 112, 67, 0.5045464038848877, -1, 1.0
172, 10162, 464, 273, 424, 227, 0.8850416541099548, -1, 1.0
172, 10132, 185, 133, 79, 54, 0.5293344259262085, -1, 1.0
172, 10022, 374, 120, 112, 68, 0.5230399370193481, -1, 1.0
173, 10162, 494, 281, 446, 236, 0.8509301543235779, -1, 1.0
173, 10022, 373, 119, 113, 68, 0.5909010767936707, -1, 1.0
174, 10162, 536, 291, 467, 243, 0.8141472935676575, -1, 1.0
174, 10022, 372, 119, 114, 69, 0.5309851765632629, -1, 1.0
175, 10162, 575, 298, 490, 252, 0.8743683099746704, -1, 1.0
175, 10132, 185, 132, 80, 54, 0.6016932129859924, -1, 1.0
175, 10022, 372, 119, 114, 69, 0.5367169976234436, -1, 1.0
176, 10162, 630, 310, 511, 260, 0.6084986329078674, -1, 1.0
176, 10132, 185, 131, 82, 55, 0.5296695232391357, -1, 1.0
176, 10022, 371, 119, 115, 70, 0.5294589400291443, -1, 1.0
177, 10162, 676, 317, 540, 270, 0.7677371501922607, -1, 1.0
177, 10132, 185, 131, 84, 56, 0.6083645224571228, -1, 1.0
177, 10022, 370, 119, 116, 70, 0.5322861075401306, -1, 1.0
178, 10162, 741, 330, 561, 282, 0.8116158843040466, -1, 1.0
178, 10132, 186, 131, 85, 56, 0.5974417328834534, -1, 1.0
178, 10022, 370, 119, 116, 71, 0.5906074643135071, -1, 1.0
179, 10162, 795, 340, 596, 294, 0.7122976183891296, -1, 1.0
179, 10132, 190, 127, 91, 57, 0.6170604825019836, -1, 1.0
179, 10022, 371, 120, 116, 71, 0.5332306027412415, -1, 1.0
180, 10224, 1813, 474, 101, 151, 0.7101882696151733, -1, 1.0
180, 10162, 955, 357, 569, 303, 0.6717901229858398, -1, 1.0
180, 10132, 192, 124, 95, 59, 0.5544930696487427, -1, 1.0
180, 10022, 371, 120, 116, 71, 0.5110735297203064, -1, 1.0
181, 10132, 185, 130, 90, 57, 0.8497750759124756, -1, 1.0
181, 10022, 372, 119, 116, 71, 0.6831449866294861, -1, 1.0
182, 10132, 183, 133, 86, 55, 0.8667104840278625, -1, 1.0
182, 10022, 372, 118, 115, 72, 0.8633751273155212, -1, 1.0
183, 10224, 1775, 454, 139, 175, 0.6847847700119019, -1, 1.0
183, 10132, 183, 134, 83, 54, 0.654078483581543, -1, 1.0
183, 10022, 372, 118, 115, 72, 0.5423288345336914, -1, 1.0
184, 10132, 184, 133, 81, 54, 0.6993705034255981, -1, 1.0
184, 10022, 370, 118, 116, 72, 0.5687040090560913, -1, 1.0
185, 10132, 183, 133, 81, 54, 0.7580743432044983, -1, 1.0
185, 10022, 370, 117, 117, 72, 0.6933128833770752, -1, 1.0
186, 10224, 1668, 464, 251, 331, 0.7256863713264465, -1, 1.0
186, 10132, 184, 132, 81, 54, 0.5465964674949646, -1, 1.0
186, 10022, 369, 117, 118, 72, 0.5270110368728638, -1, 1.0
187, 10224, 1571, 451, 322, 338, 0.8704171776771545, -1, 1.0
187, 10132, 185, 133, 81, 54, 0.7278423309326172, -1, 1.0
187, 10022, 368, 117, 118, 73, 0.556186318397522, -1, 1.0
188, 10132, 185, 133, 81, 54, 0.7096638083457947, -1, 1.0
188, 10022, 368, 117, 119, 73, 0.5158612132072449, -1, 1.0
189, 10229, 1132, 192, 161, 94, 0.8715737462043762, -1, 1.0
189, 10022, 369, 117, 118, 73, 0.6928021907806396, -1, 1.0
190, 10229, 1124, 192, 164, 97, 0.8942272663116455, -1, 1.0
190, 10224, 1675, 432, 244, 277, 0.8788877129554749, -1, 1.0
190, 10022, 369, 117, 118, 73, 0.6954325437545776, -1, 1.0
191, 10229, 1118, 193, 166, 98, 0.9143854975700378, -1, 1.0
191, 10224, 1684, 421, 235, 244, 0.8994556665420532, -1, 1.0
191, 10132, 186, 132, 83, 55, 0.6958892941474915, -1, 1.0
191, 10022, 372, 118, 116, 72, 0.5537570714950562, -1, 1.0
192, 10229, 1112, 194, 167, 99, 0.9004573822021484, -1, 1.0
192, 10224, 1686, 419, 233, 226, 0.8209774494171143, -1, 1.0
192, 10132, 185, 131, 85, 56, 0.7138673067092896, -1, 1.0
192, 10022, 374, 119, 115, 71, 0.5256118774414062, -1, 1.0
193, 10229, 1105, 195, 169, 100, 0.8968313336372375, -1, 1.0
193, 10224, 1683, 421, 236, 215, 0.8168342709541321, -1, 1.0
193, 10132, 183, 129, 85, 57, 0.670671820640564, -1, 1.0
193, 10022, 373, 119, 114, 71, 0.5964540243148804, -1, 1.0
194, 10229, 1097, 197, 170, 99, 0.9106714129447936, -1, 1.0
194, 10224, 1679, 422, 240, 209, 0.8488993644714355, -1, 1.0
194, 10132, 183, 129, 86, 58, 0.6965658068656921, -1, 1.0
194, 10022, 372, 119, 115, 70, 0.6371044516563416, -1, 1.0
195, 10229, 1091, 197, 173, 99, 0.9162841439247132, -1, 1.0
195, 10224, 1674, 422, 245, 205, 0.8834691643714905, -1, 1.0
195, 10132, 182, 128, 87, 59, 0.6958716511726379, -1, 1.0
195, 10022, 371, 119, 115, 70, 0.594465970993042, -1, 1.0
196, 10229, 1086, 197, 175, 101, 0.915330708026886, -1, 1.0
196, 10224, 1666, 423, 251, 200, 0.8610295653343201, -1, 1.0
196, 10132, 182, 127, 89, 60, 0.7032555937767029, -1, 1.0
196, 10022, 371, 119, 115, 70, 0.5635056495666504, -1, 1.0
197, 10229, 1082, 197, 175, 101, 0.9140964150428772, -1, 1.0
197, 10224, 1658, 422, 257, 198, 0.8846468329429626, -1, 1.0
197, 10132, 183, 127, 88, 60, 0.711489200592041, -1, 1.0
197, 10022, 371, 119, 115, 70, 0.6111263632774353, -1, 1.0
198, 10229, 1077, 198, 176, 103, 0.9032235145568848, -1, 1.0
198, 10224, 1648, 423, 266, 198, 0.8815518021583557, -1, 1.0
198, 10132, 183, 128, 88, 60, 0.7041632533073425, -1, 1.0
198, 10022, 371, 119, 115, 70, 0.5830897688865662, -1, 1.0
199, 10229, 1073, 199, 177, 103, 0.9108917713165284, -1, 1.0
199, 10224, 1637, 424, 275, 204, 0.8729643821716309, -1, 1.0
199, 10132, 184, 128, 88, 60, 0.7043700814247131, -1, 1.0
199, 10022, 372, 119, 114, 70, 0.5935559272766113, -1, 1.0
200, 10229, 1069, 199, 178, 104, 0.9295397996902466, -1, 1.0
200, 10224, 1626, 422, 286, 207, 0.914242148399353, -1, 1.0
200, 10132, 183, 128, 88, 60, 0.6954281330108643, -1, 1.0
200, 10022, 372, 119, 114, 70, 0.5628162622451782, -1, 1.0
201, 10229, 1066, 200, 179, 104, 0.9271900057792664, -1, 1.0
201, 10224, 1611, 418, 298, 210, 0.9181894063949584, -1, 1.0
201, 10132, 184, 129, 87, 59, 0.6868844628334045, -1, 1.0
201, 10022, 373, 120, 114, 71, 0.6489625573158264, -1, 1.0
202, 10229, 1065, 200, 179, 104, 0.9257418513298036, -1, 1.0
202, 10224, 1594, 415, 313, 212, 0.9138824939727784, -1, 1.0
202, 10132, 183, 129, 86, 59, 0.6832325458526611, -1, 1.0
202, 10022, 373, 119, 114, 71, 0.6626660227775574, -1, 1.0
203, 10229, 1064, 200, 179, 104, 0.923084318637848, -1, 1.0
203, 10224, 1576, 411, 329, 210, 0.9089949131011964, -1, 1.0
203, 10132, 184, 129, 85, 58, 0.6820607781410217, -1, 1.0
203, 10022, 374, 119, 113, 72, 0.6491438746452332, -1, 1.0
204, 10229, 1063, 201, 179, 104, 0.9165167212486268, -1, 1.0
204, 10224, 1555, 404, 348, 207, 0.9145104885101318, -1, 1.0
204, 10132, 184, 129, 84, 58, 0.6895018815994263, -1, 1.0
204, 10022, 375, 119, 113, 72, 0.6537538766860962, -1, 1.0
205, 10229, 1062, 203, 179, 103, 0.928429365158081, -1, 1.0
205, 10224, 1530, 398, 367, 204, 0.9129289388656616, -1, 1.0
205, 10132, 184, 129, 85, 58, 0.664577066898346, -1, 1.0
205, 10022, 374, 119, 113, 72, 0.6135556697845459, -1, 1.0
206, 10245, 186, 121, 109, 64, 0.9451041221618652, -1, 1.0
206, 10229, 1062, 204, 180, 102, 0.9129084348678588, -1, 1.0
206, 10224, 1499, 393, 380, 202, 0.6541699171066284, -1, 1.0
206, 10132, 184, 129, 87, 59, 0.5975713133811951, -1, 1.0
206, 10022, 374, 118, 113, 72, 0.5198249220848083, -1, 1.0
207, 10229, 1062, 204, 180, 102, 0.937675714492798, -1, 1.0
207, 10224, 1464, 389, 389, 202, 0.9127307534217834, -1, 1.0
207, 10132, 184, 128, 87, 59, 0.6400872468948364, -1, 1.0
207, 10022, 374, 118, 113, 72, 0.6197053790092468, -1, 1.0
208, 10229, 1062, 204, 180, 102, 0.9484108090400696, -1, 1.0
208, 10224, 1429, 381, 396, 203, 0.910548985004425, -1, 1.0
208, 10132, 184, 128, 87, 59, 0.6483728885650635, -1, 1.0
208, 10022, 375, 118, 113, 72, 0.6162261962890625, -1, 1.0
209, 10229, 1062, 204, 180, 102, 0.9321706295013428, -1, 1.0
209, 10224, 1393, 374, 401, 204, 0.91191303730011, -1, 1.0
209, 10132, 183, 128, 87, 59, 0.6451122760772705, -1, 1.0
209, 10022, 374, 119, 113, 72, 0.6402693390846252, -1, 1.0
210, 10229, 1063, 203, 180, 102, 0.9312793612480164, -1, 1.0
210, 10224, 1357, 368, 402, 199, 0.9135726690292358, -1, 1.0
210, 10132, 182, 129, 87, 59, 0.6481108069419861, -1, 1.0
210, 10022, 373, 119, 114, 72, 0.6424524188041687, -1, 1.0
211, 10229, 1063, 200, 180, 104, 0.9268550276756288, -1, 1.0
211, 10224, 1316, 358, 403, 197, 0.91915625333786, -1, 1.0
211, 10132, 181, 129, 85, 59, 0.7261862754821777, -1, 1.0
211, 10022, 373, 118, 114, 73, 0.6385471224784851, -1, 1.0
212, 10229, 1063, 199, 180, 104, 0.9484988451004028, -1, 1.0
212, 10224, 1275, 350, 404, 196, 0.9173380732536316, -1, 1.0
212, 10132, 181, 129, 85, 58, 0.7380893230438232, -1, 1.0
212, 10022, 373, 118, 114, 73, 0.640047013759613, -1, 1.0
213, 10229, 1063, 199, 179, 105, 0.9599190950393676, -1, 1.0
213, 10224, 1234, 345, 404, 195, 0.9180320501327516, -1, 1.0
213, 10132, 181, 129, 84, 58, 0.7328386902809143, -1, 1.0
213, 10022, 373, 118, 114, 73, 0.6453446745872498, -1, 1.0
214, 10229, 1063, 198, 179, 105, 0.9337305426597596, -1, 1.0
214, 10224, 1191, 337, 403, 193, 0.9165392518043518, -1, 1.0
214, 10132, 181, 129, 84, 58, 0.7044355869293213, -1, 1.0
214, 10022, 372, 118, 115, 73, 0.6563445329666138, -1, 1.0
215, 10229, 1063, 198, 179, 106, 0.916370153427124, -1, 1.0
215, 10224, 1149, 327, 401, 190, 0.908680260181427, -1, 1.0
215, 10132, 181, 129, 84, 58, 0.7093855738639832, -1, 1.0
215, 10022, 371, 117, 116, 74, 0.6289398074150085, -1, 1.0
216, 10253, 186, 122, 103, 63, 0.9369714856147766, -1, 1.0
216, 10229, 1063, 199, 178, 106, 0.9194198250770568, -1, 1.0
216, 10224, 1105, 321, 398, 188, 0.7008026838302612, -1, 1.0
216, 10132, 181, 129, 84, 58, 0.6151652932167053, -1, 1.0
216, 10022, 372, 118, 116, 74, 0.501394510269165, -1, 1.0
217, 10229, 1064, 199, 178, 105, 0.9306915998458862, -1, 1.0
217, 10224, 1063, 315, 395, 184, 0.9092479348182678, -1, 1.0
217, 10132, 181, 130, 83, 57, 0.7004172205924988, -1, 1.0
217, 10022, 371, 118, 117, 74, 0.6426477432250977, -1, 1.0
218, 10229, 1064, 199, 178, 105, 0.9133670926094056, -1, 1.0
218, 10224, 1021, 309, 391, 181, 0.8996189832687378, -1, 1.0
218, 10132, 183, 130, 83, 57, 0.6730757355690002, -1, 1.0
218, 10022, 371, 118, 116, 74, 0.6571715474128723, -1, 1.0
219, 10229, 1064, 200, 178, 103, 0.9132646322250366, -1, 1.0
219, 10224, 979, 304, 385, 179, 0.8923461437225342, -1, 1.0
219, 10132, 183, 131, 83, 57, 0.613104522228241, -1, 1.0
219, 10022, 372, 119, 116, 74, 0.5674640536308289, -1, 1.0
220, 10229, 1065, 201, 179, 102, 0.8870720267295837, -1, 1.0
220, 10224, 935, 296, 379, 174, 0.8346174955368042, -1, 1.0
220, 10132, 184, 131, 83, 56, 0.6128711700439453, -1, 1.0
220, 10022, 371, 119, 116, 74, 0.599655270576477, -1, 1.0
221, 10229, 1066, 202, 179, 100, 0.8950898051261902, -1, 1.0
221, 10224, 892, 289, 373, 170, 0.8695070743560791, -1, 1.0
221, 10132, 184, 131, 83, 56, 0.7060227990150452, -1, 1.0
221, 10022, 374, 118, 114, 73, 0.5718768239021301, -1, 1.0
222, 10229, 1066, 203, 178, 99, 0.9285853505134584, -1, 1.0
222, 10224, 852, 282, 367, 167, 0.8578816056251526, -1, 1.0
222, 10132, 185, 131, 83, 56, 0.6904410719871521, -1, 1.0
222, 10022, 376, 118, 113, 73, 0.5806135535240173, -1, 1.0
223, 10229, 1065, 204, 179, 99, 0.9346731901168824, -1, 1.0
223, 10224, 810, 277, 358, 165, 0.8910915851593018, -1, 1.0
223, 10132, 184, 131, 83, 56, 0.7257257103919983, -1, 1.0
223, 10022, 375, 118, 113, 73, 0.5686248540878296, -1, 1.0
224, 10229, 1064, 203, 178, 100, 0.9450650215148926, -1, 1.0
224, 10224, 767, 272, 349, 165, 0.9107788801193236, -1, 1.0
224, 10132, 182, 131, 83, 56, 0.6733728051185608, -1, 1.0
224, 10022, 375, 118, 113, 72, 0.5274868011474609, -1, 1.0
225, 10229, 1062, 202, 178, 100, 0.923288643360138, -1, 1.0
225, 10224, 727, 265, 340, 159, 0.904586136341095, -1, 1.0
225, 10132, 182, 131, 83, 56, 0.6748005747795105, -1, 1.0
225, 10022, 376, 118, 112, 72, 0.619718611240387, -1, 1.0
226, 10229, 1061, 201, 178, 102, 0.9417760372161864, -1, 1.0
226, 10224, 691, 260, 330, 155, 0.9151917099952698, -1, 1.0
226, 10132, 182, 131, 82, 56, 0.6769040822982788, -1, 1.0
226, 10022, 374, 118, 113, 72, 0.6384366154670715, -1, 1.0
227, 10229, 1059, 201, 179, 103, 0.9368208646774292, -1, 1.0
227, 10224, 655, 255, 320, 152, 0.9198167324066162, -1, 1.0
227, 10132, 182, 131, 81, 56, 0.6828646063804626, -1, 1.0
227, 10022, 374, 117, 113, 72, 0.620576798915863, -1, 1.0
228, 10229, 1056, 203, 179, 103, 0.950106680393219, -1, 1.0
228, 10224, 620, 250, 309, 148, 0.9228788614273072, -1, 1.0
228, 10132, 183, 132, 80, 55, 0.7015138864517212, -1, 1.0
228, 10022, 375, 118, 112, 71, 0.608052134513855, -1, 1.0
229, 10229, 1052, 204, 180, 103, 0.9386279582977296, -1, 1.0
229, 10224, 586, 244, 299, 144, 0.9192870259284972, -1, 1.0
229, 10132, 183, 132, 80, 55, 0.7243895530700684, -1, 1.0
229, 10022, 375, 118, 112, 71, 0.5245609879493713, -1, 1.0
230, 10229, 1048, 206, 182, 103, 0.934101700782776, -1, 1.0
230, 10224, 552, 239, 288, 140, 0.9184529185295104, -1, 1.0
230, 10132, 183, 133, 81, 55, 0.701057493686676, -1, 1.0
230, 10022, 375, 118, 112, 71, 0.5378386974334717, -1, 1.0
231, 10229, 1043, 208, 182, 103, 0.9401339292526244, -1, 1.0
231, 10224, 521, 235, 277, 136, 0.9108011722564696, -1, 1.0
231, 10132, 184, 131, 82, 56, 0.6435629725456238, -1, 1.0
231, 10022, 377, 118, 111, 72, 0.6059193015098572, -1, 1.0
232, 10253, 187, 124, 103, 62, 0.9144142866134644, -1, 1.0
232, 10229, 1035, 208, 184, 104, 0.9025108218193054, -1, 1.0
232, 10224, 491, 230, 266, 132, 0.6355260014533997, -1, 1.0
232, 10132, 184, 131, 83, 57, 0.6003885865211487, -1, 1.0
232, 10022, 378, 118, 110, 72, 0.577107846736908, -1, 1.0
233, 10253, 187, 124, 103, 62, 0.9306911826133728, -1, 1.0
233, 10229, 1029, 210, 186, 104, 0.9183308482170104, -1, 1.0
233, 10224, 460, 227, 257, 128, 0.6070424914360046, -1, 1.0
233, 10132, 183, 130, 84, 57, 0.5942533016204834, -1, 1.0
233, 10022, 378, 117, 109, 71, 0.5900856256484985, -1, 1.0
234, 10253, 187, 123, 104, 63, 0.907554030418396, -1, 1.0
234, 10229, 1021, 211, 187, 105, 0.9045355916023254, -1, 1.0
234, 10224, 431, 224, 244, 124, 0.6437712907791138, -1, 1.0
234, 10132, 183, 130, 84, 58, 0.6035665273666382, -1, 1.0
234, 10022, 377, 117, 109, 72, 0.581324577331543, -1, 1.0
235, 10270, 252, 123, 95, 58, 0.9193323254585266, -1, 1.0
235, 10253, 184, 124, 102, 62, 0.9060819149017334, -1, 1.0
235, 10229, 1013, 213, 190, 106, 0.5949825048446655, -1, 1.0
235, 10224, 407, 221, 234, 120, 0.5515831708908081, -1, 1.0
235, 10132, 180, 131, 84, 56, 0.5476102828979492, -1, 1.0
235, 10022, 378, 118, 109, 70, 0.5166371464729309, -1, 1.0
236, 10253, 184, 125, 102, 62, 0.9057162404060364, -1, 1.0
236, 10229, 1002, 214, 192, 107, 0.9048274159431458, -1, 1.0
236, 10224, 383, 219, 223, 118, 0.5960966944694519, -1, 1.0
236, 10132, 180, 131, 84, 57, 0.5463268756866455, -1, 1.0
236, 10022, 377, 119, 109, 69, 0.5101215243339539, -1, 1.0
237, 10229, 990, 215, 196, 109, 0.9099700450897216, -1, 1.0
237, 10224, 360, 217, 213, 116, 0.8744400143623352, -1, 1.0
237, 10132, 180, 131, 84, 57, 0.6222423911094666, -1, 1.0
237, 10022, 376, 119, 109, 68, 0.5028603672981262, -1, 1.0
238, 10229, 977, 216, 199, 110, 0.926680862903595, -1, 1.0
238, 10224, 336, 214, 204, 112, 0.8272006511688232, -1, 1.0
238, 10132, 180, 131, 84, 57, 0.6325465440750122, -1, 1.0
239, 10229, 967, 217, 201, 111, 0.9262202978134156, -1, 1.0
239, 10224, 314, 213, 195, 108, 0.8766950964927673, -1, 1.0
239, 10132, 180, 131, 84, 57, 0.6308378577232361, -1, 1.0
240, 10229, 950, 221, 206, 113, 0.9118217825889589, -1, 1.0
240, 10224, 295, 210, 186, 105, 0.8583644032478333, -1, 1.0
240, 10132, 180, 131, 84, 57, 0.6105459928512573, -1, 1.0
241, 10253, 183, 126, 99, 61, 0.9135398268699646, -1, 1.0
241, 10229, 934, 224, 210, 115, 0.8437286019325256, -1, 1.0
241, 10224, 276, 209, 178, 103, 0.604864239692688, -1, 1.0
242, 10253, 187, 124, 101, 62, 0.9373857378959656, -1, 1.0
242, 10229, 920, 227, 212, 116, 0.8536351919174194, -1, 1.0
242, 10224, 259, 207, 168, 98, 0.5776855945587158, -1, 1.0
243, 10253, 188, 122, 103, 63, 0.9279429316520692, -1, 1.0
243, 10229, 901, 228, 216, 118, 0.8337038159370422, -1, 1.0
243, 10224, 240, 207, 161, 95, 0.5514584183692932, -1, 1.0
243, 10022, 375, 121, 111, 69, 0.5468094944953918, -1, 1.0
244, 10253, 187, 123, 102, 63, 0.9282768964767456, -1, 1.0
244, 10229, 881, 232, 221, 119, 0.8163897395133972, -1, 1.0
244, 10224, 223, 207, 155, 92, 0.6056544184684753, -1, 1.0
244, 10022, 374, 122, 112, 69, 0.5971047282218933, -1, 1.0
245, 10229, 861, 235, 226, 122, 0.9291438460350036, -1, 1.0
245, 10224, 205, 205, 150, 89, 0.8451029062271118, -1, 1.0
245, 10132, 184, 129, 82, 58, 0.6333935260772705, -1, 1.0
245, 10022, 375, 120, 112, 69, 0.621218204498291, -1, 1.0
246, 10229, 837, 239, 232, 123, 0.923828661441803, -1, 1.0
246, 10224, 190, 204, 143, 87, 0.8492932915687561, -1, 1.0
246, 10132, 185, 128, 84, 59, 0.6654961109161377, -1, 1.0
246, 10022, 376, 119, 111, 70, 0.6113810539245605, -1, 1.0
247, 10229, 813, 242, 239, 126, 0.940160870552063, -1, 1.0
247, 10224, 174, 204, 138, 84, 0.8743671178817749, -1, 1.0
247, 10132, 185, 128, 85, 59, 0.7114784717559814, -1, 1.0
247, 10022, 374, 119, 112, 70, 0.5656713247299194, -1, 1.0
248, 10229, 787, 244, 246, 130, 0.9305073022842408, -1, 1.0
248, 10224, 160, 203, 132, 82, 0.8909049034118652, -1, 1.0
248, 10022, 375, 119, 112, 70, 0.6719622611999512, -1, 1.0
249, 10229, 760, 246, 252, 134, 0.9215005040168762, -1, 1.0
249, 10224, 147, 202, 126, 79, 0.8751927614212036, -1, 1.0
249, 10022, 376, 119, 112, 70, 0.6709107160568237, -1, 1.0
250, 10253, 186, 122, 111, 64, 0.9404680132865906, -1, 1.0
250, 10229, 730, 250, 259, 136, 0.8872597813606262, -1, 1.0
250, 10224, 134, 200, 121, 77, 0.6935608386993408, -1, 1.0
250, 10022, 376, 119, 111, 70, 0.5194382667541504, -1, 1.0
251, 10229, 699, 255, 267, 139, 0.9411632418632508, -1, 1.0
251, 10224, 120, 198, 116, 74, 0.8985968232154846, -1, 1.0
251, 10022, 378, 119, 110, 70, 0.5745817422866821, -1, 1.0
252, 10229, 665, 260, 274, 143, 0.9497097730636596, -1, 1.0
252, 10224, 107, 198, 111, 72, 0.8398498296737671, -1, 1.0
252, 10022, 380, 119, 109, 70, 0.6275282502174377, -1, 1.0
253, 10229, 630, 265, 283, 151, 0.9333552718162536, -1, 1.0
253, 10224, 94, 198, 107, 69, 0.8574249744415283, -1, 1.0
253, 10022, 379, 119, 109, 70, 0.5787481069564819, -1, 1.0
254, 10229, 592, 271, 291, 158, 0.9462782144546508, -1, 1.0
254, 10224, 83, 198, 103, 67, 0.8458355665206909, -1, 1.0
254, 10022, 379, 120, 109, 70, 0.5507866740226746, -1, 1.0
255, 10229, 554, 277, 299, 165, 0.9470169544219972, -1, 1.0
255, 10224, 70, 198, 100, 66, 0.8792298436164856, -1, 1.0
255, 10022, 378, 119, 110, 70, 0.5720164179801941, -1, 1.0
256, 10253, 184, 123, 109, 64, 0.9408692717552184, -1, 1.0
256, 10229, 513, 283, 307, 171, 0.8836370706558228, -1, 1.0
256, 10224, 59, 197, 96, 64, 0.5852938890457153, -1, 1.0
256, 10022, 377, 119, 110, 70, 0.526877224445343, -1, 1.0
257, 10229, 467, 292, 316, 174, 0.949735939502716, -1, 1.0
257, 10224, 48, 196, 92, 62, 0.8715572953224182, -1, 1.0
257, 10022, 376, 119, 111, 70, 0.626914918422699, -1, 1.0
258, 10229, 417, 302, 328, 180, 0.9109408259391784, -1, 1.0
258, 10224, 40, 197, 88, 59, 0.8609946370124817, -1, 1.0
258, 10022, 376, 119, 111, 70, 0.6371955275535583, -1, 1.0
259, 10229, 365, 313, 338, 185, 0.932790994644165, -1, 1.0
259, 10224, 28, 196, 86, 57, 0.8600179553031921, -1, 1.0
259, 10132, 180, 130, 91, 58, 0.6087431907653809, -1, 1.0
259, 10022, 376, 119, 111, 70, 0.5634936094284058, -1, 1.0
260, 10229, 311, 324, 348, 188, 0.9078499674797058, -1, 1.0
260, 10224, 19, 196, 83, 55, 0.8459535837173462, -1, 1.0
260, 10132, 180, 129, 91, 59, 0.5820437073707581, -1, 1.0
