1, 10014, 1135, 757, 224, 150, 0.8546391725540161, -1, 1.0
2, 10014, 1134, 757, 224, 150, 0.8387837409973145, -1, 1.0
3, 10014, 1134, 757, 224, 150, 0.8400031924247742, -1, 1.0
4, 10014, 1135, 756, 224, 150, 0.8342002034187317, -1, 1.0
5, 10014, 1135, 757, 223, 149, 0.8543816804885864, -1, 1.0
6, 10014, 1135, 757, 223, 149, 0.8519999384880066, -1, 1.0
7, 10014, 1134, 757, 223, 149, 0.8598687052726746, -1, 1.0
8, 10014, 1134, 757, 223, 149, 0.845773458480835, -1, 1.0
9, 10014, 1135, 758, 223, 149, 0.8477363586425781, -1, 1.0
10, 10014, 1135, 758, 223, 148, 0.8500061631202698, -1, 1.0
11, 10014, 1134, 757, 224, 149, 0.8488796353340149, -1, 1.0
12, 10014, 1133, 757, 224, 149, 0.8567191362380981, -1, 1.0
13, 10014, 1133, 757, 224, 149, 0.8668222427368164, -1, 1.0
14, 10014, 1134, 756, 224, 150, 0.8716225028038025, -1, 1.0
15, 10014, 1135, 756, 224, 150, 0.8531272411346436, -1, 1.0
16, 10014, 1135, 756, 224, 150, 0.8459263443946838, -1, 1.0
17, 10014, 1135, 756, 224, 150, 0.8503351211547852, -1, 1.0
18, 10014, 1134, 756, 224, 150, 0.8602806925773621, -1, 1.0
19, 10014, 1133, 755, 225, 150, 0.8572472333908081, -1, 1.0
20, 10014, 1133, 755, 225, 151, 0.8576303720474243, -1, 1.0
21, 10014, 1134, 755, 225, 151, 0.8610475659370422, -1, 1.0
22, 10014, 1134, 755, 225, 151, 0.8617647886276245, -1, 1.0
23, 10014, 1134, 755, 225, 151, 0.8582288026809692, -1, 1.0
24, 10014, 1134, 755, 225, 151, 0.8617279529571533, -1, 1.0
25, 10014, 1134, 756, 225, 150, 0.8575436472892761, -1, 1.0
26, 10014, 1134, 756, 225, 150, 0.8711259961128235, -1, 1.0
27, 10014, 1133, 756, 225, 150, 0.8713146448135376, -1, 1.0
28, 10014, 1134, 756, 224, 150, 0.8595669865608215, -1, 1.0
29, 10014, 1135, 757, 224, 149, 0.8546199202537537, -1, 1.0
30, 10014, 1135, 757, 223, 149, 0.8539320826530457, -1, 1.0
31, 10014, 1135, 757, 223, 149, 0.8518252372741699, -1, 1.0
32, 10014, 1135, 758, 223, 149, 0.8597466945648193, -1, 1.0
33, 10014, 1135, 758, 223, 149, 0.8623884916305542, -1, 1.0
34, 10014, 1135, 758, 223, 148, 0.8664233684539795, -1, 1.0
35, 10014, 1135, 758, 223, 148, 0.85774165391922, -1, 1.0
36, 10014, 1135, 758, 223, 148, 0.8499325513839722, -1, 1.0
37, 10014, 1136, 758, 223, 148, 0.8456940054893494, -1, 1.0
38, 10014, 1135, 758, 223, 148, 0.8537669777870178, -1, 1.0
39, 10014, 1135, 758, 223, 148, 0.8629924058914185, -1, 1.0
40, 10014, 1135, 758, 223, 148, 0.8659162521362305, -1, 1.0
41, 10014, 1135, 757, 223, 149, 0.8736645579338074, -1, 1.0
42, 10014, 1135, 757, 223, 149, 0.8663201928138733, -1, 1.0
43, 10014, 1135, 757, 223, 149, 0.8585416674613953, -1, 1.0
44, 10014, 1135, 757, 223, 149, 0.8607860803604126, -1, 1.0
45, 10014, 1134, 757, 224, 149, 0.8565837740898132, -1, 1.0
46, 10014, 1134, 757, 224, 149, 0.8558552861213684, -1, 1.0
47, 10014, 1134, 757, 224, 149, 0.8588606715202332, -1, 1.0
48, 10014, 1134, 757, 224, 149, 0.8598619103431702, -1, 1.0
49, 10014, 1134, 757, 224, 149, 0.8562851548194885, -1, 1.0
50, 10014, 1134, 757, 224, 149, 0.8549394607543945, -1, 1.0
51, 10014, 1134, 757, 224, 149, 0.8563299179077148, -1, 1.0
52, 10014, 1134, 757, 224, 149, 0.8671021461486816, -1, 1.0
53, 10014, 1134, 757, 225, 149, 0.8617286682128906, -1, 1.0
54, 10014, 1134, 757, 225, 149, 0.8663158416748047, -1, 1.0
55, 10014, 1134, 757, 225, 149, 0.8449426293373108, -1, 1.0
56, 10014, 1133, 758, 225, 149, 0.8489002585411072, -1, 1.0
57, 10014, 1133, 758, 225, 149, 0.8528414964675903, -1, 1.0
58, 10014, 1133, 757, 224, 149, 0.8495953679084778, -1, 1.0
59, 10014, 1133, 757, 225, 149, 0.8500110507011414, -1, 1.0
60, 10014, 1133, 757, 225, 149, 0.7048710584640503, -1, 1.0
61, 10014, 1133, 757, 225, 150, 0.8043718934059143, -1, 1.0
62, 10014, 1133, 757, 224, 150, 0.8509723544120789, -1, 1.0
63, 10014, 1133, 757, 224, 150, 0.8683263063430786, -1, 1.0
64, 10014, 1134, 757, 224, 149, 0.8612499237060547, -1, 1.0
65, 10113, 905, 1054, 442, 367, 0.8552351593971252, -1, 1.0
65, 10014, 1134, 757, 224, 150, 0.6871408820152283, -1, 1.0
66, 10113, 1021, 1049, 385, 314, 0.8979989886283875, -1, 1.0
66, 10014, 1133, 756, 224, 150, 0.867904543876648, -1, 1.0
67, 10113, 1121, 1047, 335, 271, 0.8731499314308167, -1, 1.0
67, 10014, 1133, 756, 224, 150, 0.7698696851730347, -1, 1.0
68, 10113, 1204, 1042, 293, 235, 0.892259418964386, -1, 1.0
68, 10014, 1134, 756, 224, 150, 0.865797758102417, -1, 1.0
69, 10113, 1279, 1043, 249, 200, 0.8887752890586853, -1, 1.0
69, 10014, 1133, 757, 224, 150, 0.8519074320793152, -1, 1.0
70, 10113, 1344, 1041, 210, 168, 0.9124793410301208, -1, 1.0
70, 10014, 1134, 757, 224, 150, 0.8580713272094727, -1, 1.0
71, 10113, 1401, 1041, 173, 137, 0.9389564990997314, -1, 1.0
71, 10014, 1134, 757, 224, 149, 0.8619418740272522, -1, 1.0
72, 10113, 1422, 1020, 200, 159, 0.9114941954612732, -1, 1.0
72, 10014, 1134, 757, 224, 149, 0.8513888120651245, -1, 1.0
73, 10113, 1450, 1004, 210, 169, 0.8822464346885681, -1, 1.0
73, 10014, 1134, 757, 223, 149, 0.8538214564323425, -1, 1.0
74, 10113, 1478, 992, 213, 172, 0.868010401725769, -1, 1.0
74, 10014, 1134, 757, 223, 149, 0.8459222912788391, -1, 1.0
75, 10113, 1506, 985, 212, 171, 0.9101535677909852, -1, 1.0
75, 10014, 1134, 758, 223, 149, 0.8288594484329224, -1, 1.0
76, 10113, 1531, 979, 207, 166, 0.8616989254951477, -1, 1.0
76, 10014, 1134, 758, 223, 149, 0.8373216986656189, -1, 1.0
77, 10113, 1556, 975, 201, 164, 0.8426411151885986, -1, 1.0
77, 10014, 1134, 758, 223, 149, 0.7921623587608337, -1, 1.0
78, 10113, 1576, 970, 196, 159, 0.8420805931091309, -1, 1.0
78, 10014, 1134, 758, 224, 149, 0.7806434035301208, -1, 1.0
79, 10113, 1599, 965, 189, 153, 0.8280379176139832, -1, 1.0
79, 10014, 1133, 758, 224, 149, 0.7484661340713501, -1, 1.0
80, 10113, 1620, 963, 181, 146, 0.841609001159668, -1, 1.0
80, 10014, 1133, 758, 224, 149, 0.586182713508606, -1, 1.0
81, 10113, 1639, 962, 175, 141, 0.8478884100914001, -1, 1.0
81, 10014, 1133, 757, 224, 149, 0.5492520332336426, -1, 1.0
82, 10113, 1657, 962, 168, 135, 0.8262741565704346, -1, 1.0
82, 10014, 1133, 757, 224, 149, 0.5313587188720703, -1, 1.0
83, 10113, 1673, 960, 162, 129, 0.8196905255317688, -1, 1.0
83, 10014, 1133, 757, 224, 149, 0.6440404057502747, -1, 1.0
84, 10113, 1688, 958, 156, 124, 0.8206040859222412, -1, 1.0
84, 10014, 1133, 757, 225, 149, 0.5042847394943237, -1, 1.0
85, 10014, 1133, 757, 224, 150, 0.8325248956680298, -1, 1.0
86, 10014, 1133, 757, 224, 150, 0.8318365216255188, -1, 1.0
87, 10014, 1133, 757, 224, 150, 0.8385138511657715, -1, 1.0
88, 10014, 1133, 757, 224, 150, 0.8345283269882202, -1, 1.0
89, 10014, 1133, 757, 224, 150, 0.8409425616264343, -1, 1.0
90, 10014, 1133, 757, 225, 150, 0.8315569758415222, -1, 1.0
91, 10014, 1133, 757, 225, 150, 0.8324406147003174, -1, 1.0
92, 10014, 1133, 757, 225, 150, 0.8499835133552551, -1, 1.0
93, 10014, 1133, 757, 224, 149, 0.8479916453361511, -1, 1.0
94, 10014, 1133, 757, 224, 149, 0.8521077632904053, -1, 1.0
95, 10014, 1133, 757, 224, 149, 0.8501359224319458, -1, 1.0
96, 10014, 1134, 757, 224, 149, 0.846859872341156, -1, 1.0
97, 10014, 1134, 758, 224, 149, 0.8409168124198914, -1, 1.0
98, 10014, 1134, 758, 224, 149, 0.8294260501861572, -1, 1.0
99, 10014, 1134, 758, 224, 149, 0.8321250677108765, -1, 1.0
100, 10014, 1133, 757, 225, 149, 0.8395625948905945, -1, 1.0
101, 10014, 1133, 757, 225, 149, 0.8478313684463501, -1, 1.0
102, 10014, 1133, 757, 225, 149, 0.8380565047264099, -1, 1.0
103, 10014, 1133, 757, 225, 149, 0.8106646537780762, -1, 1.0
104, 10014, 1134, 758, 225, 149, 0.8070432543754578, -1, 1.0
105, 10014, 1134, 757, 225, 149, 0.8111885786056519, -1, 1.0
106, 10014, 1133, 757, 225, 149, 0.8432235717773438, -1, 1.0
107, 10014, 1133, 757, 225, 149, 0.8455402255058289, -1, 1.0
108, 10014, 1133, 757, 225, 149, 0.8492153882980347, -1, 1.0
109, 10014, 1133, 757, 225, 149, 0.8310816884040833, -1, 1.0
110, 10014, 1134, 757, 224, 149, 0.8329680562019348, -1, 1.0
111, 10014, 1134, 757, 224, 149, 0.8319017887115479, -1, 1.0
112, 10014, 1134, 757, 224, 150, 0.830089807510376, -1, 1.0
113, 10014, 1133, 757, 224, 150, 0.8420207500457764, -1, 1.0
114, 10014, 1133, 756, 224, 150, 0.8632451295852661, -1, 1.0
115, 10014, 1133, 755, 225, 150, 0.8533722162246704, -1, 1.0
116, 10014, 1134, 756, 224, 150, 0.8634583950042725, -1, 1.0
117, 10014, 1134, 756, 224, 150, 0.8564383387565613, -1, 1.0
118, 10014, 1134, 756, 224, 150, 0.8532768487930298, -1, 1.0
119, 10014, 1134, 756, 224, 150, 0.8571649789810181, -1, 1.0
120, 10014, 1134, 756, 224, 150, 0.8652204275131226, -1, 1.0
121, 10014, 1134, 755, 224, 151, 0.841339647769928, -1, 1.0
122, 10014, 1134, 755, 224, 151, 0.8457220792770386, -1, 1.0
123, 10014, 1134, 755, 224, 151, 0.8413944244384766, -1, 1.0
124, 10014, 1134, 755, 224, 151, 0.8410524129867554, -1, 1.0
125, 10014, 1134, 755, 225, 151, 0.8484914302825928, -1, 1.0
126, 10014, 1133, 755, 225, 151, 0.8585039973258972, -1, 1.0
127, 10014, 1133, 755, 225, 151, 0.860619068145752, -1, 1.0
128, 10014, 1133, 755, 225, 151, 0.8626851439476013, -1, 1.0
129, 10014, 1133, 755, 225, 151, 0.8608654737472534, -1, 1.0
130, 10014, 1133, 755, 225, 151, 0.8537521362304688, -1, 1.0
131, 10014, 1133, 755, 225, 151, 0.8516666293144226, -1, 1.0
132, 10014, 1133, 755, 225, 151, 0.851159393787384, -1, 1.0
133, 10014, 1133, 755, 225, 151, 0.8560887575149536, -1, 1.0
134, 10014, 1133, 755, 225, 151, 0.8551510572433472, -1, 1.0
135, 10014, 1133, 755, 225, 151, 0.8577091097831726, -1, 1.0
136, 10014, 1134, 756, 224, 150, 0.8409267663955688, -1, 1.0
137, 10014, 1134, 756, 224, 150, 0.8440505266189575, -1, 1.0
138, 10014, 1134, 756, 224, 150, 0.8331882953643799, -1, 1.0
139, 10014, 1134, 756, 224, 150, 0.8391308188438416, -1, 1.0
140, 10014, 1134, 756, 224, 150, 0.8577362298965454, -1, 1.0
141, 10014, 1134, 756, 224, 150, 0.8746174573898315, -1, 1.0
142, 10184, 844, 1094, 484, 334, 0.8623425364494324, -1, 1.0
142, 10014, 1134, 756, 224, 150, 0.8140946626663208, -1, 1.0
143, 10184, 970, 1082, 418, 290, 0.871565043926239, -1, 1.0
143, 10014, 1134, 756, 224, 150, 0.8546794056892395, -1, 1.0
144, 10184, 1079, 1072, 360, 252, 0.8619673848152161, -1, 1.0
144, 10014, 1134, 756, 224, 150, 0.7831164002418518, -1, 1.0
145, 10184, 1170, 1062, 313, 222, 0.8715888857841492, -1, 1.0
145, 10014, 1134, 756, 224, 150, 0.8419129848480225, -1, 1.0
146, 10184, 1248, 1051, 273, 195, 0.8623427152633667, -1, 1.0
146, 10014, 1134, 756, 224, 150, 0.7115397453308105, -1, 1.0
147, 10184, 1319, 1045, 234, 169, 0.8843117952346802, -1, 1.0
147, 10014, 1134, 756, 224, 151, 0.8618752956390381, -1, 1.0
148, 10184, 1378, 1044, 203, 148, 0.881340503692627, -1, 1.0
148, 10014, 1134, 756, 224, 150, 0.8621526956558228, -1, 1.0
149, 10014, 1134, 756, 224, 151, 0.8920316696166992, -1, 1.0
150, 10014, 1134, 756, 224, 151, 0.9087740778923036, -1, 1.0
151, 10193, 1465, 1002, 216, 165, 0.8836065530776978, -1, 1.0
151, 10014, 1134, 756, 224, 151, 0.8520119190216064, -1, 1.0
152, 10193, 1495, 999, 206, 158, 0.9019833207130432, -1, 1.0
152, 10014, 1134, 756, 224, 151, 0.8493334054946899, -1, 1.0
153, 10193, 1525, 994, 197, 150, 0.8616070747375488, -1, 1.0
153, 10014, 1134, 756, 224, 150, 0.8520340323448181, -1, 1.0
154, 10193, 1555, 991, 186, 143, 0.892178475856781, -1, 1.0
154, 10014, 1134, 756, 224, 150, 0.8414161205291748, -1, 1.0
155, 10193, 1582, 986, 173, 133, 0.8428623676300049, -1, 1.0
155, 10014, 1134, 757, 224, 150, 0.6868200898170471, -1, 1.0
156, 10193, 1608, 983, 165, 126, 0.8360203504562378, -1, 1.0
156, 10014, 1134, 756, 224, 150, 0.5311810970306396, -1, 1.0
157, 10193, 1632, 979, 157, 120, 0.8493738174438477, -1, 1.0
157, 10014, 1134, 757, 224, 150, 0.80191969871521, -1, 1.0
158, 10193, 1652, 977, 150, 115, 0.8526660799980164, -1, 1.0
158, 10014, 1134, 757, 224, 149, 0.7742879986763, -1, 1.0
159, 10193, 1669, 974, 142, 109, 0.8538571000099182, -1, 1.0
159, 10014, 1134, 757, 224, 149, 0.7231279611587524, -1, 1.0
160, 10193, 1690, 973, 134, 104, 0.8543475866317749, -1, 1.0
160, 10014, 1133, 757, 225, 149, 0.5981219410896301, -1, 1.0
161, 10193, 1705, 971, 129, 101, 0.8489680290222168, -1, 1.0
161, 10014, 1133, 757, 225, 149, 0.8006380796432495, -1, 1.0
162, 10014, 1133, 757, 225, 149, 0.8485326170921326, -1, 1.0
163, 10014, 1133, 757, 225, 149, 0.8500485420227051, -1, 1.0
164, 10014, 1133, 757, 225, 149, 0.8509914875030518, -1, 1.0
165, 10014, 1133, 757, 225, 149, 0.8496249318122864, -1, 1.0
166, 10014, 1133, 757, 225, 149, 0.8412461280822754, -1, 1.0
167, 10014, 1133, 757, 225, 149, 0.84726482629776, -1, 1.0
168, 10014, 1133, 757, 225, 149, 0.8525189161300659, -1, 1.0
169, 10014, 1134, 757, 225, 150, 0.8495139479637146, -1, 1.0
170, 10014, 1134, 757, 225, 150, 0.8498510122299194, -1, 1.0
171, 10014, 1134, 757, 225, 150, 0.8503627777099609, -1, 1.0
172, 10014, 1134, 757, 225, 150, 0.8539411425590515, -1, 1.0
173, 10014, 1134, 756, 225, 150, 0.8576586842536926, -1, 1.0
174, 10014, 1134, 756, 225, 150, 0.8578171133995056, -1, 1.0
175, 10014, 1134, 756, 225, 150, 0.8590936660766602, -1, 1.0
176, 10014, 1134, 756, 225, 150, 0.8550759553909302, -1, 1.0
177, 10014, 1134, 756, 225, 150, 0.85738205909729, -1, 1.0
178, 10014, 1134, 756, 225, 150, 0.8568642139434814, -1, 1.0
179, 10014, 1134, 756, 225, 150, 0.8531082272529602, -1, 1.0
180, 10014, 1133, 756, 226, 150, 0.8545863032341003, -1, 1.0
181, 10014, 1133, 756, 226, 150, 0.8575501441955566, -1, 1.0
182, 10014, 1134, 756, 225, 150, 0.8614394068717957, -1, 1.0
183, 10014, 1134, 756, 225, 150, 0.8607147932052612, -1, 1.0
184, 10014, 1134, 756, 225, 150, 0.8637115955352783, -1, 1.0
185, 10014, 1134, 756, 225, 150, 0.8627804517745972, -1, 1.0
186, 10014, 1134, 756, 224, 150, 0.8546627163887024, -1, 1.0
187, 10014, 1134, 756, 224, 150, 0.8580337166786194, -1, 1.0
188, 10014, 1135, 756, 224, 150, 0.8547279834747314, -1, 1.0
189, 10014, 1134, 757, 224, 149, 0.859980046749115, -1, 1.0
190, 10014, 1134, 757, 224, 150, 0.8456310033798218, -1, 1.0
191, 10014, 1134, 757, 224, 150, 0.8444225192070007, -1, 1.0
192, 10014, 1133, 757, 224, 150, 0.8496126532554626, -1, 1.0
193, 10014, 1133, 757, 224, 150, 0.8496710062026978, -1, 1.0
194, 10014, 1134, 757, 224, 150, 0.852188766002655, -1, 1.0
195, 10236, 774, 1050, 593, 371, 0.8992445468902588, -1, 1.0
195, 10014, 1134, 757, 224, 150, 0.8430725336074829, -1, 1.0
196, 10236, 906, 1037, 534, 331, 0.8996889591217041, -1, 1.0
196, 10014, 1133, 757, 224, 150, 0.8387349247932434, -1, 1.0
197, 10236, 1024, 1027, 468, 294, 0.876613199710846, -1, 1.0
197, 10014, 1133, 757, 224, 150, 0.8482047915458679, -1, 1.0
198, 10236, 1130, 1021, 409, 259, 0.8625199794769287, -1, 1.0
198, 10014, 1133, 757, 224, 150, 0.7907693982124329, -1, 1.0
199, 10236, 1219, 1017, 355, 225, 0.8437738418579102, -1, 1.0
199, 10014, 1133, 757, 224, 150, 0.8168959617614746, -1, 1.0
200, 10236, 1296, 1017, 303, 195, 0.856358528137207, -1, 1.0
200, 10014, 1134, 757, 223, 150, 0.8471286296844482, -1, 1.0
201, 10236, 1368, 1015, 256, 169, 0.8745569586753845, -1, 1.0
201, 10014, 1134, 757, 223, 149, 0.8486965298652649, -1, 1.0
202, 10236, 1428, 1016, 213, 143, 0.8997698426246643, -1, 1.0
202, 10014, 1134, 757, 223, 149, 0.8588303327560425, -1, 1.0
203, 10236, 1487, 1016, 172, 118, 0.907235026359558, -1, 1.0
203, 10014, 1135, 757, 223, 149, 0.8576891422271729, -1, 1.0
204, 10236, 1508, 999, 193, 135, 0.8459166884422302, -1, 1.0
204, 10014, 1135, 757, 223, 149, 0.8323385119438171, -1, 1.0
205, 10236, 1529, 985, 203, 144, 0.838392972946167, -1, 1.0
205, 10014, 1135, 757, 223, 149, 0.7268146276473999, -1, 1.0
206, 10236, 1555, 974, 205, 146, 0.8421528339385986, -1, 1.0
206, 10014, 1135, 757, 223, 149, 0.839510977268219, -1, 1.0
207, 10236, 1579, 968, 200, 145, 0.8265565037727356, -1, 1.0
207, 10014, 1135, 757, 223, 149, 0.7357432246208191, -1, 1.0
208, 10236, 1600, 965, 197, 142, 0.826095461845398, -1, 1.0
208, 10014, 1135, 757, 223, 149, 0.5259939432144165, -1, 1.0
209, 10236, 1623, 960, 189, 138, 0.8451674580574036, -1, 1.0
209, 10014, 1135, 757, 223, 149, 0.5717598795890808, -1, 1.0
210, 10236, 1641, 957, 185, 135, 0.8511563539505005, -1, 1.0
210, 10014, 1135, 757, 223, 149, 0.7495971322059631, -1, 1.0
211, 10236, 1661, 956, 177, 130, 0.8487140536308289, -1, 1.0
211, 10014, 1135, 757, 223, 149, 0.6592718362808228, -1, 1.0
212, 10014, 1135, 757, 223, 149, 0.8505126237869263, -1, 1.0
213, 10014, 1134, 757, 223, 149, 0.8477593660354614, -1, 1.0
214, 10014, 1134, 758, 223, 148, 0.8539872169494629, -1, 1.0
215, 10014, 1134, 758, 223, 149, 0.8515626192092896, -1, 1.0
216, 10014, 1134, 758, 223, 149, 0.8532479405403137, -1, 1.0
217, 10014, 1134, 758, 223, 149, 0.8459990620613098, -1, 1.0
218, 10014, 1134, 758, 223, 149, 0.8426247835159302, -1, 1.0
219, 10014, 1135, 758, 223, 149, 0.8575704097747803, -1, 1.0
220, 10014, 1134, 759, 223, 149, 0.8599133491516113, -1, 1.0
221, 10014, 1134, 759, 223, 149, 0.8499327301979065, -1, 1.0
222, 10014, 1135, 759, 223, 149, 0.8518026471138, -1, 1.0
223, 10014, 1135, 759, 223, 148, 0.8557634949684143, -1, 1.0
224, 10014, 1135, 759, 223, 148, 0.8538028001785278, -1, 1.0
225, 10014, 1135, 759, 223, 148, 0.8537781834602356, -1, 1.0
226, 10014, 1134, 759, 223, 148, 0.8525340557098389, -1, 1.0
227, 10014, 1134, 759, 223, 148, 0.8556995391845703, -1, 1.0
228, 10014, 1134, 759, 223, 148, 0.8530409932136536, -1, 1.0
229, 10014, 1134, 759, 223, 148, 0.8535279035568237, -1, 1.0
230, 10014, 1134, 759, 223, 148, 0.8547652363777161, -1, 1.0
231, 10014, 1134, 759, 223, 148, 0.8513438701629639, -1, 1.0
232, 10014, 1135, 759, 223, 148, 0.8526937365531921, -1, 1.0
233, 10014, 1134, 759, 223, 148, 0.8516983389854431, -1, 1.0
234, 10014, 1134, 759, 223, 148, 0.8489788174629211, -1, 1.0
235, 10014, 1134, 759, 223, 148, 0.8444291353225708, -1, 1.0
236, 10014, 1135, 759, 223, 148, 0.8436670899391174, -1, 1.0
237, 10014, 1135, 759, 223, 148, 0.8460431098937988, -1, 1.0
238, 10014, 1134, 759, 223, 148, 0.8441644906997681, -1, 1.0
239, 10014, 1135, 759, 223, 148, 0.8482380509376526, -1, 1.0
240, 10014, 1135, 759, 223, 148, 0.8441320657730103, -1, 1.0
241, 10014, 1135, 759, 223, 148, 0.8496593832969666, -1, 1.0
242, 10014, 1135, 759, 223, 148, 0.8510099053382874, -1, 1.0
243, 10014, 1135, 759, 223, 148, 0.8513199687004089, -1, 1.0
244, 10014, 1135, 759, 223, 148, 0.8479681611061096, -1, 1.0
245, 10014, 1135, 759, 223, 148, 0.84539794921875, -1, 1.0
246, 10014, 1135, 759, 223, 148, 0.8472235798835754, -1, 1.0
247, 10014, 1134, 759, 224, 148, 0.8464838862419128, -1, 1.0
248, 10014, 1134, 759, 224, 148, 0.8428494334220886, -1, 1.0
249, 10014, 1134, 758, 224, 148, 0.8086388111114502, -1, 1.0
250, 10014, 1134, 758, 224, 148, 0.8089554905891418, -1, 1.0
251, 10014, 1134, 758, 224, 148, 0.8188527226448059, -1, 1.0
252, 10014, 1133, 758, 224, 148, 0.8215432167053223, -1, 1.0
253, 10014, 1133, 758, 224, 148, 0.8087229132652283, -1, 1.0
254, 10014, 1133, 759, 224, 148, 0.804587185382843, -1, 1.0
255, 10014, 1133, 759, 224, 148, 0.7966703176498413, -1, 1.0
256, 10014, 1134, 759, 224, 148, 0.7818729281425476, -1, 1.0
257, 10014, 1134, 759, 224, 148, 0.7950841188430786, -1, 1.0
258, 10014, 1134, 759, 224, 148, 0.7918426394462585, -1, 1.0
259, 10014, 1134, 758, 224, 148, 0.7949763536453247, -1, 1.0
260, 10014, 1134, 758, 224, 149, 0.7974684238433838, -1, 1.0
261, 10014, 1134, 758, 224, 149, 0.8630317449569702, -1, 1.0
262, 10014, 1133, 758, 224, 149, 0.828696072101593, -1, 1.0
263, 10014, 1134, 758, 224, 149, 0.789872407913208, -1, 1.0
264, 10014, 1134, 758, 224, 149, 0.5629608035087585, -1, 1.0
265, 10293, 1572, 835, 169, 147, 0.7893498539924622, -1, 1.0
265, 10014, 1134, 758, 224, 149, 0.5934284329414368, -1, 1.0
266, 10293, 1559, 841, 173, 147, 0.7783206701278687, -1, 1.0
266, 10014, 1134, 757, 224, 149, 0.7742303609848022, -1, 1.0
267, 10293, 1541, 833, 186, 156, 0.8017058968544006, -1, 1.0
267, 10014, 1134, 757, 224, 149, 0.7654910087585449, -1, 1.0
268, 10293, 1518, 838, 184, 156, 0.8018405437469482, -1, 1.0
268, 10014, 1134, 757, 224, 149, 0.6683833003044128, -1, 1.0
269, 10293, 1497, 831, 195, 165, 0.7825438380241394, -1, 1.0
269, 10014, 1134, 757, 224, 149, 0.669670581817627, -1, 1.0
270, 10293, 1474, 828, 207, 171, 0.7978587746620178, -1, 1.0
270, 10014, 1134, 757, 224, 149, 0.7580047845840454, -1, 1.0
271, 10293, 1443, 831, 215, 175, 0.8058474063873291, -1, 1.0
271, 10014, 1133, 756, 224, 149, 0.7682088017463684, -1, 1.0
272, 10293, 1413, 830, 229, 182, 0.8882182240486145, -1, 1.0
272, 10014, 1135, 757, 223, 148, 0.8329036831855774, -1, 1.0
273, 10293, 1374, 833, 237, 184, 0.8479028940200806, -1, 1.0
273, 10014, 1135, 757, 222, 148, 0.7264629602432251, -1, 1.0
274, 10293, 1331, 837, 241, 183, 0.7623316049575806, -1, 1.0
275, 10293, 1292, 840, 247, 186, 0.8488467335700989, -1, 1.0
276, 10293, 1253, 838, 271, 195, 0.8315404057502747, -1, 1.0
276, 10014, 1139, 758, 223, 145, 0.5146067142486572, -1, 1.0
277, 10293, 1195, 832, 301, 207, 0.8601117730140686, -1, 1.0
277, 10014, 1165, 773, 255, 160, 0.8141502141952515, -1, 1.0
278, 10293, 1141, 805, 326, 232, 0.7826482057571411, -1, 1.0
279, 10293, 1077, 782, 355, 258, 0.6416555047035217, -1, 1.0
280, 10293, 999, 776, 374, 278, 0.8115129470825195, -1, 1.0
281, 10293, 689, 808, 431, 306, 0.793085515499115, -1, 1.0
282, 10293, 585, 803, 510, 327, 0.8403410315513611, -1, 1.0
282, 10014, 1127, 757, 236, 155, 0.8006728887557983, -1, 1.0
283, 10293, 391, 801, 555, 355, 0.8020924925804138, -1, 1.0
283, 10014, 1128, 757, 232, 153, 0.7946585416793823, -1, 1.0
284, 10293, 173, 797, 611, 391, 0.8320764899253845, -1, 1.0
284, 10014, 1129, 757, 230, 152, 0.7889053225517273, -1, 1.0
285, 10293, 30, 793, 629, 422, 0.8460366129875183, -1, 1.0
285, 10014, 1130, 757, 228, 150, 0.6889222264289856, -1, 1.0
286, 10293, 0, 813, 505, 413, 0.8429409861564636, -1, 1.0
286, 10014, 1131, 757, 227, 150, 0.8313807249069214, -1, 1.0
287, 10293, 0, 808, 502, 428, 0.8367111086845398, -1, 1.0
287, 10014, 1132, 757, 225, 149, 0.7049236297607422, -1, 1.0
288, 10014, 1133, 757, 225, 149, 0.8206344246864319, -1, 1.0
289, 10014, 1133, 757, 224, 149, 0.818075954914093, -1, 1.0
290, 10014, 1134, 758, 224, 149, 0.8076971769332886, -1, 1.0
291, 10014, 1134, 758, 223, 148, 0.7918271422386169, -1, 1.0
292, 10014, 1134, 758, 223, 148, 0.7890850305557251, -1, 1.0
293, 10014, 1135, 758, 222, 148, 0.7965206503868103, -1, 1.0
294, 10014, 1135, 758, 222, 148, 0.7972965836524963, -1, 1.0
295, 10014, 1135, 758, 222, 148, 0.7982474565505981, -1, 1.0
296, 10014, 1135, 758, 222, 148, 0.7943011522293091, -1, 1.0
297, 10014, 1135, 758, 222, 148, 0.7858809232711792, -1, 1.0
298, 10014, 1135, 758, 222, 148, 0.7755432724952698, -1, 1.0
299, 10014, 1135, 758, 222, 149, 0.8052495718002319, -1, 1.0
300, 10014, 1135, 758, 222, 149, 0.8007314205169678, -1, 1.0
301, 10322, 727, 1102, 527, 344, 0.8664158582687378, -1, 1.0
301, 10014, 1134, 759, 222, 148, 0.8192777037620544, -1, 1.0
302, 10322, 877, 1089, 446, 298, 0.8986345529556274, -1, 1.0
302, 10014, 1134, 759, 222, 148, 0.8217746019363403, -1, 1.0
303, 10322, 1002, 1080, 377, 257, 0.9237829446792604, -1, 1.0
303, 10014, 1134, 759, 222, 148, 0.8310566544532776, -1, 1.0
304, 10322, 1110, 1067, 319, 222, 0.932245910167694, -1, 1.0
304, 10014, 1134, 759, 222, 148, 0.8541043400764465, -1, 1.0
305, 10322, 1198, 1058, 272, 194, 0.9230668544769288, -1, 1.0
305, 10014, 1135, 759, 222, 148, 0.83616042137146, -1, 1.0
306, 10322, 1278, 1053, 225, 162, 0.9412181973457336, -1, 1.0
306, 10014, 1135, 758, 222, 148, 0.8213579058647156, -1, 1.0
307, 10322, 1316, 1026, 248, 182, 0.9163625240325928, -1, 1.0
307, 10014, 1134, 759, 222, 148, 0.824424147605896, -1, 1.0
308, 10322, 1355, 1009, 253, 188, 0.914489448070526, -1, 1.0
308, 10014, 1134, 759, 222, 148, 0.8098626136779785, -1, 1.0
309, 10322, 1391, 997, 252, 187, 0.9153875708580016, -1, 1.0
309, 10014, 1134, 759, 222, 148, 0.8032275438308716, -1, 1.0
310, 10322, 1431, 987, 245, 183, 0.9278594851493835, -1, 1.0
310, 10014, 1135, 759, 222, 148, 0.8085283637046814, -1, 1.0
311, 10322, 1466, 982, 236, 177, 0.8927323818206787, -1, 1.0
311, 10014, 1135, 759, 222, 148, 0.8346209526062012, -1, 1.0
312, 10322, 1498, 978, 225, 170, 0.9150485396385192, -1, 1.0
312, 10014, 1135, 759, 222, 147, 0.8352075219154358, -1, 1.0
313, 10322, 1525, 974, 215, 162, 0.8816075921058655, -1, 1.0
313, 10014, 1135, 759, 222, 147, 0.8345177173614502, -1, 1.0
314, 10322, 1556, 968, 204, 155, 0.8643465042114258, -1, 1.0
314, 10014, 1135, 759, 221, 147, 0.8354842066764832, -1, 1.0
315, 10322, 1580, 966, 194, 148, 0.8671582341194153, -1, 1.0
315, 10014, 1135, 760, 221, 147, 0.843878984451294, -1, 1.0
316, 10322, 1606, 963, 183, 141, 0.8386034965515137, -1, 1.0
316, 10014, 1135, 760, 221, 147, 0.7404478788375854, -1, 1.0
317, 10322, 1627, 962, 173, 133, 0.8422115445137024, -1, 1.0
317, 10014, 1135, 760, 221, 147, 0.7147594094276428, -1, 1.0
318, 10322, 1645, 961, 167, 128, 0.8517008423805237, -1, 1.0
318, 10014, 1135, 760, 221, 147, 0.6974309682846069, -1, 1.0
319, 10322, 1666, 960, 158, 122, 0.8558862805366516, -1, 1.0
319, 10014, 1135, 759, 222, 148, 0.8343150615692139, -1, 1.0
320, 10322, 1685, 960, 149, 116, 0.8630295991897583, -1, 1.0
320, 10014, 1135, 759, 222, 148, 0.8315742015838623, -1, 1.0
321, 10322, 1702, 958, 140, 110, 0.8553135991096497, -1, 1.0
321, 10014, 1135, 759, 222, 148, 0.5645902752876282, -1, 1.0
322, 10014, 1134, 759, 222, 148, 0.853949248790741, -1, 1.0
323, 10014, 1135, 759, 221, 148, 0.8625534772872925, -1, 1.0
324, 10014, 1135, 759, 221, 148, 0.8673285841941833, -1, 1.0
325, 10014, 1135, 758, 221, 148, 0.8760161399841309, -1, 1.0
326, 10014, 1135, 758, 221, 148, 0.8761264681816101, -1, 1.0
327, 10014, 1135, 758, 221, 148, 0.8697696328163147, -1, 1.0
328, 10014, 1135, 758, 221, 148, 0.8668340444564819, -1, 1.0
329, 10014, 1135, 758, 221, 148, 0.8618534803390503, -1, 1.0
330, 10014, 1135, 758, 221, 148, 0.8628100156784058, -1, 1.0
331, 10014, 1135, 758, 221, 147, 0.8633588552474976, -1, 1.0
332, 10014, 1135, 758, 221, 147, 0.8583249449729919, -1, 1.0
333, 10014, 1135, 759, 221, 147, 0.8627837300300598, -1, 1.0
334, 10014, 1135, 759, 221, 147, 0.8647942543029785, -1, 1.0
335, 10014, 1135, 759, 221, 147, 0.8557413220405579, -1, 1.0
336, 10014, 1135, 759, 221, 147, 0.8513065576553345, -1, 1.0
337, 10014, 1135, 760, 221, 147, 0.8482696413993835, -1, 1.0
338, 10014, 1135, 759, 221, 147, 0.8546847701072693, -1, 1.0
339, 10014, 1135, 759, 221, 147, 0.8589609861373901, -1, 1.0
340, 10014, 1135, 759, 221, 147, 0.8469409346580505, -1, 1.0
341, 10014, 1136, 759, 221, 147, 0.8458215594291687, -1, 1.0
342, 10014, 1136, 759, 221, 147, 0.8380439877510071, -1, 1.0
343, 10014, 1136, 759, 221, 147, 0.8381121158599854, -1, 1.0
344, 10014, 1136, 759, 221, 147, 0.8437145948410034, -1, 1.0
345, 10014, 1136, 759, 221, 147, 0.8466200828552246, -1, 1.0
346, 10014, 1136, 759, 221, 147, 0.8457959890365601, -1, 1.0
347, 10014, 1135, 759, 222, 147, 0.8324030041694641, -1, 1.0
348, 10014, 1135, 759, 222, 147, 0.8383326530456543, -1, 1.0
349, 10014, 1135, 759, 222, 147, 0.8409633040428162, -1, 1.0
350, 10014, 1135, 760, 222, 147, 0.8421112895011902, -1, 1.0
351, 10014, 1135, 759, 222, 147, 0.8469786643981934, -1, 1.0
352, 10357, 1627, 852, 117, 116, 0.8461974263191223, -1, 1.0
352, 10014, 1135, 759, 222, 147, 0.690370500087738, -1, 1.0
353, 10014, 1135, 759, 222, 147, 0.8451983332633972, -1, 1.0
354, 10014, 1135, 759, 222, 147, 0.8396076560020447, -1, 1.0
355, 10014, 1135, 759, 222, 147, 0.8446878790855408, -1, 1.0
356, 10014, 1135, 759, 222, 147, 0.8409468531608582, -1, 1.0
357, 10014, 1135, 759, 222, 147, 0.8498024940490723, -1, 1.0
358, 10357, 1534, 835, 142, 146, 0.8367761373519897, -1, 1.0
358, 10014, 1135, 759, 222, 147, 0.5832874774932861, -1, 1.0
359, 10357, 1514, 832, 148, 151, 0.8331161141395569, -1, 1.0
359, 10014, 1135, 759, 223, 147, 0.5787326693534851, -1, 1.0
360, 10014, 1135, 759, 223, 147, 0.8368297219276428, -1, 1.0
361, 10014, 1135, 758, 223, 148, 0.8407508134841919, -1, 1.0
362, 10014, 1135, 758, 222, 148, 0.8406147360801697, -1, 1.0
363, 10014, 1135, 758, 222, 148, 0.8419943451881409, -1, 1.0
364, 10357, 1409, 869, 169, 135, 0.8474834561347961, -1, 1.0
364, 10014, 1136, 757, 222, 148, 0.799936830997467, -1, 1.0
365, 10357, 1380, 870, 178, 136, 0.863990306854248, -1, 1.0
365, 10014, 1136, 757, 222, 148, 0.8550453782081604, -1, 1.0
366, 10357, 1354, 869, 184, 139, 0.8624774813652039, -1, 1.0
366, 10014, 1136, 757, 222, 148, 0.817898690700531, -1, 1.0
367, 10357, 1320, 868, 193, 144, 0.8678056001663208, -1, 1.0
367, 10014, 1137, 757, 222, 147, 0.7749723792076111, -1, 1.0
368, 10357, 1287, 866, 202, 148, 0.823165774345398, -1, 1.0
368, 10014, 1136, 756, 223, 146, 0.814360499382019, -1, 1.0
369, 10014, 1136, 754, 223, 141, 0.6050923466682434, -1, 1.0
370, 10014, 1136, 755, 223, 137, 0.7087682485580444, -1, 1.0
371, 10357, 1157, 845, 241, 174, 0.7865923643112183, -1, 1.0
371, 10014, 1134, 782, 237, 163, 0.6172562837600708, -1, 1.0
372, 10357, 1112, 838, 253, 189, 0.7715657353401184, -1, 1.0
372, 10014, 1129, 763, 238, 152, 0.6917206645011902, -1, 1.0
373, 10357, 1057, 811, 281, 216, 0.7813451290130615, -1, 1.0
374, 10357, 998, 837, 300, 211, 0.7949251532554626, -1, 1.0
375, 10357, 929, 848, 315, 213, 0.8648480176925659, -1, 1.0
375, 10014, 1131, 759, 231, 150, 0.8570435047149658, -1, 1.0
376, 10357, 850, 852, 338, 218, 0.915566086769104, -1, 1.0
376, 10014, 1132, 758, 228, 150, 0.8706117272377014, -1, 1.0
377, 10357, 761, 854, 365, 227, 0.946622908115387, -1, 1.0
377, 10014, 1133, 757, 227, 149, 0.8765727281570435, -1, 1.0
378, 10357, 661, 854, 397, 240, 0.9488853812217712, -1, 1.0
378, 10014, 1133, 758, 225, 149, 0.8589722514152527, -1, 1.0
379, 10357, 544, 855, 437, 255, 0.902661919593811, -1, 1.0
379, 10014, 1133, 759, 225, 148, 0.8673557639122009, -1, 1.0
380, 10357, 408, 854, 484, 273, 0.8550350069999695, -1, 1.0
380, 10014, 1134, 758, 224, 148, 0.8350251317024231, -1, 1.0
381, 10357, 254, 850, 538, 293, 0.911558210849762, -1, 1.0
381, 10014, 1134, 759, 224, 147, 0.857361912727356, -1, 1.0
382, 10357, 92, 849, 591, 316, 0.8465629816055298, -1, 1.0
382, 10014, 1134, 759, 223, 147, 0.7672834992408752, -1, 1.0
383, 10357, 0, 850, 593, 337, 0.8978022336959839, -1, 1.0
383, 10014, 1135, 759, 223, 147, 0.8332317471504211, -1, 1.0
384, 10357, 0, 882, 483, 332, 0.941181778907776, -1, 1.0
384, 10014, 1135, 759, 222, 147, 0.829380989074707, -1, 1.0
385, 10357, 0, 887, 344, 336, 0.8299850225448608, -1, 1.0
385, 10014, 1135, 760, 222, 147, 0.7780261635780334, -1, 1.0
386, 10014, 1135, 759, 222, 147, 0.8330732583999634, -1, 1.0
387, 10014, 1135, 759, 222, 147, 0.8320211172103882, -1, 1.0
388, 10014, 1137, 759, 221, 147, 0.7902345657348633, -1, 1.0
389, 10014, 1137, 759, 221, 147, 0.7806860208511353, -1, 1.0
390, 10014, 1137, 759, 221, 147, 0.787041962146759, -1, 1.0
391, 10014, 1137, 759, 221, 147, 0.8009905219078064, -1, 1.0
392, 10014, 1137, 759, 221, 147, 0.8075412511825562, -1, 1.0
393, 10014, 1137, 759, 221, 147, 0.8176104426383972, -1, 1.0
394, 10014, 1137, 759, 221, 147, 0.8065958619117737, -1, 1.0
395, 10014, 1136, 759, 221, 147, 0.8168479800224304, -1, 1.0
396, 10371, 1560, 828, 176, 155, 0.8128870129585266, -1, 1.0
396, 10014, 1137, 759, 221, 147, 0.7660918831825256, -1, 1.0
397, 10371, 1540, 834, 171, 152, 0.8148257732391357, -1, 1.0
397, 10014, 1137, 759, 221, 147, 0.7715681195259094, -1, 1.0
398, 10014, 1137, 759, 221, 147, 0.818581759929657, -1, 1.0
399, 10014, 1137, 758, 221, 147, 0.8278964161872864, -1, 1.0
400, 10014, 1137, 758, 221, 147, 0.8277463316917419, -1, 1.0
401, 10014, 1137, 757, 221, 148, 0.8212422132492065, -1, 1.0
402, 10014, 1137, 757, 221, 148, 0.8115146160125732, -1, 1.0
403, 10371, 1400, 844, 203, 166, 0.8041389584541321, -1, 1.0
403, 10014, 1137, 757, 221, 148, 0.7150865793228149, -1, 1.0
404, 10371, 1372, 848, 210, 167, 0.8759123086929321, -1, 1.0
404, 10014, 1137, 756, 221, 148, 0.8580784201622009, -1, 1.0
405, 10371, 1339, 850, 219, 168, 0.8339884877204895, -1, 1.0
405, 10014, 1137, 756, 221, 148, 0.8164768218994141, -1, 1.0
406, 10371, 1304, 851, 229, 172, 0.8109737634658813, -1, 1.0
406, 10014, 1137, 756, 221, 148, 0.6851289868354797, -1, 1.0
407, 10371, 1264, 849, 241, 178, 0.6438722014427185, -1, 1.0
408, 10371, 1223, 846, 253, 186, 0.6722658276557922, -1, 1.0
409, 10371, 1168, 843, 271, 196, 0.8785650134086609, -1, 1.0
410, 10371, 1115, 805, 295, 226, 0.8492835760116577, -1, 1.0
411, 10371, 1049, 785, 318, 252, 0.851330041885376, -1, 1.0
412, 10371, 987, 808, 345, 254, 0.8977235555648804, -1, 1.0
413, 10371, 905, 820, 368, 259, 0.901309370994568, -1, 1.0
414, 10371, 813, 827, 397, 268, 0.9414827227592468, -1, 1.0
414, 10014, 1136, 758, 221, 148, 0.8274915814399719, -1, 1.0
415, 10371, 706, 830, 434, 281, 0.9401740431785583, -1, 1.0
415, 10014, 1136, 759, 221, 147, 0.8571418523788452, -1, 1.0
416, 10371, 583, 828, 480, 298, 0.8760198354721069, -1, 1.0
416, 10014, 1136, 758, 221, 148, 0.8330405950546265, -1, 1.0
417, 10371, 437, 825, 534, 319, 0.88744056224823, -1, 1.0
417, 10014, 1136, 758, 221, 148, 0.8297639489173889, -1, 1.0
418, 10371, 388, 822, 524, 327, 0.9277860522270204, -1, 1.0
418, 10014, 1135, 758, 221, 148, 0.847819983959198, -1, 1.0
419, 10371, 297, 824, 516, 339, 0.8905860185623169, -1, 1.0
419, 10014, 1135, 758, 222, 148, 0.8183848261833191, -1, 1.0
420, 10014, 1135, 758, 222, 148, 0.7939989566802979, -1, 1.0
421, 10378, 0, 822, 510, 376, 0.944655418395996, -1, 1.0
421, 10014, 1135, 758, 222, 148, 0.8088929057121277, -1, 1.0
422, 10378, 0, 851, 330, 342, 0.8056926131248474, -1, 1.0
422, 10014, 1135, 758, 222, 148, 0.6678916215896606, -1, 1.0
423, 10014, 1135, 759, 222, 148, 0.8009461760520935, -1, 1.0
424, 10014, 1135, 759, 222, 148, 0.8011022210121155, -1, 1.0
425, 10014, 1135, 759, 222, 148, 0.8024630546569824, -1, 1.0
426, 10014, 1135, 759, 222, 148, 0.7984756827354431, -1, 1.0
427, 10014, 1135, 759, 222, 148, 0.7978352308273315, -1, 1.0
428, 10014, 1135, 759, 222, 147, 0.7901769876480103, -1, 1.0
429, 10014, 1135, 759, 222, 147, 0.7916572093963623, -1, 1.0
430, 10014, 1135, 759, 222, 147, 0.7921189665794373, -1, 1.0
431, 10014, 1135, 759, 222, 147, 0.7999343872070312, -1, 1.0
432, 10014, 1135, 759, 222, 147, 0.7947880029678345, -1, 1.0
433, 10014, 1135, 759, 222, 147, 0.7911680936813354, -1, 1.0
434, 10014, 1135, 759, 222, 147, 0.7895410060882568, -1, 1.0
435, 10014, 1135, 759, 222, 147, 0.7877227067947388, -1, 1.0
436, 10014, 1134, 759, 223, 147, 0.7877947688102722, -1, 1.0
437, 10014, 1134, 759, 223, 147, 0.7826710939407349, -1, 1.0
438, 10014, 1134, 759, 223, 147, 0.7832334637641907, -1, 1.0
439, 10014, 1134, 759, 223, 147, 0.7884613871574402, -1, 1.0
440, 10014, 1134, 759, 223, 147, 0.7884951829910278, -1, 1.0
441, 10014, 1134, 759, 223, 147, 0.7923985123634338, -1, 1.0
442, 10014, 1134, 759, 223, 147, 0.7875553965568542, -1, 1.0
443, 10014, 1135, 759, 222, 147, 0.8003184199333191, -1, 1.0
444, 10014, 1135, 759, 222, 147, 0.7993531823158264, -1, 1.0
445, 10014, 1135, 759, 222, 147, 0.8052514791488647, -1, 1.0
446, 10014, 1135, 759, 222, 147, 0.8066324591636658, -1, 1.0
447, 10014, 1135, 759, 222, 147, 0.8058857321739197, -1, 1.0
448, 10014, 1135, 759, 222, 147, 0.8023894429206848, -1, 1.0
449, 10014, 1135, 759, 222, 147, 0.8029948472976685, -1, 1.0
450, 10014, 1135, 759, 222, 147, 0.8069977760314941, -1, 1.0
451, 10014, 1135, 759, 222, 147, 0.8064452409744263, -1, 1.0
452, 10014, 1136, 759, 222, 147, 0.8064567446708679, -1, 1.0
453, 10014, 1136, 759, 222, 147, 0.8031631112098694, -1, 1.0
454, 10014, 1136, 759, 222, 147, 0.8034146428108215, -1, 1.0
455, 10014, 1136, 759, 221, 147, 0.8079431056976318, -1, 1.0
456, 10014, 1136, 759, 221, 147, 0.8120267987251282, -1, 1.0
457, 10014, 1136, 759, 221, 147, 0.8119928240776062, -1, 1.0
458, 10014, 1136, 759, 221, 147, 0.8072562217712402, -1, 1.0
459, 10014, 1136, 759, 221, 147, 0.8079841732978821, -1, 1.0
460, 10014, 1136, 759, 221, 147, 0.8253455758094788, -1, 1.0
461, 10014, 1135, 759, 222, 147, 0.8255239725112915, -1, 1.0
462, 10014, 1135, 759, 222, 147, 0.825401782989502, -1, 1.0
463, 10014, 1135, 759, 222, 147, 0.8246643543243408, -1, 1.0
464, 10014, 1135, 759, 222, 147, 0.8256479501724243, -1, 1.0
465, 10014, 1135, 759, 222, 147, 0.8244643211364746, -1, 1.0
466, 10014, 1135, 759, 222, 147, 0.8290340900421143, -1, 1.0
467, 10014, 1136, 758, 222, 147, 0.8472614884376526, -1, 1.0
468, 10014, 1136, 758, 222, 147, 0.8492798209190369, -1, 1.0
469, 10014, 1136, 758, 221, 147, 0.8506553173065186, -1, 1.0
470, 10014, 1136, 758, 221, 147, 0.8500477075576782, -1, 1.0
471, 10014, 1136, 758, 221, 147, 0.8514096140861511, -1, 1.0
472, 10014, 1136, 758, 221, 147, 0.8464116454124451, -1, 1.0
473, 10014, 1136, 758, 221, 147, 0.8465251326560974, -1, 1.0
474, 10014, 1136, 758, 221, 147, 0.8472146987915039, -1, 1.0
475, 10014, 1136, 758, 221, 148, 0.8510788679122925, -1, 1.0
476, 10014, 1136, 758, 221, 148, 0.8471686244010925, -1, 1.0
477, 10014, 1136, 758, 221, 148, 0.847578763961792, -1, 1.0
478, 10014, 1136, 758, 221, 147, 0.845260500907898, -1, 1.0
479, 10014, 1136, 759, 221, 147, 0.8475791811943054, -1, 1.0
480, 10014, 1136, 759, 221, 147, 0.8474265933036804, -1, 1.0
481, 10014, 1136, 759, 221, 147, 0.8469147086143494, -1, 1.0
482, 10014, 1136, 759, 221, 147, 0.8460840582847595, -1, 1.0
483, 10014, 1136, 759, 221, 147, 0.8473262786865234, -1, 1.0
484, 10014, 1136, 759, 221, 147, 0.8533236384391785, -1, 1.0
485, 10014, 1136, 759, 221, 147, 0.8520522117614746, -1, 1.0
486, 10014, 1136, 759, 221, 147, 0.8537853956222534, -1, 1.0
487, 10014, 1136, 759, 221, 147, 0.8479625582695007, -1, 1.0
488, 10014, 1136, 759, 221, 147, 0.8516610860824585, -1, 1.0
489, 10014, 1136, 759, 221, 147, 0.8488292098045349, -1, 1.0
490, 10014, 1136, 759, 221, 147, 0.8510855436325073, -1, 1.0
491, 10014, 1136, 757, 221, 148, 0.8449452519416809, -1, 1.0
492, 10014, 1136, 758, 221, 148, 0.8471401333808899, -1, 1.0
493, 10014, 1136, 758, 221, 148, 0.8522701859474182, -1, 1.0
494, 10014, 1136, 758, 222, 148, 0.5966909527778625, -1, 1.0
495, 10014, 1136, 758, 222, 148, 0.8458994626998901, -1, 1.0
496, 10014, 1135, 758, 222, 148, 0.823607325553894, -1, 1.0
497, 10014, 1135, 757, 222, 148, 0.8306341767311096, -1, 1.0
498, 10014, 1135, 757, 223, 149, 0.8226690888404846, -1, 1.0
499, 10391, 1526, 839, 153, 147, 0.8183295726776123, -1, 1.0
499, 10014, 1135, 757, 223, 149, 0.7834082841873169, -1, 1.0
500, 10391, 1505, 837, 161, 151, 0.8137410879135132, -1, 1.0
500, 10014, 1135, 756, 223, 150, 0.6218979954719543, -1, 1.0
501, 10014, 1135, 756, 223, 150, 0.8212254643440247, -1, 1.0
502, 10014, 1134, 754, 223, 151, 0.8186406493186951, -1, 1.0
503, 10014, 1134, 754, 223, 151, 0.8582659959793091, -1, 1.0
504, 10391, 1408, 861, 181, 144, 0.8553903698921204, -1, 1.0
504, 10014, 1134, 753, 223, 151, 0.7634599208831787, -1, 1.0
505, 10391, 1379, 867, 189, 144, 0.8477581739425659, -1, 1.0
505, 10014, 1135, 754, 222, 150, 0.8469019532203674, -1, 1.0
506, 10391, 1348, 871, 200, 145, 0.86833655834198, -1, 1.0
506, 10014, 1135, 755, 222, 150, 0.8567615747451782, -1, 1.0
507, 10391, 1311, 869, 208, 149, 0.8785637021064758, -1, 1.0
507, 10014, 1136, 755, 223, 149, 0.8237897157669067, -1, 1.0
508, 10391, 1272, 871, 220, 151, 0.865017831325531, -1, 1.0
508, 10014, 1135, 756, 223, 148, 0.7287115454673767, -1, 1.0
509, 10391, 1227, 873, 236, 154, 0.7908622622489929, -1, 1.0
510, 10391, 1174, 871, 254, 161, 0.8581662178039551, -1, 1.0
511, 10014, 1136, 756, 224, 135, 0.7805196046829224, -1, 1.0
512, 10392, 1030, 782, 326, 266, 0.8647597432136536, -1, 1.0
513, 10391, 999, 865, 317, 189, 0.857522189617157, -1, 1.0
514, 10391, 918, 864, 348, 200, 0.8832652568817139, -1, 1.0
514, 10014, 1134, 759, 225, 141, 0.7747610211372375, -1, 1.0
515, 10391, 826, 862, 380, 213, 0.9340610504150392, -1, 1.0
515, 10014, 1134, 760, 224, 143, 0.8515774011611938, -1, 1.0
516, 10391, 725, 860, 417, 230, 0.8348462581634521, -1, 1.0
516, 10014, 1135, 759, 224, 145, 0.6659498810768127, -1, 1.0
517, 10394, 1608, 853, 135, 124, 0.93869811296463, -1, 1.0
517, 10391, 606, 857, 462, 247, 0.8490306735038757, -1, 1.0
517, 10014, 1134, 759, 224, 146, 0.5922961235046387, -1, 1.0
518, 10394, 1591, 848, 140, 131, 0.9226974844932556, -1, 1.0
518, 10391, 473, 854, 514, 267, 0.8563690781593323, -1, 1.0
518, 10014, 1134, 759, 224, 146, 0.5949739813804626, -1, 1.0
519, 10391, 315, 853, 571, 287, 0.8935654163360596, -1, 1.0
519, 10014, 1134, 758, 224, 148, 0.8458096385002136, -1, 1.0
520, 10391, 125, 851, 650, 312, 0.8468062281608582, -1, 1.0
520, 10014, 1135, 758, 224, 148, 0.6424244046211243, -1, 1.0
521, 10394, 1533, 843, 152, 144, 0.9364826679229736, -1, 1.0
521, 10391, 7, 851, 654, 336, 0.854902982711792, -1, 1.0
521, 10014, 1134, 757, 224, 149, 0.5521320104598999, -1, 1.0
522, 10391, 0, 845, 569, 350, 0.8918454051017761, -1, 1.0
522, 10014, 1134, 757, 224, 149, 0.8268012404441833, -1, 1.0
523, 10391, 0, 868, 447, 355, 0.8274239897727966, -1, 1.0
523, 10014, 1134, 757, 224, 149, 0.7997045516967773, -1, 1.0
524, 10014, 1134, 756, 224, 149, 0.8101351857185364, -1, 1.0
525, 10014, 1134, 755, 224, 150, 0.8140934705734253, -1, 1.0
526, 10014, 1135, 755, 223, 150, 0.8408949971199036, -1, 1.0
527, 10394, 1388, 868, 182, 142, 0.8268823623657227, -1, 1.0
527, 10014, 1135, 755, 223, 150, 0.7879679799079895, -1, 1.0
528, 10394, 1360, 870, 191, 144, 0.8567298054695129, -1, 1.0
528, 10014, 1135, 755, 223, 150, 0.8503677248954773, -1, 1.0
529, 10394, 1323, 866, 201, 148, 0.7829892039299011, -1, 1.0
529, 10014, 1136, 755, 223, 150, 0.7171253561973572, -1, 1.0
530, 10394, 1289, 867, 209, 150, 0.8682830333709717, -1, 1.0
530, 10014, 1136, 755, 224, 149, 0.7600633502006531, -1, 1.0
531, 10394, 1250, 871, 218, 152, 0.6415698528289795, -1, 1.0
531, 10014, 1137, 756, 223, 146, 0.5271036624908447, -1, 1.0
532, 10394, 1196, 873, 235, 156, 0.8014218807220459, -1, 1.0
532, 10014, 1137, 754, 224, 140, 0.5337095856666565, -1, 1.0
533, 10394, 1140, 822, 262, 192, 0.8320826292037964, -1, 1.0
533, 10014, 1136, 754, 225, 135, 0.5102826356887817, -1, 1.0
534, 10394, 1086, 809, 279, 214, 0.8572303652763367, -1, 1.0
535, 10394, 1027, 789, 308, 241, 0.7850908041000366, -1, 1.0
536, 10014, 1135, 759, 224, 139, 0.9082491993904114, -1, 1.0
537, 10396, 842, 859, 373, 218, 0.9315358400344848, -1, 1.0
537, 10014, 1135, 760, 223, 142, 0.8426769375801086, -1, 1.0
538, 10396, 744, 856, 411, 237, 0.940725564956665, -1, 1.0
538, 10014, 1135, 759, 223, 144, 0.8276921510696411, -1, 1.0
539, 10396, 634, 854, 451, 256, 0.9394420981407166, -1, 1.0
539, 10014, 1135, 757, 223, 146, 0.8304202556610107, -1, 1.0
540, 10396, 501, 848, 504, 279, 0.915278971195221, -1, 1.0
540, 10014, 1135, 757, 223, 147, 0.8283677101135254, -1, 1.0
541, 10396, 356, 843, 559, 299, 0.865580141544342, -1, 1.0
541, 10014, 1135, 756, 223, 148, 0.8050981163978577, -1, 1.0
542, 10396, 182, 839, 627, 325, 0.91768217086792, -1, 1.0
542, 10014, 1135, 755, 223, 150, 0.8209213018417358, -1, 1.0
543, 10396, 65, 839, 644, 341, 0.9370977878570556, -1, 1.0
543, 10014, 1135, 755, 224, 150, 0.8181169033050537, -1, 1.0
544, 10396, 0, 836, 596, 357, 0.944650948047638, -1, 1.0
544, 10014, 1135, 755, 224, 151, 0.8278583884239197, -1, 1.0
545, 10396, 0, 865, 460, 353, 0.931990921497345, -1, 1.0
545, 10014, 1135, 755, 224, 151, 0.8298138380050659, -1, 1.0
546, 10014, 1135, 755, 224, 151, 0.8308033347129822, -1, 1.0
547, 10014, 1135, 755, 224, 151, 0.8350458741188049, -1, 1.0
548, 10014, 1135, 754, 224, 152, 0.831273078918457, -1, 1.0
549, 10014, 1135, 754, 224, 152, 0.8303398489952087, -1, 1.0
550, 10014, 1134, 754, 224, 152, 0.8290244340896606, -1, 1.0
551, 10014, 1134, 754, 224, 152, 0.8276932239532471, -1, 1.0
552, 10014, 1134, 754, 224, 152, 0.8281389474868774, -1, 1.0
553, 10014, 1134, 754, 224, 152, 0.8279404044151306, -1, 1.0
554, 10014, 1134, 754, 225, 152, 0.8321840763092041, -1, 1.0
555, 10014, 1134, 754, 225, 152, 0.8297409415245056, -1, 1.0
556, 10014, 1134, 754, 225, 153, 0.8276222944259644, -1, 1.0
557, 10014, 1134, 753, 225, 153, 0.8275874257087708, -1, 1.0
558, 10014, 1134, 753, 225, 153, 0.8281869888305664, -1, 1.0
559, 10014, 1134, 753, 225, 153, 0.8309361338615417, -1, 1.0
560, 10014, 1134, 753, 225, 153, 0.8292329907417297, -1, 1.0
561, 10014, 1134, 753, 225, 153, 0.8285984396934509, -1, 1.0
562, 10014, 1134, 753, 225, 153, 0.8304952383041382, -1, 1.0
563, 10014, 1134, 753, 225, 153, 0.8395549654960632, -1, 1.0
564, 10014, 1134, 753, 225, 153, 0.8375000357627869, -1, 1.0
565, 10014, 1134, 753, 225, 153, 0.8388825058937073, -1, 1.0
566, 10014, 1134, 753, 225, 153, 0.8387571573257446, -1, 1.0
567, 10014, 1134, 753, 225, 153, 0.8367119431495667, -1, 1.0
568, 10014, 1135, 754, 224, 152, 0.8517257571220398, -1, 1.0
569, 10014, 1136, 755, 224, 151, 0.851532518863678, -1, 1.0
570, 10014, 1136, 755, 223, 151, 0.8536347150802612, -1, 1.0
571, 10014, 1136, 755, 223, 150, 0.8539974093437195, -1, 1.0
572, 10014, 1136, 755, 223, 150, 0.8509371876716614, -1, 1.0
573, 10014, 1136, 755, 223, 150, 0.8484408855438232, -1, 1.0
574, 10014, 1136, 755, 223, 150, 0.8520839214324951, -1, 1.0
575, 10014, 1136, 755, 223, 150, 0.8487191200256348, -1, 1.0
576, 10014, 1136, 755, 223, 150, 0.8479849696159363, -1, 1.0
577, 10014, 1136, 755, 223, 150, 0.8486256003379822, -1, 1.0
578, 10014, 1136, 755, 223, 150, 0.8181617259979248, -1, 1.0
579, 10014, 1136, 755, 222, 151, 0.817704975605011, -1, 1.0
580, 10014, 1136, 754, 222, 151, 0.81330806016922, -1, 1.0
581, 10014, 1136, 754, 222, 151, 0.8135788440704346, -1, 1.0
582, 10014, 1136, 754, 222, 151, 0.8162952065467834, -1, 1.0
583, 10014, 1136, 754, 222, 152, 0.8147587776184082, -1, 1.0
584, 10014, 1136, 754, 222, 152, 0.8158004283905029, -1, 1.0
585, 10014, 1136, 754, 222, 152, 0.8093433380126953, -1, 1.0
586, 10014, 1136, 754, 222, 152, 0.8082415461540222, -1, 1.0
587, 10014, 1135, 754, 222, 152, 0.8084301948547363, -1, 1.0
588, 10014, 1135, 755, 222, 152, 0.8315694332122803, -1, 1.0
589, 10014, 1135, 756, 222, 151, 0.8337569832801819, -1, 1.0
590, 10014, 1135, 756, 222, 151, 0.832425057888031, -1, 1.0
591, 10014, 1135, 756, 222, 151, 0.8368130326271057, -1, 1.0
592, 10014, 1136, 756, 222, 150, 0.8362826108932495, -1, 1.0
593, 10014, 1135, 756, 222, 150, 0.8366735577583313, -1, 1.0
594, 10014, 1135, 756, 222, 150, 0.8339486122131348, -1, 1.0
595, 10014, 1135, 756, 222, 150, 0.8336803913116455, -1, 1.0
596, 10014, 1136, 756, 222, 150, 0.8284164667129517, -1, 1.0
597, 10014, 1136, 756, 222, 150, 0.824765145778656, -1, 1.0
598, 10014, 1136, 756, 222, 150, 0.8092988729476929, -1, 1.0
599, 10014, 1136, 756, 222, 150, 0.8129045963287354, -1, 1.0
600, 10014, 1136, 756, 222, 150, 0.8058062791824341, -1, 1.0
601, 10014, 1136, 755, 222, 150, 0.8056638240814209, -1, 1.0
602, 10014, 1136, 755, 222, 150, 0.806077241897583, -1, 1.0
603, 10014, 1137, 755, 222, 150, 0.8048689961433411, -1, 1.0
604, 10014, 1137, 755, 222, 150, 0.7908997535705566, -1, 1.0
605, 10014, 1137, 755, 222, 150, 0.7909935116767883, -1, 1.0
606, 10014, 1137, 755, 222, 150, 0.7781668305397034, -1, 1.0
607, 10397, 1606, 840, 136, 75, 0.78404700756073, -1, 1.0
607, 10014, 1137, 755, 222, 150, 0.5046486258506775, -1, 1.0
