1, 10013, 708, 933, 532, 126, 0.9171196222305298, -1, 1.0
2, 10013, 710, 896, 532, 154, 0.9416555166244508, -1, 1.0
3, 10013, 725, 864, 517, 181, 0.9645432829856871, -1, 1.0
4, 10013, 736, 831, 498, 208, 0.9582148790359496, -1, 1.0
5, 10013, 752, 795, 470, 229, 0.959879755973816, -1, 1.0
6, 10013, 773, 755, 438, 242, 0.9650381803512572, -1, 1.0
7, 10013, 792, 717, 409, 251, 0.9756395220756532, -1, 1.0
8, 10013, 811, 683, 380, 254, 0.9643093347549438, -1, 1.0
9, 10013, 827, 652, 357, 254, 0.9646376967430116, -1, 1.0
10, 10013, 840, 624, 334, 250, 0.9586644172668456, -1, 1.0
11, 10013, 850, 599, 317, 247, 0.9641905426979064, -1, 1.0
12, 10013, 858, 579, 301, 241, 0.9574148058891296, -1, 1.0
13, 10013, 869, 560, 287, 235, 0.9713723063468932, -1, 1.0
14, 10013, 880, 542, 275, 228, 0.9548524618148804, -1, 1.0
15, 10013, 889, 526, 263, 221, 0.9601247310638428, -1, 1.0
16, 10013, 896, 510, 254, 213, 0.956890881061554, -1, 1.0
17, 10013, 902, 496, 245, 207, 0.967004120349884, -1, 1.0
18, 10013, 908, 482, 235, 200, 0.9674291610717772, -1, 1.0
19, 10013, 912, 470, 228, 194, 0.9529622197151184, -1, 1.0
20, 10013, 918, 458, 222, 189, 0.9510880708694458, -1, 1.0
21, 10013, 924, 447, 216, 182, 0.9595030546188354, -1, 1.0
22, 10013, 928, 438, 209, 177, 0.9535092115402222, -1, 1.0
23, 10013, 932, 426, 202, 172, 0.9549707174301147, -1, 1.0
24, 10013, 935, 417, 196, 167, 0.9484133720397948, -1, 1.0
25, 10013, 938, 409, 190, 162, 0.9450706839561462, -1, 1.0
26, 10013, 943, 401, 185, 157, 0.9568325281143188, -1, 1.0
27, 10013, 949, 394, 180, 153, 0.9490862488746644, -1, 1.0
28, 10013, 953, 385, 176, 150, 0.9536525011062622, -1, 1.0
29, 10013, 958, 378, 171, 146, 0.953963577747345, -1, 1.0
30, 10013, 959, 371, 167, 142, 0.9479719996452332, -1, 1.0
31, 10013, 961, 364, 163, 138, 0.9479655623435974, -1, 1.0
32, 10013, 963, 358, 159, 134, 0.9466623663902284, -1, 1.0
33, 10013, 966, 351, 157, 131, 0.950825333595276, -1, 1.0
34, 10013, 971, 345, 153, 128, 0.9547669291496276, -1, 1.0
35, 10013, 974, 339, 149, 125, 0.9539126753807068, -1, 1.0
36, 10013, 977, 331, 146, 123, 0.9412869215011596, -1, 1.0
37, 10013, 977, 326, 143, 121, 0.925984025001526, -1, 1.0
38, 10013, 978, 321, 139, 118, 0.9291172027587892, -1, 1.0
39, 10013, 980, 315, 137, 116, 0.9533698558807372, -1, 1.0
40, 10013, 983, 311, 134, 114, 0.9487471580505372, -1, 1.0
41, 10013, 988, 306, 131, 110, 0.934070646762848, -1, 1.0
42, 10013, 990, 302, 128, 108, 0.9394773244857788, -1, 1.0
43, 10013, 990, 297, 124, 105, 0.92169588804245, -1, 1.0
44, 10013, 991, 291, 122, 103, 0.9180122017860411, -1, 1.0
45, 10013, 992, 285, 120, 102, 0.913371741771698, -1, 1.0
46, 10013, 994, 281, 118, 101, 0.9276914000511168, -1, 1.0
47, 10013, 996, 279, 116, 99, 0.9528577327728271, -1, 1.0
48, 10013, 998, 276, 115, 96, 0.9398391842842102, -1, 1.0
49, 10013, 999, 272, 112, 94, 0.924814224243164, -1, 1.0
50, 10013, 999, 267, 111, 93, 0.9096691012382508, -1, 1.0
51, 10013, 999, 262, 109, 92, 0.9002969861030579, -1, 1.0
52, 10013, 1000, 259, 107, 90, 0.9184892177581788, -1, 1.0
53, 10013, 1001, 255, 106, 88, 0.915206789970398, -1, 1.0
54, 10013, 1004, 252, 104, 86, 0.9226182103157043, -1, 1.0
55, 10013, 1006, 249, 102, 85, 0.9281840324401855, -1, 1.0
56, 10013, 1005, 245, 101, 84, 0.9133278131484984, -1, 1.0
57, 10013, 1004, 242, 100, 82, 0.9204936027526855, -1, 1.0
58, 10013, 1005, 239, 98, 80, 0.8995294570922852, -1, 1.0
59, 10013, 1005, 236, 97, 78, 0.9020329713821412, -1, 1.0
60, 10013, 1006, 234, 96, 78, 0.9170904755592346, -1, 1.0
61, 10013, 1007, 233, 94, 76, 0.9230958819389344, -1, 1.0
62, 10013, 1008, 231, 93, 74, 0.90166038274765, -1, 1.0
63, 10013, 1008, 227, 92, 73, 0.9029871821403505, -1, 1.0
64, 10013, 1008, 224, 90, 71, 0.8975028395652771, -1, 1.0
65, 10013, 1007, 220, 89, 70, 0.9030004739761353, -1, 1.0
66, 10013, 1008, 218, 88, 70, 0.9140840768814088, -1, 1.0
67, 10013, 1010, 215, 86, 69, 0.8947193026542664, -1, 1.0
68, 10013, 1011, 214, 85, 67, 0.8823620676994324, -1, 1.0
69, 10013, 1012, 213, 83, 66, 0.8658324480056763, -1, 1.0
70, 10013, 1013, 211, 81, 64, 0.8679320812225342, -1, 1.0
71, 10013, 1013, 208, 80, 63, 0.8605884313583374, -1, 1.0
72, 10013, 1013, 205, 78, 62, 0.8768942356109619, -1, 1.0
73, 10013, 1014, 204, 77, 61, 0.8965165615081787, -1, 1.0
74, 10013, 1016, 203, 76, 60, 0.8769241571426392, -1, 1.0
75, 10013, 1017, 201, 76, 59, 0.8699479699134827, -1, 1.0
76, 10013, 1017, 199, 75, 57, 0.8941333293914795, -1, 1.0
77, 10013, 1016, 198, 74, 56, 0.932504177093506, -1, 1.0
78, 10013, 1016, 194, 74, 56, 0.8877602219581604, -1, 1.0
79, 10126, 727, 866, 497, 185, 0.9559927582740784, -1, 1.0
79, 10013, 1016, 192, 73, 56, 0.869956910610199, -1, 1.0
80, 10126, 739, 830, 486, 214, 0.94662743806839, -1, 1.0
80, 10013, 1017, 189, 72, 56, 0.8760973215103149, -1, 1.0
81, 10126, 754, 794, 464, 238, 0.9520722031593324, -1, 1.0
81, 10013, 1019, 187, 71, 55, 0.8749156594276428, -1, 1.0
82, 10126, 774, 750, 434, 250, 0.9540875554084778, -1, 1.0
82, 10013, 1019, 185, 71, 56, 0.8911389112472534, -1, 1.0
83, 10126, 791, 711, 404, 255, 0.9664732813835144, -1, 1.0
83, 10013, 1018, 182, 71, 56, 0.8724219799041748, -1, 1.0
84, 10126, 807, 677, 377, 257, 0.961836040019989, -1, 1.0
84, 10013, 1018, 180, 70, 55, 0.8777082562446594, -1, 1.0
85, 10126, 821, 646, 352, 255, 0.964365541934967, -1, 1.0
85, 10013, 1018, 179, 69, 55, 0.8821154236793518, -1, 1.0
86, 10126, 836, 616, 331, 250, 0.9565178751945496, -1, 1.0
86, 10013, 1018, 177, 69, 54, 0.891749382019043, -1, 1.0
87, 10126, 848, 591, 313, 244, 0.9691293239593506, -1, 1.0
87, 10013, 1018, 175, 68, 54, 0.896298348903656, -1, 1.0
88, 10126, 859, 570, 298, 237, 0.9697815179824828, -1, 1.0
88, 10013, 1019, 175, 67, 53, 0.8564675450325012, -1, 1.0
89, 10126, 869, 549, 283, 230, 0.964927077293396, -1, 1.0
89, 10013, 1019, 174, 66, 52, 0.8478471040725708, -1, 1.0
90, 10126, 877, 531, 270, 223, 0.9671021103858948, -1, 1.0
90, 10013, 1019, 172, 65, 51, 0.8288605213165283, -1, 1.0
91, 10126, 884, 512, 259, 215, 0.9588783383369446, -1, 1.0
91, 10013, 1020, 171, 64, 50, 0.8168730139732361, -1, 1.0
92, 10136, 915, 153, 66, 41, 0.9656413793563844, -1, 1.0
92, 10126, 892, 497, 249, 208, 0.8449044227600098, -1, 1.0
92, 10013, 1020, 170, 63, 49, 0.6548781394958496, -1, 1.0
93, 10136, 915, 154, 66, 40, 0.9709132313728333, -1, 1.0
93, 10126, 899, 483, 239, 200, 0.8519434332847595, -1, 1.0
93, 10013, 1022, 169, 62, 48, 0.6908999085426331, -1, 1.0
94, 10136, 915, 155, 65, 40, 0.9610801339149476, -1, 1.0
94, 10126, 906, 469, 230, 193, 0.8493349552154541, -1, 1.0
94, 10013, 1024, 169, 61, 47, 0.6855055093765259, -1, 1.0
95, 10136, 911, 152, 69, 43, 0.9596335887908936, -1, 1.0
95, 10126, 911, 457, 222, 187, 0.8251223564147949, -1, 1.0
95, 10013, 1025, 168, 59, 46, 0.5553197264671326, -1, 1.0
96, 10136, 911, 152, 67, 43, 0.96483051776886, -1, 1.0
96, 10126, 916, 444, 215, 180, 0.8507821559906006, -1, 1.0
96, 10013, 1025, 166, 59, 45, 0.6805756092071533, -1, 1.0
97, 10136, 907, 146, 70, 47, 0.9554830193519592, -1, 1.0
97, 10126, 921, 432, 208, 174, 0.8175098896026611, -1, 1.0
97, 10013, 1024, 165, 58, 44, 0.6936947107315063, -1, 1.0
98, 10136, 904, 144, 71, 48, 0.9540364742279052, -1, 1.0
98, 10126, 926, 421, 201, 169, 0.8058398365974426, -1, 1.0
98, 10013, 1024, 162, 57, 44, 0.6337741613388062, -1, 1.0
99, 10136, 903, 145, 71, 49, 0.9554075002670288, -1, 1.0
99, 10126, 929, 411, 196, 163, 0.84378582239151, -1, 1.0
99, 10013, 1023, 160, 58, 44, 0.6955642700195312, -1, 1.0
100, 10136, 902, 143, 70, 51, 0.9631051421165466, -1, 1.0
100, 10126, 933, 402, 191, 158, 0.8323751091957092, -1, 1.0
100, 10013, 1023, 158, 58, 44, 0.7883235812187195, -1, 1.0
101, 10136, 904, 141, 72, 53, 0.9502612352371216, -1, 1.0
101, 10126, 938, 392, 185, 153, 0.801457941532135, -1, 1.0
101, 10013, 1024, 158, 57, 43, 0.6688377261161804, -1, 1.0
102, 10136, 901, 139, 73, 55, 0.9475982785224916, -1, 1.0
102, 10126, 942, 384, 179, 149, 0.8073175549507141, -1, 1.0
102, 10013, 1024, 153, 57, 45, 0.6907176375389099, -1, 1.0
103, 10136, 900, 138, 74, 56, 0.948767900466919, -1, 1.0
103, 10126, 944, 375, 175, 144, 0.7900922298431396, -1, 1.0
103, 10013, 1024, 152, 56, 45, 0.7889840602874756, -1, 1.0
104, 10136, 896, 137, 75, 57, 0.9534158110618592, -1, 1.0
104, 10126, 947, 368, 171, 140, 0.8159920573234558, -1, 1.0
104, 10013, 1024, 151, 56, 44, 0.7887296080589294, -1, 1.0
105, 10136, 894, 136, 76, 58, 0.9502930045127868, -1, 1.0
105, 10126, 949, 360, 166, 137, 0.7738809585571289, -1, 1.0
105, 10013, 1024, 152, 55, 43, 0.7361509799957275, -1, 1.0
106, 10136, 894, 135, 77, 59, 0.9479201436042786, -1, 1.0
106, 10126, 954, 353, 161, 133, 0.766578197479248, -1, 1.0
106, 10013, 1024, 151, 54, 43, 0.6296583414077759, -1, 1.0
107, 10136, 893, 134, 78, 59, 0.953036606311798, -1, 1.0
107, 10126, 957, 347, 158, 129, 0.7608321905136108, -1, 1.0
107, 10013, 1026, 147, 57, 45, 0.7492513656616211, -1, 1.0
108, 10136, 892, 131, 80, 62, 0.9551296830177308, -1, 1.0
108, 10126, 959, 341, 154, 125, 0.7902864217758179, -1, 1.0
108, 10013, 1033, 129, 65, 48, 0.7202448844909668, -1, 1.0
109, 10147, 1022, 131, 75, 64, 0.9511696696281432, -1, 1.0
109, 10136, 891, 130, 82, 63, 0.7732424139976501, -1, 1.0
109, 10126, 962, 333, 151, 123, 0.7680301666259766, -1, 1.0
110, 10147, 1022, 139, 69, 57, 0.954473614692688, -1, 1.0
110, 10136, 890, 129, 82, 65, 0.734147846698761, -1, 1.0
110, 10126, 963, 327, 147, 120, 0.7104346752166748, -1, 1.0
111, 10147, 1022, 141, 65, 54, 0.9474053978919984, -1, 1.0
111, 10136, 888, 127, 84, 66, 0.7598716020584106, -1, 1.0
111, 10126, 965, 321, 143, 116, 0.6775838136672974, -1, 1.0
112, 10147, 1023, 142, 63, 53, 0.948973536491394, -1, 1.0
112, 10136, 887, 126, 85, 68, 0.7691805362701416, -1, 1.0
112, 10126, 966, 316, 140, 113, 0.7038726210594177, -1, 1.0
113, 10147, 1024, 140, 65, 54, 0.9502445459365844, -1, 1.0
113, 10136, 884, 126, 86, 69, 0.8140097260475159, -1, 1.0
113, 10126, 968, 309, 136, 111, 0.767428457736969, -1, 1.0
114, 10147, 1024, 136, 67, 57, 0.9526640176773072, -1, 1.0
114, 10136, 883, 126, 87, 70, 0.7615000009536743, -1, 1.0
114, 10126, 970, 303, 134, 109, 0.7566636204719543, -1, 1.0
114, 10013, 1030, 128, 74, 59, 0.7232078909873962, -1, 1.0
115, 10136, 881, 125, 89, 72, 0.9384297132492064, -1, 1.0
115, 10126, 971, 298, 131, 107, 0.8467796444892883, -1, 1.0
115, 10013, 1030, 129, 77, 61, 0.7903723120689392, -1, 1.0
116, 10136, 879, 124, 90, 73, 0.949133276939392, -1, 1.0
116, 10126, 973, 293, 129, 105, 0.8564698100090027, -1, 1.0
116, 10013, 1028, 126, 78, 63, 0.7791891098022461, -1, 1.0
117, 10147, 1022, 135, 69, 58, 0.9571204781532288, -1, 1.0
117, 10136, 878, 123, 90, 74, 0.8213505148887634, -1, 1.0
117, 10126, 974, 287, 126, 103, 0.7629755735397339, -1, 1.0
117, 10013, 1028, 127, 79, 63, 0.6271327137947083, -1, 1.0
118, 10136, 876, 125, 91, 75, 0.9507752060890198, -1, 1.0
118, 10126, 975, 282, 124, 101, 0.8294564485549927, -1, 1.0
118, 10013, 1028, 130, 79, 61, 0.79254549741745, -1, 1.0
119, 10136, 876, 124, 92, 76, 0.9459428787231444, -1, 1.0
119, 10126, 978, 278, 121, 98, 0.8398181796073914, -1, 1.0
119, 10013, 1027, 133, 79, 59, 0.7756074666976929, -1, 1.0
120, 10136, 874, 127, 93, 76, 0.959155797958374, -1, 1.0
120, 10126, 981, 275, 118, 95, 0.8589956760406494, -1, 1.0
120, 10013, 1029, 132, 82, 60, 0.8008846044540405, -1, 1.0
121, 10147, 1025, 139, 75, 55, 0.956615388393402, -1, 1.0
121, 10136, 872, 128, 94, 77, 0.8640242218971252, -1, 1.0
121, 10126, 982, 272, 116, 93, 0.807317852973938, -1, 1.0
121, 10013, 1030, 132, 84, 60, 0.7444648146629333, -1, 1.0
122, 10136, 872, 128, 95, 79, 0.9464805722236632, -1, 1.0
122, 10126, 983, 267, 113, 91, 0.8542711734771729, -1, 1.0
122, 10013, 1031, 131, 86, 61, 0.8140926957130432, -1, 1.0
123, 10136, 869, 129, 96, 81, 0.9412201046943665, -1, 1.0
123, 10126, 982, 263, 111, 90, 0.8686105608940125, -1, 1.0
123, 10013, 1030, 133, 87, 60, 0.8016632795333862, -1, 1.0
124, 10136, 866, 132, 96, 81, 0.9367888569831848, -1, 1.0
124, 10126, 983, 259, 109, 88, 0.8543747663497925, -1, 1.0
124, 10013, 1028, 133, 86, 59, 0.7910579442977905, -1, 1.0
125, 10136, 865, 133, 96, 81, 0.9295424818992616, -1, 1.0
125, 10126, 985, 255, 107, 86, 0.8760299682617188, -1, 1.0
126, 10147, 1023, 140, 74, 53, 0.9164647459983826, -1, 1.0
126, 10136, 864, 135, 95, 82, 0.8598063588142395, -1, 1.0
126, 10126, 988, 252, 104, 84, 0.6931136250495911, -1, 1.0
127, 10136, 864, 136, 96, 83, 0.9448742866516112, -1, 1.0
127, 10126, 990, 248, 102, 82, 0.8785786032676697, -1, 1.0
127, 10013, 1029, 136, 84, 57, 0.6292455792427063, -1, 1.0
128, 10136, 862, 140, 97, 84, 0.9341755509376526, -1, 1.0
128, 10126, 990, 245, 100, 81, 0.8627419471740723, -1, 1.0
128, 10013, 1031, 134, 88, 58, 0.7436469793319702, -1, 1.0
129, 10136, 860, 139, 98, 85, 0.9165537357330322, -1, 1.0
129, 10126, 991, 242, 98, 79, 0.8994094133377075, -1, 1.0
129, 10013, 1030, 131, 88, 59, 0.8286982178688049, -1, 1.0
130, 10136, 858, 142, 99, 85, 0.92720764875412, -1, 1.0
130, 10126, 991, 238, 97, 78, 0.8629507422447205, -1, 1.0
131, 10136, 855, 144, 100, 85, 0.9420374631881714, -1, 1.0
131, 10126, 991, 235, 96, 77, 0.8741405606269836, -1, 1.0
132, 10174, 701, 831, 524, 212, 0.9519212245941162, -1, 1.0
132, 10136, 853, 146, 102, 86, 0.9199606776237488, -1, 1.0
132, 10126, 993, 232, 94, 74, 0.859764575958252, -1, 1.0
132, 10013, 1028, 132, 85, 59, 0.5408618450164795, -1, 1.0
133, 10174, 715, 796, 507, 241, 0.9491272568702698, -1, 1.0
133, 10136, 852, 148, 102, 87, 0.9283538460731506, -1, 1.0
133, 10126, 995, 231, 93, 73, 0.8565130233764648, -1, 1.0
133, 10013, 1030, 130, 88, 61, 0.5062918663024902, -1, 1.0
134, 10174, 737, 752, 472, 255, 0.9551545977592468, -1, 1.0
134, 10136, 852, 151, 101, 87, 0.9270604252815248, -1, 1.0
134, 10126, 997, 228, 92, 72, 0.8898610472679138, -1, 1.0
135, 10174, 759, 712, 437, 263, 0.972787380218506, -1, 1.0
135, 10136, 851, 154, 101, 89, 0.8926317095756531, -1, 1.0
135, 10126, 998, 224, 90, 71, 0.8695728778839111, -1, 1.0
136, 10174, 780, 675, 406, 266, 0.9552099704742432, -1, 1.0
136, 10136, 849, 158, 101, 89, 0.9091987013816832, -1, 1.0
136, 10126, 997, 221, 90, 70, 0.893259584903717, -1, 1.0
137, 10174, 796, 640, 379, 264, 0.9492051601409912, -1, 1.0
137, 10136, 845, 159, 102, 90, 0.8950220942497253, -1, 1.0
137, 10126, 998, 217, 88, 70, 0.8876615762710571, -1, 1.0
138, 10174, 811, 610, 356, 258, 0.9605047702789308, -1, 1.0
138, 10136, 842, 161, 103, 91, 0.8915400505065918, -1, 1.0
138, 10126, 999, 215, 86, 68, 0.8877246975898743, -1, 1.0
139, 10174, 825, 585, 337, 252, 0.9615882039070128, -1, 1.0
139, 10136, 842, 165, 105, 92, 0.9081353545188904, -1, 1.0
139, 10126, 1001, 213, 85, 67, 0.898815393447876, -1, 1.0
140, 10174, 839, 561, 318, 245, 0.9568125605583192, -1, 1.0
140, 10136, 839, 167, 106, 92, 0.915279507637024, -1, 1.0
140, 10126, 1003, 212, 84, 66, 0.9090131521224976, -1, 1.0
141, 10174, 850, 539, 301, 237, 0.9570674300193788, -1, 1.0
141, 10136, 836, 168, 108, 93, 0.9208155870437622, -1, 1.0
141, 10126, 1004, 210, 82, 64, 0.899334192276001, -1, 1.0
142, 10174, 861, 520, 286, 229, 0.9613507390022278, -1, 1.0
142, 10136, 832, 171, 110, 95, 0.9039585590362548, -1, 1.0
142, 10126, 1006, 208, 80, 62, 0.8772580623626709, -1, 1.0
143, 10174, 868, 502, 274, 221, 0.9648277163505554, -1, 1.0
143, 10136, 829, 174, 111, 96, 0.909962236881256, -1, 1.0
143, 10126, 1006, 204, 79, 61, 0.9011499881744384, -1, 1.0
144, 10174, 877, 487, 264, 213, 0.9584872722625732, -1, 1.0
144, 10136, 826, 176, 113, 97, 0.9216358661651612, -1, 1.0
144, 10126, 1006, 202, 78, 61, 0.9109305143356324, -1, 1.0
145, 10174, 885, 472, 254, 205, 0.9564327001571656, -1, 1.0
145, 10136, 824, 178, 115, 99, 0.9160538911819458, -1, 1.0
145, 10126, 1007, 199, 77, 60, 0.8845794200897217, -1, 1.0
146, 10174, 892, 460, 243, 198, 0.9642799496650696, -1, 1.0
146, 10136, 822, 180, 116, 101, 0.9138869643211364, -1, 1.0
146, 10126, 1009, 197, 75, 59, 0.8396640419960022, -1, 1.0
147, 10174, 900, 447, 234, 192, 0.9586787819862366, -1, 1.0
147, 10136, 819, 182, 118, 103, 0.9246636629104614, -1, 1.0
147, 10126, 1011, 196, 75, 58, 0.8922450542449951, -1, 1.0
148, 10174, 904, 434, 226, 186, 0.9587273001670836, -1, 1.0
148, 10136, 816, 185, 120, 105, 0.9310829639434814, -1, 1.0
148, 10126, 1012, 194, 74, 57, 0.9193133115768432, -1, 1.0
149, 10174, 910, 422, 218, 179, 0.9517752528190612, -1, 1.0
149, 10136, 810, 189, 123, 106, 0.91992849111557, -1, 1.0
149, 10126, 1012, 192, 73, 57, 0.914683163166046, -1, 1.0
150, 10174, 914, 412, 211, 173, 0.955216348171234, -1, 1.0
150, 10136, 807, 192, 125, 107, 0.9029768705368042, -1, 1.0
150, 10126, 1012, 190, 72, 56, 0.897829532623291, -1, 1.0
151, 10174, 920, 401, 204, 167, 0.9614389538764954, -1, 1.0
151, 10136, 802, 196, 128, 108, 0.904123604297638, -1, 1.0
151, 10126, 1012, 188, 71, 55, 0.8991172909736633, -1, 1.0
152, 10174, 924, 392, 198, 161, 0.9669967889785768, -1, 1.0
152, 10136, 799, 199, 131, 110, 0.9246705770492554, -1, 1.0
152, 10126, 1012, 185, 71, 56, 0.8894394040107727, -1, 1.0
153, 10174, 931, 384, 191, 155, 0.949290096759796, -1, 1.0
153, 10136, 796, 202, 134, 112, 0.9301160573959352, -1, 1.0
153, 10126, 1014, 182, 70, 56, 0.897208034992218, -1, 1.0
154, 10174, 936, 375, 186, 150, 0.9466354250907898, -1, 1.0
154, 10136, 794, 206, 136, 113, 0.9090697169303894, -1, 1.0
154, 10126, 1014, 180, 70, 56, 0.8765485286712646, -1, 1.0
155, 10174, 941, 366, 180, 145, 0.9530056118965148, -1, 1.0
155, 10136, 790, 210, 138, 114, 0.9401434659957886, -1, 1.0
155, 10126, 1014, 179, 70, 55, 0.917865753173828, -1, 1.0
156, 10174, 945, 360, 175, 139, 0.946380615234375, -1, 1.0
156, 10136, 785, 213, 139, 117, 0.9454693794250488, -1, 1.0
156, 10126, 1015, 177, 68, 54, 0.8696854710578918, -1, 1.0
157, 10174, 949, 351, 170, 136, 0.9534420371055604, -1, 1.0
157, 10136, 781, 216, 140, 118, 0.9491329789161682, -1, 1.0
157, 10126, 1015, 175, 68, 53, 0.8504635095596313, -1, 1.0
158, 10174, 953, 345, 165, 132, 0.9534536004066468, -1, 1.0
158, 10136, 776, 220, 142, 120, 0.9442166686058044, -1, 1.0
158, 10126, 1015, 173, 68, 53, 0.8712189793586731, -1, 1.0
159, 10174, 956, 337, 162, 129, 0.9450029730796814, -1, 1.0
159, 10136, 771, 225, 145, 122, 0.922387421131134, -1, 1.0
159, 10126, 1015, 171, 67, 52, 0.855805516242981, -1, 1.0
160, 10174, 960, 329, 157, 125, 0.9465819001197816, -1, 1.0
160, 10136, 768, 230, 146, 124, 0.926197111606598, -1, 1.0
160, 10126, 1016, 170, 66, 52, 0.852168619632721, -1, 1.0
161, 10174, 963, 323, 153, 122, 0.9503782987594604, -1, 1.0
161, 10136, 764, 234, 148, 127, 0.9364680051803588, -1, 1.0
161, 10126, 1017, 168, 65, 51, 0.8648391962051392, -1, 1.0
162, 10174, 966, 318, 149, 118, 0.9514955282211304, -1, 1.0
162, 10136, 758, 236, 150, 131, 0.9198891520500184, -1, 1.0
162, 10126, 1017, 167, 64, 50, 0.8974471092224121, -1, 1.0
163, 10174, 969, 311, 146, 114, 0.9513441920280457, -1, 1.0
163, 10136, 753, 240, 152, 133, 0.9474579691886902, -1, 1.0
163, 10126, 1017, 164, 65, 51, 0.8771353960037231, -1, 1.0
164, 10174, 970, 307, 142, 110, 0.944649577140808, -1, 1.0
164, 10136, 748, 245, 153, 135, 0.9436838626861572, -1, 1.0
164, 10126, 1017, 162, 64, 51, 0.8620617389678955, -1, 1.0
165, 10174, 972, 301, 139, 108, 0.954978883266449, -1, 1.0
165, 10136, 744, 251, 155, 137, 0.9273493885993958, -1, 1.0
165, 10126, 1016, 158, 64, 50, 0.828079342842102, -1, 1.0
166, 10174, 975, 293, 137, 106, 0.9487309455871582, -1, 1.0
166, 10136, 739, 256, 158, 140, 0.9183940887451172, -1, 1.0
166, 10126, 1018, 157, 63, 49, 0.8367334008216858, -1, 1.0
167, 10174, 977, 287, 133, 104, 0.9465155005455016, -1, 1.0
167, 10136, 733, 260, 163, 143, 0.920834481716156, -1, 1.0
167, 10126, 1019, 154, 62, 50, 0.8206937313079834, -1, 1.0
168, 10174, 979, 282, 130, 102, 0.9620267748832704, -1, 1.0
168, 10136, 727, 267, 165, 146, 0.9286073446273804, -1, 1.0
168, 10126, 1020, 152, 62, 50, 0.8119956851005554, -1, 1.0
169, 10174, 980, 277, 127, 99, 0.9548816084861756, -1, 1.0
169, 10136, 721, 273, 169, 149, 0.9201461672782898, -1, 1.0
169, 10126, 1020, 152, 61, 48, 0.7810528874397278, -1, 1.0
170, 10174, 981, 274, 123, 97, 0.9622381329536438, -1, 1.0
170, 10136, 713, 279, 172, 152, 0.9175116419792176, -1, 1.0
170, 10126, 1020, 151, 60, 48, 0.812403678894043, -1, 1.0
171, 10174, 982, 269, 120, 94, 0.9597848653793336, -1, 1.0
171, 10136, 707, 284, 174, 155, 0.9166209697723388, -1, 1.0
171, 10126, 1020, 151, 59, 47, 0.7897986769676208, -1, 1.0
172, 10174, 983, 266, 119, 93, 0.9516423344612122, -1, 1.0
172, 10136, 700, 291, 178, 158, 0.9391923546791076, -1, 1.0
172, 10126, 1020, 149, 58, 46, 0.7918828129768372, -1, 1.0
173, 10174, 984, 260, 116, 91, 0.950036883354187, -1, 1.0
173, 10136, 693, 299, 182, 161, 0.7918045520782471, -1, 1.0
173, 10126, 1021, 149, 57, 45, 0.6053206920623779, -1, 1.0
174, 10174, 986, 257, 113, 88, 0.9439504146575928, -1, 1.0
174, 10136, 686, 306, 186, 165, 0.91457998752594, -1, 1.0
174, 10126, 1022, 148, 56, 44, 0.762321412563324, -1, 1.0
175, 10174, 989, 254, 111, 86, 0.9553800225257874, -1, 1.0
175, 10136, 678, 314, 191, 170, 0.9339504837989808, -1, 1.0
175, 10126, 1023, 139, 64, 50, 0.737791121006012, -1, 1.0
176, 10174, 989, 249, 109, 84, 0.945895493030548, -1, 1.0
176, 10136, 671, 322, 195, 174, 0.9336367845535278, -1, 1.0
176, 10126, 1022, 141, 62, 50, 0.7878304719924927, -1, 1.0
177, 10174, 989, 244, 106, 83, 0.9358415007591248, -1, 1.0
177, 10136, 660, 329, 200, 179, 0.739695131778717, -1, 1.0
178, 10174, 990, 241, 103, 80, 0.8177911639213562, -1, 1.0
178, 10136, 649, 338, 205, 183, 0.6779522895812988, -1, 1.0
179, 10222, 1014, 140, 69, 56, 0.948259174823761, -1, 1.0
179, 10174, 991, 238, 102, 79, 0.7842550277709961, -1, 1.0
179, 10136, 637, 346, 212, 188, 0.7247698307037354, -1, 1.0
180, 10222, 1014, 139, 70, 57, 0.94538414478302, -1, 1.0
180, 10224, 891, 142, 63, 52, 0.9406053423881532, -1, 1.0
180, 10174, 992, 235, 100, 77, 0.8052682876586914, -1, 1.0
180, 10136, 626, 357, 218, 192, 0.7205330729484558, -1, 1.0
181, 10222, 1014, 136, 71, 59, 0.9461432099342346, -1, 1.0
181, 10224, 889, 140, 64, 53, 0.9299418926239014, -1, 1.0
181, 10174, 993, 232, 98, 75, 0.7505819797515869, -1, 1.0
181, 10136, 615, 367, 223, 197, 0.6966482400894165, -1, 1.0
182, 10222, 1014, 135, 72, 60, 0.944349765777588, -1, 1.0
182, 10224, 888, 143, 65, 52, 0.9266135096549988, -1, 1.0
182, 10174, 995, 229, 97, 74, 0.7650289535522461, -1, 1.0
182, 10136, 604, 378, 228, 203, 0.7500385642051697, -1, 1.0
183, 10222, 1014, 135, 72, 59, 0.944629430770874, -1, 1.0
183, 10224, 885, 143, 66, 52, 0.9323835372924804, -1, 1.0
183, 10174, 995, 226, 96, 73, 0.771461546421051, -1, 1.0
183, 10136, 591, 390, 235, 208, 0.7415239810943604, -1, 1.0
184, 10222, 1015, 137, 70, 57, 0.95370751619339, -1, 1.0
184, 10224, 884, 142, 67, 53, 0.9091846942901612, -1, 1.0
184, 10174, 995, 222, 94, 71, 0.7683345079421997, -1, 1.0
184, 10136, 577, 402, 241, 214, 0.7595522999763489, -1, 1.0
185, 10222, 1017, 132, 75, 61, 0.9446742534637452, -1, 1.0
185, 10224, 882, 141, 68, 54, 0.9222769737243652, -1, 1.0
185, 10174, 996, 219, 92, 70, 0.7637891173362732, -1, 1.0
185, 10136, 562, 413, 247, 221, 0.6932136416435242, -1, 1.0
186, 10222, 1016, 136, 74, 59, 0.9458962678909302, -1, 1.0
186, 10224, 881, 140, 69, 54, 0.9006028175354004, -1, 1.0
186, 10174, 997, 217, 91, 68, 0.8047842383384705, -1, 1.0
186, 10136, 545, 423, 256, 230, 0.780562162399292, -1, 1.0
187, 10222, 1017, 137, 73, 59, 0.9668664932250975, -1, 1.0
187, 10224, 880, 141, 69, 55, 0.917086660861969, -1, 1.0
187, 10174, 999, 216, 89, 66, 0.813030481338501, -1, 1.0
187, 10136, 529, 440, 264, 237, 0.7916832566261292, -1, 1.0
188, 10222, 1015, 137, 74, 60, 0.9566391706466676, -1, 1.0
188, 10224, 879, 142, 70, 55, 0.912492036819458, -1, 1.0
188, 10174, 1001, 213, 87, 64, 0.8051897883415222, -1, 1.0
188, 10136, 511, 456, 274, 243, 0.7857120037078857, -1, 1.0
189, 10222, 1014, 138, 74, 59, 0.960824489593506, -1, 1.0
189, 10224, 877, 141, 71, 56, 0.8839841485023499, -1, 1.0
189, 10174, 1002, 209, 85, 63, 0.7844213247299194, -1, 1.0
189, 10136, 492, 470, 284, 253, 0.7577170133590698, -1, 1.0
190, 10222, 1013, 140, 73, 57, 0.9579286575317384, -1, 1.0
190, 10224, 874, 141, 73, 57, 0.8991093039512634, -1, 1.0
190, 10174, 1003, 206, 83, 62, 0.8041272759437561, -1, 1.0
190, 10136, 471, 488, 293, 262, 0.7261237502098083, -1, 1.0
191, 10222, 1013, 143, 73, 55, 0.9600913524627686, -1, 1.0
191, 10224, 872, 142, 74, 58, 0.892404317855835, -1, 1.0
191, 10174, 1004, 204, 82, 60, 0.8314583897590637, -1, 1.0
191, 10136, 449, 506, 303, 272, 0.6032557487487793, -1, 1.0
192, 10224, 870, 143, 74, 57, 0.956261932849884, -1, 1.0
192, 10174, 1005, 203, 79, 59, 0.9116352796554564, -1, 1.0
192, 10136, 424, 523, 315, 285, 0.8395102620124817, -1, 1.0
193, 10224, 868, 143, 74, 58, 0.9595227241516112, -1, 1.0
193, 10174, 1006, 200, 78, 58, 0.8857473134994507, -1, 1.0
193, 10136, 396, 544, 328, 296, 0.8650912046432495, -1, 1.0
194, 10224, 868, 143, 75, 59, 0.9543423056602478, -1, 1.0
194, 10174, 1008, 198, 78, 57, 0.9085330367088318, -1, 1.0
194, 10136, 364, 566, 345, 309, 0.8551012277603149, -1, 1.0
195, 10224, 866, 144, 75, 60, 0.9448195695877076, -1, 1.0
195, 10174, 1008, 188, 79, 60, 0.9052894115447998, -1, 1.0
195, 10136, 331, 591, 362, 323, 0.8388617038726807, -1, 1.0
196, 10224, 864, 145, 76, 61, 0.9705110192298888, -1, 1.0
196, 10174, 1008, 181, 79, 63, 0.9063531160354614, -1, 1.0
196, 10136, 296, 618, 378, 336, 0.8781571984291077, -1, 1.0
197, 10224, 861, 145, 76, 63, 0.9552168250083924, -1, 1.0
197, 10174, 1008, 177, 79, 65, 0.9004097580909729, -1, 1.0
197, 10136, 258, 650, 397, 352, 0.867599606513977, -1, 1.0
198, 10224, 859, 147, 77, 63, 0.942064881324768, -1, 1.0
198, 10174, 1009, 175, 78, 65, 0.90446937084198, -1, 1.0
198, 10136, 216, 681, 417, 369, 0.8930803537368774, -1, 1.0
199, 10224, 858, 149, 78, 63, 0.9631385207176208, -1, 1.0
199, 10174, 1009, 175, 77, 64, 0.9015758633613586, -1, 1.0
199, 10136, 173, 704, 438, 370, 0.8992795348167419, -1, 1.0
200, 10224, 857, 149, 79, 64, 0.9305586814880372, -1, 1.0
200, 10174, 1011, 173, 76, 64, 0.9214082956314088, -1, 1.0
200, 10136, 125, 732, 462, 347, 0.8895678520202637, -1, 1.0
201, 10224, 857, 150, 80, 66, 0.9535157084465028, -1, 1.0
201, 10174, 1012, 172, 75, 63, 0.9204988479614258, -1, 1.0
201, 10136, 68, 763, 492, 316, 0.8349895477294922, -1, 1.0
202, 10224, 857, 152, 80, 67, 0.9270321130752563, -1, 1.0
202, 10174, 1013, 171, 74, 62, 0.917953610420227, -1, 1.0
202, 10136, 37, 802, 511, 277, 0.8660733699798584, -1, 1.0
203, 10224, 854, 155, 80, 66, 0.8957170844078064, -1, 1.0
203, 10174, 1013, 170, 73, 60, 0.887179970741272, -1, 1.0
203, 10136, 0, 848, 528, 231, 0.8742287755012512, -1, 1.0
204, 10224, 852, 158, 80, 66, 0.8806049227714539, -1, 1.0
204, 10174, 1014, 170, 72, 57, 0.878917396068573, -1, 1.0
204, 10136, 0, 902, 494, 177, 0.8676665425300598, -1, 1.0
205, 10224, 850, 159, 80, 65, 0.8761851191520691, -1, 1.0
205, 10174, 1014, 167, 71, 56, 0.8667374849319458, -1, 1.0
205, 10136, 0, 946, 496, 133, 0.7129743695259094, -1, 1.0
206, 10224, 849, 162, 79, 65, 0.8633520007133484, -1, 1.0
206, 10174, 1014, 165, 70, 55, 0.8590299487113953, -1, 1.0
207, 10224, 850, 165, 80, 65, 0.8897717595100403, -1, 1.0
207, 10174, 1015, 165, 70, 54, 0.8633166551589966, -1, 1.0
208, 10224, 848, 167, 80, 65, 0.8704354166984558, -1, 1.0
208, 10174, 1016, 164, 69, 54, 0.8360683917999268, -1, 1.0
209, 10224, 846, 169, 81, 65, 0.8585583567619324, -1, 1.0
209, 10174, 1016, 163, 68, 53, 0.8387278318405151, -1, 1.0
210, 10224, 845, 169, 82, 67, 0.8705435395240784, -1, 1.0
210, 10174, 1016, 159, 67, 52, 0.8245834112167358, -1, 1.0
211, 10224, 842, 171, 83, 67, 0.8961999416351318, -1, 1.0
211, 10174, 1014, 157, 67, 51, 0.8314242362976074, -1, 1.0
212, 10224, 840, 173, 84, 67, 0.9062759280204772, -1, 1.0
212, 10174, 1013, 153, 67, 52, 0.8683077096939087, -1, 1.0
213, 10224, 838, 175, 85, 68, 0.9127256870269777, -1, 1.0
213, 10174, 1015, 153, 67, 51, 0.8603323101997375, -1, 1.0
214, 10224, 837, 177, 86, 69, 0.904816210269928, -1, 1.0
214, 10174, 1015, 150, 66, 51, 0.8448590636253357, -1, 1.0
215, 10224, 837, 179, 87, 70, 0.8768717646598816, -1, 1.0
215, 10174, 1016, 150, 65, 51, 0.8387048244476318, -1, 1.0
216, 10224, 836, 181, 87, 71, 0.9072886109352112, -1, 1.0
216, 10174, 1015, 148, 64, 49, 0.8112214803695679, -1, 1.0
217, 10224, 833, 183, 88, 71, 0.9005537033081055, -1, 1.0
217, 10174, 1015, 148, 62, 47, 0.8258488178253174, -1, 1.0
218, 10224, 831, 186, 88, 71, 0.8788599371910095, -1, 1.0
218, 10174, 1015, 147, 62, 47, 0.8476892113685608, -1, 1.0
219, 10224, 830, 189, 88, 71, 0.8992367386817932, -1, 1.0
219, 10174, 1015, 145, 62, 48, 0.8584117889404297, -1, 1.0
220, 10224, 829, 192, 89, 71, 0.8802871108055115, -1, 1.0
220, 10174, 1015, 143, 62, 48, 0.8367446064949036, -1, 1.0
221, 10260, 901, 152, 65, 43, 0.885516345500946, -1, 1.0
221, 10224, 828, 196, 90, 70, 0.8543169498443604, -1, 1.0
221, 10174, 1015, 141, 62, 50, 0.5909380316734314, -1, 1.0
222, 10224, 827, 199, 91, 70, 0.8773295283317566, -1, 1.0
222, 10174, 1016, 141, 61, 49, 0.8315193057060242, -1, 1.0
223, 10224, 825, 201, 91, 70, 0.8576235175132751, -1, 1.0
223, 10174, 1017, 144, 59, 47, 0.8210914731025696, -1, 1.0
224, 10260, 899, 145, 66, 49, 0.8766551613807678, -1, 1.0
224, 10224, 823, 202, 92, 71, 0.8261411786079407, -1, 1.0
224, 10174, 1016, 143, 59, 48, 0.5648173093795776, -1, 1.0
225, 10224, 821, 204, 92, 71, 0.8469924330711365, -1, 1.0
225, 10174, 1013, 135, 61, 51, 0.8371896147727966, -1, 1.0
226, 10224, 820, 205, 93, 72, 0.8620257377624512, -1, 1.0
226, 10174, 1014, 136, 61, 51, 0.8406201601028442, -1, 1.0
227, 10260, 897, 143, 66, 51, 0.8740012645721436, -1, 1.0
227, 10224, 819, 207, 93, 74, 0.7955288887023926, -1, 1.0
227, 10174, 1015, 136, 61, 52, 0.6511133909225464, -1, 1.0
228, 10260, 898, 143, 65, 51, 0.8823938965797424, -1, 1.0
228, 10224, 817, 210, 94, 75, 0.7851529121398926, -1, 1.0
228, 10174, 1016, 136, 60, 52, 0.6773531436920166, -1, 1.0
229, 10260, 898, 143, 65, 52, 0.9046670198440552, -1, 1.0
229, 10224, 814, 212, 96, 77, 0.8175872564315796, -1, 1.0
229, 10174, 1016, 133, 62, 54, 0.6135671734809875, -1, 1.0
230, 10260, 897, 140, 68, 54, 0.8985924124717712, -1, 1.0
230, 10224, 811, 213, 99, 79, 0.7948607206344604, -1, 1.0
230, 10174, 1016, 135, 62, 53, 0.5899019241333008, -1, 1.0
231, 10260, 895, 140, 67, 54, 0.8956286311149597, -1, 1.0
231, 10224, 808, 215, 99, 79, 0.777830958366394, -1, 1.0
231, 10174, 1016, 136, 61, 53, 0.5918704271316528, -1, 1.0
232, 10260, 892, 138, 70, 56, 0.9051156044006348, -1, 1.0
232, 10224, 806, 218, 101, 80, 0.7967426180839539, -1, 1.0
232, 10174, 1015, 135, 61, 53, 0.7162340879440308, -1, 1.0
233, 10260, 890, 137, 71, 57, 0.9030957221984864, -1, 1.0
233, 10224, 804, 221, 102, 81, 0.7594125866889954, -1, 1.0
233, 10174, 1017, 137, 60, 52, 0.6427128314971924, -1, 1.0
234, 10260, 890, 135, 72, 59, 0.93149334192276, -1, 1.0
234, 10224, 803, 224, 103, 84, 0.7669975757598877, -1, 1.0
234, 10174, 1016, 137, 61, 52, 0.7583830952644348, -1, 1.0
235, 10260, 890, 134, 74, 60, 0.9161134362220764, -1, 1.0
235, 10224, 801, 227, 104, 85, 0.7566031813621521, -1, 1.0
235, 10174, 1016, 137, 61, 52, 0.6711851358413696, -1, 1.0
236, 10260, 888, 132, 75, 62, 0.9015198349952698, -1, 1.0
236, 10224, 798, 230, 105, 85, 0.7558061480522156, -1, 1.0
236, 10174, 1016, 138, 61, 51, 0.6179899573326111, -1, 1.0
237, 10260, 885, 134, 77, 62, 0.9446426630020142, -1, 1.0
237, 10224, 794, 233, 106, 86, 0.7590218782424927, -1, 1.0
237, 10174, 1016, 140, 60, 49, 0.7129751443862915, -1, 1.0
238, 10260, 883, 134, 78, 62, 0.9367486834526062, -1, 1.0
238, 10224, 792, 235, 107, 88, 0.8846589922904968, -1, 1.0
238, 10174, 1017, 140, 59, 49, 0.7533036470413208, -1, 1.0
239, 10275, 669, 939, 538, 118, 0.9336831569671632, -1, 1.0
239, 10260, 881, 134, 79, 62, 0.912525713443756, -1, 1.0
239, 10224, 788, 239, 108, 88, 0.7582547664642334, -1, 1.0
239, 10174, 1017, 143, 58, 47, 0.7294909954071045, -1, 1.0
240, 10275, 676, 902, 540, 147, 0.9619246125221252, -1, 1.0
240, 10260, 880, 135, 80, 61, 0.9328849911689758, -1, 1.0
240, 10224, 784, 241, 110, 90, 0.8023544549942017, -1, 1.0
240, 10174, 1017, 142, 59, 48, 0.7756184339523315, -1, 1.0
241, 10275, 687, 866, 529, 175, 0.9512996673583984, -1, 1.0
241, 10260, 880, 136, 80, 61, 0.9328184723854064, -1, 1.0
241, 10224, 782, 244, 111, 92, 0.7364885210990906, -1, 1.0
241, 10174, 1018, 139, 60, 49, 0.7316229343414307, -1, 1.0
242, 10275, 700, 830, 511, 204, 0.9607478976249696, -1, 1.0
242, 10260, 879, 135, 81, 63, 0.90878826379776, -1, 1.0
242, 10224, 779, 248, 113, 94, 0.7691791653633118, -1, 1.0
242, 10174, 1017, 144, 59, 46, 0.6233549118041992, -1, 1.0
243, 10275, 723, 791, 480, 226, 0.9587873816490172, -1, 1.0
243, 10260, 877, 135, 82, 64, 0.9167113304138184, -1, 1.0
243, 10224, 774, 251, 115, 96, 0.8241746425628662, -1, 1.0
243, 10174, 1018, 147, 57, 44, 0.5795004367828369, -1, 1.0
244, 10275, 744, 749, 445, 240, 0.9507483839988708, -1, 1.0
244, 10260, 876, 134, 83, 65, 0.9205566048622132, -1, 1.0
244, 10224, 771, 256, 116, 97, 0.8342713713645935, -1, 1.0
244, 10174, 1020, 149, 54, 42, 0.5920026898384094, -1, 1.0
245, 10275, 764, 710, 412, 249, 0.9689441919326782, -1, 1.0
245, 10260, 873, 135, 84, 65, 0.9440383911132812, -1, 1.0
245, 10224, 767, 260, 117, 98, 0.850555956363678, -1, 1.0
246, 10275, 783, 674, 382, 253, 0.9527762532234192, -1, 1.0
246, 10260, 872, 135, 84, 66, 0.9487958550453186, -1, 1.0
246, 10224, 763, 263, 119, 99, 0.8393572568893433, -1, 1.0
247, 10275, 800, 643, 357, 254, 0.959030032157898, -1, 1.0
247, 10260, 869, 135, 87, 68, 0.9478532075881958, -1, 1.0
247, 10224, 759, 267, 121, 101, 0.8568304181098938, -1, 1.0
248, 10275, 814, 614, 335, 250, 0.9598629474639891, -1, 1.0
248, 10260, 869, 135, 88, 70, 0.9453065991401672, -1, 1.0
248, 10224, 755, 271, 123, 102, 0.8687967658042908, -1, 1.0
249, 10275, 828, 589, 317, 246, 0.9617497324943542, -1, 1.0
249, 10260, 868, 137, 89, 72, 0.9362100958824158, -1, 1.0
249, 10224, 752, 277, 125, 103, 0.8918759822845459, -1, 1.0
250, 10275, 837, 565, 300, 241, 0.9576176404953004, -1, 1.0
250, 10260, 866, 139, 89, 73, 0.9418562650680542, -1, 1.0
250, 10224, 748, 281, 126, 104, 0.9052175879478456, -1, 1.0
251, 10275, 847, 544, 285, 234, 0.958314061164856, -1, 1.0
251, 10260, 863, 140, 89, 73, 0.945247232913971, -1, 1.0
251, 10224, 742, 285, 129, 106, 0.8931626081466675, -1, 1.0
252, 10275, 856, 527, 271, 227, 0.9581037163734436, -1, 1.0
252, 10260, 861, 142, 90, 72, 0.9473435878753662, -1, 1.0
252, 10224, 736, 289, 131, 108, 0.8785655498504639, -1, 1.0
253, 10275, 864, 510, 259, 220, 0.9550347328186036, -1, 1.0
253, 10260, 859, 145, 90, 72, 0.9322324395179749, -1, 1.0
253, 10224, 731, 293, 134, 110, 0.8557531833648682, -1, 1.0
254, 10275, 872, 493, 250, 213, 0.9577553868293762, -1, 1.0
254, 10260, 858, 147, 90, 74, 0.949584424495697, -1, 1.0
254, 10224, 726, 298, 136, 112, 0.8913652300834656, -1, 1.0
255, 10275, 879, 480, 240, 205, 0.9630163311958312, -1, 1.0
255, 10260, 856, 149, 90, 74, 0.9542328119277954, -1, 1.0
255, 10224, 721, 304, 138, 113, 0.8539998531341553, -1, 1.0
256, 10275, 887, 467, 230, 199, 0.9564257264137268, -1, 1.0
256, 10260, 855, 150, 89, 75, 0.9356422424316406, -1, 1.0
256, 10224, 714, 308, 141, 116, 0.8761469721794128, -1, 1.0
257, 10275, 894, 454, 221, 193, 0.9543368220329284, -1, 1.0
257, 10260, 853, 153, 88, 74, 0.9436529874801636, -1, 1.0
257, 10224, 709, 314, 143, 118, 0.8576770424842834, -1, 1.0
258, 10275, 900, 442, 211, 186, 0.9452427625656128, -1, 1.0
258, 10260, 850, 155, 89, 75, 0.937264084815979, -1, 1.0
258, 10224, 703, 319, 146, 120, 0.903798758983612, -1, 1.0
259, 10275, 905, 430, 205, 180, 0.9574811458587646, -1, 1.0
259, 10260, 848, 157, 89, 75, 0.9476273059844972, -1, 1.0
259, 10224, 695, 324, 149, 123, 0.8736432194709778, -1, 1.0
260, 10275, 909, 419, 200, 174, 0.9559049606323242, -1, 1.0
260, 10260, 847, 160, 89, 76, 0.9460212588310242, -1, 1.0
260, 10224, 689, 331, 151, 124, 0.895794153213501, -1, 1.0
261, 10275, 916, 408, 193, 169, 0.9536282420158386, -1, 1.0
261, 10260, 846, 162, 89, 77, 0.9475502371788024, -1, 1.0
261, 10224, 683, 336, 153, 127, 0.8955795764923096, -1, 1.0
262, 10275, 919, 400, 188, 163, 0.9547616243362428, -1, 1.0
262, 10260, 845, 163, 90, 78, 0.9485976099967957, -1, 1.0
262, 10224, 676, 342, 156, 130, 0.9191532731056212, -1, 1.0
263, 10275, 923, 391, 182, 158, 0.9506868720054626, -1, 1.0
263, 10260, 841, 165, 92, 79, 0.9462088346481324, -1, 1.0
263, 10224, 670, 348, 159, 132, 0.9074609279632568, -1, 1.0
264, 10275, 928, 382, 176, 153, 0.949504017829895, -1, 1.0
264, 10260, 838, 167, 94, 80, 0.9447691440582277, -1, 1.0
264, 10224, 664, 355, 161, 135, 0.918616771697998, -1, 1.0
265, 10275, 932, 374, 172, 149, 0.9487314820289612, -1, 1.0
265, 10260, 835, 168, 96, 82, 0.9374717473983764, -1, 1.0
265, 10224, 654, 362, 164, 137, 0.9105904698371888, -1, 1.0
266, 10275, 934, 367, 168, 145, 0.9459607601165771, -1, 1.0
266, 10260, 832, 171, 98, 82, 0.9393064975738524, -1, 1.0
266, 10224, 645, 369, 168, 139, 0.9047993421554564, -1, 1.0
267, 10275, 938, 360, 164, 141, 0.948791801929474, -1, 1.0
267, 10260, 830, 171, 100, 84, 0.9344005584716796, -1, 1.0
267, 10224, 637, 378, 171, 143, 0.8960663676261902, -1, 1.0
268, 10275, 941, 353, 159, 136, 0.9493562579154968, -1, 1.0
268, 10260, 828, 172, 102, 87, 0.932385265827179, -1, 1.0
268, 10224, 630, 386, 174, 145, 0.8980453014373779, -1, 1.0
269, 10275, 944, 347, 156, 132, 0.9430187344551086, -1, 1.0
269, 10260, 825, 175, 103, 88, 0.9402463436126708, -1, 1.0
269, 10224, 621, 394, 177, 148, 0.8885700702667236, -1, 1.0
270, 10275, 947, 338, 152, 130, 0.963420271873474, -1, 1.0
270, 10260, 822, 177, 103, 89, 0.9402744770050048, -1, 1.0
270, 10224, 611, 402, 182, 152, 0.9231840372085572, -1, 1.0
271, 10275, 949, 331, 149, 127, 0.9506288766860962, -1, 1.0
271, 10260, 819, 180, 104, 90, 0.94371098279953, -1, 1.0
271, 10224, 600, 410, 186, 157, 0.9293814301490784, -1, 1.0
272, 10275, 952, 325, 146, 124, 0.9529192447662354, -1, 1.0
272, 10260, 816, 184, 105, 90, 0.943118691444397, -1, 1.0
272, 10224, 591, 418, 191, 161, 0.930793821811676, -1, 1.0
273, 10275, 954, 320, 143, 121, 0.960834503173828, -1, 1.0
273, 10260, 813, 189, 106, 89, 0.9522000551223756, -1, 1.0
273, 10224, 581, 429, 194, 165, 0.9179556369781494, -1, 1.0
274, 10275, 957, 314, 139, 118, 0.9593267440795898, -1, 1.0
274, 10260, 811, 192, 107, 90, 0.9527524709701538, -1, 1.0
274, 10224, 570, 440, 199, 168, 0.9132373929023744, -1, 1.0
275, 10275, 960, 309, 136, 115, 0.9482707381248474, -1, 1.0
275, 10260, 809, 196, 109, 90, 0.946617066860199, -1, 1.0
275, 10224, 560, 451, 202, 172, 0.8884172439575195, -1, 1.0
276, 10275, 961, 304, 134, 112, 0.9486358165740968, -1, 1.0
276, 10260, 806, 198, 110, 91, 0.9384199380874634, -1, 1.0
276, 10224, 547, 461, 208, 177, 0.8784465789794922, -1, 1.0
277, 10275, 963, 298, 132, 110, 0.9587129354476928, -1, 1.0
277, 10260, 803, 200, 110, 93, 0.94174724817276, -1, 1.0
277, 10224, 534, 475, 212, 181, 0.9074122309684752, -1, 1.0
278, 10275, 964, 292, 129, 108, 0.9502623081207277, -1, 1.0
278, 10260, 800, 203, 112, 94, 0.9488896727561952, -1, 1.0
278, 10224, 520, 487, 218, 185, 0.8972545862197876, -1, 1.0
279, 10275, 966, 287, 126, 106, 0.9514985084533693, -1, 1.0
279, 10260, 797, 207, 112, 94, 0.9415642619132996, -1, 1.0
279, 10224, 505, 501, 223, 190, 0.8927582502365112, -1, 1.0
280, 10275, 970, 283, 124, 104, 0.9537378549575806, -1, 1.0
280, 10260, 793, 210, 113, 95, 0.9509024024009703, -1, 1.0
280, 10224, 491, 514, 229, 196, 0.9198411107063292, -1, 1.0
281, 10275, 973, 278, 121, 102, 0.964731514453888, -1, 1.0
281, 10260, 790, 214, 116, 96, 0.9431355595588684, -1, 1.0
281, 10224, 475, 528, 237, 202, 0.9314796924591064, -1, 1.0
